contig_1_22A1L9-1	4391597	19	60	61
contig_2_22A1L9-1	8331	4464829	60	61
contig_3_22A1L9-1	14209	4473318	60	61
contig_4_22A1L9-1	34916	4487783	60	61
contig_1_22A1L9-2	145183	19	60	61
contig_2_22A1L9-2	137399	147641	60	61
contig_3_22A1L9-2	29235	287349	60	61
contig_4_22A1L9-2	4089501	317091	60	61
contig_5_22A1L9-2	8342	4474770	60	61
contig_7_22A1L9-2	14194	4483271	60	61
contig_8_22A1L9-2	17470	4497721	60	61
contig_1_22A1L9-3	17463	19	60	61
contig_2_22A1L9-3	4395991	17793	60	61
contig_3_22A1L9-3	14230	4487070	60	61
contig_4_22A1L9-3	8357	4501557	60	61
contig_1_22A1L9-4	105699	19	60	61
contig_10_22A1L9-4	70184	107500	60	61
contig_11_22A1L9-4	86153	178874	60	61
contig_12_22A1L9-4	69671	266483	60	61
contig_13_22A1L9-4	154716	337336	60	61
contig_14_22A1L9-4	71300	494651	60	61
contig_15_22A1L9-4	39395	567160	60	61
contig_16_22A1L9-4	14746	607232	60	61
contig_17_22A1L9-4	33522	622244	60	61
contig_18_22A1L9-4	49262	656345	60	61
contig_19_22A1L9-4	97424	706449	60	61
contig_2_22A1L9-4	30782	805516	60	61
contig_20_22A1L9-4	25730	836832	60	61
contig_21_22A1L9-4	22799	863011	60	61
contig_22_22A1L9-4	101547	886210	60	61
contig_23_22A1L9-4	69969	989470	60	61
contig_24_22A1L9-4	22505	1060626	60	61
contig_25_22A1L9-4	15293	1083527	60	61
contig_26_22A1L9-4	80284	1099095	60	61
contig_27_22A1L9-4	20455	1180738	60	61
contig_28_22A1L9-4	69572	1201554	60	61
contig_29_22A1L9-4	41820	1272306	60	61
contig_30_22A1L9-4	131493	1314843	60	61
contig_31_22A1L9-4	8389	1448548	60	61
contig_32_22A1L9-4	27996	1457097	60	61
contig_33_22A1L9-4	34726	1485580	60	61
contig_34_22A1L9-4	4054	1520905	60	61
contig_35_22A1L9-4	8859	1525047	60	61
contig_36_22A1L9-4	89523	1534074	60	61
contig_37_22A1L9-4	8328	1625110	60	61
contig_38_22A1L9-4	29982	1633597	60	61
contig_39_22A1L9-4	28094	1664099	60	61
contig_4_22A1L9-4	128087	1692681	60	61
contig_40_22A1L9-4	161365	1822923	60	61
contig_41_22A1L9-4	30808	1986998	60	61
contig_42_22A1L9-4	49543	2018340	60	61
contig_43_22A1L9-4	65615	2068729	60	61
contig_44_22A1L9-4	229228	2135458	60	61
contig_45_22A1L9-4	122099	2368527	60	61
contig_46_22A1L9-4	25042	2492681	60	61
contig_47_22A1L9-4	49528	2518161	60	61
contig_48_22A1L9-4	86925	2568535	60	61
contig_49_22A1L9-4	57043	2656929	60	61
contig_5_22A1L9-4	131974	2714942	60	61
contig_6_22A1L9-4	39369	2849135	60	61
contig_7_22A1L9-4	14628	2889180	60	61
contig_8_22A1L9-4	53977	2904071	60	61
contig_9_22A1L9-4	293116	2958967	60	61
contig_2_22A1L9-5	3266038	19	60	61
contig_3_22A1L9-5	1047471	3320510	60	61
contig_1_22A1NFb-1	18820	20	60	61
contig_10_22A1NFb-1	86074	19175	60	61
contig_11_22A1NFb-1	14110	106705	60	61
contig_12_22A1NFb-1	16781	121072	60	61
contig_13_22A1NFb-1	10574	138154	60	61
contig_14_22A1NFb-1	11340	148926	60	61
contig_15_22A1NFb-1	29768	160476	60	61
contig_16_22A1NFb-1	14143	190762	60	61
contig_17_22A1NFb-1	65931	205162	60	61
contig_18_22A1NFb-1	120082	272213	60	61
contig_19_22A1NFb-1	26420	394318	60	61
contig_2_22A1NFb-1	377591	421199	60	61
contig_20_22A1NFb-1	38135	805105	60	61
contig_21_22A1NFb-1	89928	843897	60	61
contig_22_22A1NFb-1	66431	935345	60	61
contig_23_22A1NFb-1	8507	1002905	60	61
contig_24_22A1NFb-1	17202	1011575	60	61
contig_25_22A1NFb-1	24098	1029085	60	61
contig_26_22A1NFb-1	63066	1053606	60	61
contig_27_22A1NFb-1	52856	1117745	60	61
contig_28_22A1NFb-1	41380	1171503	60	61
contig_29_22A1NFb-1	3797	1213594	60	61
contig_3_22A1NFb-1	159246	1217475	60	61
contig_30_22A1NFb-1	77284	1379397	60	61
contig_31_22A1NFb-1	40721	1457991	60	61
contig_32_22A1NFb-1	127566	1499412	60	61
contig_33_22A1NFb-1	147141	1629126	60	61
contig_34_22A1NFb-1	247069	1778741	60	61
contig_35_22A1NFb-1	214645	2029949	60	61
contig_36_22A1NFb-1	33710	2248193	60	61
contig_37_22A1NFb-1	70407	2282486	60	61
contig_38_22A1NFb-1	56673	2354088	60	61
contig_39_22A1NFb-1	63268	2411727	60	61
contig_4_22A1NFb-1	52747	2476070	60	61
contig_40_22A1NFb-1	52898	2529718	60	61
contig_41_22A1NFb-1	69718	2583519	60	61
contig_5_22A1NFb-1	226593	2654419	60	61
contig_6_22A1NFb-1	170075	2884809	60	61
contig_7_22A1NFb-1	90204	3057739	60	61
contig_8_22A1NFb-1	177934	3149467	60	61
contig_9_22A1NFb-1	94918	3330387	60	61
contig_1_22A1NFb-2	3671609	20	60	61
contig_1_22A1NFb-3	22609	20	60	61
contig_10_22A1NFb-3	26732	23027	60	61
contig_11_22A1NFb-3	40721	50226	60	61
contig_12_22A1NFb-3	14476	91647	60	61
contig_13_22A1NFb-3	77533	106386	60	61
contig_14_22A1NFb-3	97439	185233	60	61
contig_15_22A1NFb-3	67353	284317	60	61
contig_16_22A1NFb-3	254887	352814	60	61
contig_17_22A1NFb-3	97301	611971	60	61
contig_18_22A1NFb-3	100347	710915	60	61
contig_19_22A1NFb-3	43407	812956	60	61
contig_2_22A1NFb-3	159060	857107	60	61
contig_20_22A1NFb-3	55207	1018839	60	61
contig_21_22A1NFb-3	52604	1074988	60	61
contig_22_22A1NFb-3	96275	1128490	60	61
contig_23_22A1NFb-3	20501	1226391	60	61
contig_24_22A1NFb-3	19589	1247255	60	61
contig_25_22A1NFb-3	26443	1267192	60	61
contig_26_22A1NFb-3	7471	1294097	60	61
contig_27_22A1NFb-3	20518	1301714	60	61
contig_28_22A1NFb-3	18923	1322595	60	61
contig_29_22A1NFb-3	68325	1341855	60	61
contig_3_22A1NFb-3	49762	1411339	60	61
contig_30_22A1NFb-3	45042	1461952	60	61
contig_31_22A1NFb-3	6928	1507766	60	61
contig_32_22A1NFb-3	23785	1514831	60	61
contig_33_22A1NFb-3	18323	1539034	60	61
contig_34_22A1NFb-3	129004	1557684	60	61
contig_35_22A1NFb-3	36576	1688860	60	61
contig_36_22A1NFb-3	82989	1726067	60	61
contig_37_22A1NFb-3	48170	1810461	60	61
contig_38_22A1NFb-3	324571	1859455	60	61
contig_39_22A1NFb-3	361625	2189457	60	61
contig_4_22A1NFb-3	23299	2557130	60	61
contig_40_22A1NFb-3	14790	2580839	60	61
contig_41_22A1NFb-3	54850	2595897	60	61
contig_42_22A1NFb-3	100558	2651683	60	61
contig_43_22A1NFb-3	46646	2753938	60	61
contig_5_22A1NFb-3	58452	2801382	60	61
contig_6_22A1NFb-3	95595	2860829	60	61
contig_7_22A1NFb-3	59991	2958038	60	61
contig_8_22A1NFb-3	26480	3019049	60	61
contig_9_22A1NFb-3	63583	3045991	60	61
contig_1_22A1PE-10	3577955	20	60	61
contig_1_22A1PE-11	4257326	20	60	61
contig_2_22A1PE-11	83082	4328322	60	61
contig_3_22A1PE-11	134370	4412809	60	61
contig_1_22A1PE-12	3401158	20	60	61
contig_1_22A1PE-1	3340004	19	60	61
contig_1_22A1PE-2	6316634	19	60	61
contig_3_22A1PE-2	6866	6421950	60	61
contig_1_22A1PE-3	83112	19	60	61
contig_2_22A1PE-3	8912	84536	60	61
contig_3_22A1PE-3	18933	93616	60	61
contig_4_22A1PE-3	5707	112884	60	61
contig_5_22A1PE-3	4257955	118706	60	61
contig_6_22A1PE-3	6884	4447646	60	61
contig_7_22A1PE-3	76345	4454664	60	61
contig_8_22A1PE-3	23731	4532301	60	61
contig_1_22A1PE-4	3366367	19	60	61
contig_1_22A1PE-5	3382000	19	60	61
contig_1_22A1PE-6	4934	19	60	61
contig_10_22A1PE-6	15663	5056	60	61
contig_100_22A1PE-6	7934	21002	60	61
contig_101_22A1PE-6	2536	29090	60	61
contig_102_22A1PE-6	4248	31690	60	61
contig_103_22A1PE-6	3212	36030	60	61
contig_104_22A1PE-6	10341	39317	60	61
contig_105_22A1PE-6	39723	49852	60	61
contig_106_22A1PE-6	4387	90259	60	61
contig_107_22A1PE-6	4804	94741	60	61
contig_108_22A1PE-6	8586	99647	60	61
contig_109_22A1PE-6	10307	108398	60	61
contig_11_22A1PE-6	5448	118897	60	61
contig_110_22A1PE-6	1221	124457	60	61
contig_111_22A1PE-6	11602	125720	60	61
contig_112_22A1PE-6	9463	137537	60	61
contig_113_22A1PE-6	2266	147179	60	61
contig_114_22A1PE-6	5039	149504	60	61
contig_115_22A1PE-6	8273	154648	60	61
contig_116_22A1PE-6	10736	163080	60	61
contig_117_22A1PE-6	12322	174016	60	61
contig_118_22A1PE-6	2979	186565	60	61
contig_119_22A1PE-6	7624	189615	60	61
contig_12_22A1PE-6	15764	197387	60	61
contig_120_22A1PE-6	4154	213435	60	61
contig_121_22A1PE-6	18865	217680	60	61
contig_122_22A1PE-6	7914	236881	60	61
contig_123_22A1PE-6	3868	244948	60	61
contig_124_22A1PE-6	11166	248902	60	61
contig_125_22A1PE-6	2867	260276	60	61
contig_126_22A1PE-6	2895	263212	60	61
contig_127_22A1PE-6	2332	266177	60	61
contig_128_22A1PE-6	20216	268569	60	61
contig_129_22A1PE-6	2674	289143	60	61
contig_13_22A1PE-6	5900	291882	60	61
contig_130_22A1PE-6	9816	297902	60	61
contig_131_22A1PE-6	21155	307903	60	61
contig_132_22A1PE-6	8224	329432	60	61
contig_133_22A1PE-6	3452	337815	60	61
contig_134_22A1PE-6	13504	341346	60	61
contig_135_22A1PE-6	5625	355097	60	61
contig_136_22A1PE-6	11247	360837	60	61
contig_137_22A1PE-6	17435	372293	60	61
contig_138_22A1PE-6	17287	390040	60	61
contig_139_22A1PE-6	12604	407637	60	61
contig_14_22A1PE-6	15396	420472	60	61
contig_140_22A1PE-6	8642	436146	60	61
contig_141_22A1PE-6	4130	444954	60	61
contig_142_22A1PE-6	2840	449174	60	61
contig_143_22A1PE-6	2610	452083	60	61
contig_144_22A1PE-6	17276	454758	60	61
contig_145_22A1PE-6	4340	472343	60	61
contig_146_22A1PE-6	2269	476777	60	61
contig_147_22A1PE-6	14118	479105	60	61
contig_148_22A1PE-6	12960	493480	60	61
contig_149_22A1PE-6	6537	506677	60	61
contig_15_22A1PE-6	46305	513343	60	61
contig_150_22A1PE-6	32518	560441	60	61
contig_151_22A1PE-6	5555	593522	60	61
contig_152_22A1PE-6	2591	599191	60	61
contig_153_22A1PE-6	2349	601847	60	61
contig_154_22A1PE-6	4975	604257	60	61
contig_155_22A1PE-6	6286	609336	60	61
contig_156_22A1PE-6	13291	615748	60	61
contig_157_22A1PE-6	7512	629282	60	61
contig_158_22A1PE-6	9996	636941	60	61
contig_159_22A1PE-6	5281	647125	60	61
contig_16_22A1PE-6	18375	652515	60	61
contig_160_22A1PE-6	15839	671218	60	61
contig_161_22A1PE-6	7864	687342	60	61
contig_162_22A1PE-6	4784	695359	60	61
contig_163_22A1PE-6	8150	700244	60	61
contig_164_22A1PE-6	6653	708551	60	61
contig_165_22A1PE-6	2284	715336	60	61
contig_166_22A1PE-6	10876	717680	60	61
contig_167_22A1PE-6	14529	728759	60	61
contig_168_22A1PE-6	4751	743552	60	61
contig_169_22A1PE-6	4019	748404	60	61
contig_17_22A1PE-6	16607	752510	60	61
contig_170_22A1PE-6	2981	769415	60	61
contig_171_22A1PE-6	8556	772467	60	61
contig_172_22A1PE-6	9327	781187	60	61
contig_173_22A1PE-6	11498	790691	60	61
contig_174_22A1PE-6	5045	802402	60	61
contig_175_22A1PE-6	2336	807553	60	61
contig_176_22A1PE-6	33422	809949	60	61
contig_177_22A1PE-6	16562	843950	60	61
contig_178_22A1PE-6	7896	860810	60	61
contig_179_22A1PE-6	10462	868859	60	61
contig_18_22A1PE-6	2588	879516	60	61
contig_180_22A1PE-6	3061	882169	60	61
contig_181_22A1PE-6	9318	885303	60	61
contig_182_22A1PE-6	4289	894798	60	61
contig_183_22A1PE-6	3433	899180	60	61
contig_184_22A1PE-6	4338	902692	60	61
contig_185_22A1PE-6	27486	907124	60	61
contig_186_22A1PE-6	3531	935090	60	61
contig_187_22A1PE-6	11358	938701	60	61
contig_188_22A1PE-6	2250	950270	60	61
contig_189_22A1PE-6	6868	952579	60	61
contig_19_22A1PE-6	19973	959582	60	61
contig_190_22A1PE-6	2242	979909	60	61
contig_191_22A1PE-6	2932	982210	60	61
contig_192_22A1PE-6	4413	985212	60	61
contig_193_22A1PE-6	15952	989720	60	61
contig_194_22A1PE-6	3123	1005959	60	61
contig_195_22A1PE-6	5899	1009156	60	61
contig_196_22A1PE-6	3878	1015175	60	61
contig_197_22A1PE-6	2550	1019139	60	61
contig_198_22A1PE-6	15989	1021753	60	61
contig_199_22A1PE-6	11364	1038030	60	61
contig_2_22A1PE-6	6480	1049603	60	61
contig_20_22A1PE-6	9526	1056211	60	61
contig_200_22A1PE-6	5356	1065917	60	61
contig_201_22A1PE-6	2958	1071384	60	61
contig_202_22A1PE-6	12062	1074413	60	61
contig_203_22A1PE-6	38294	1086698	60	61
contig_204_22A1PE-6	12605	1125652	60	61
contig_205_22A1PE-6	2964	1138489	60	61
contig_206_22A1PE-6	3130	1141524	60	61
contig_207_22A1PE-6	2495	1144728	60	61
contig_208_22A1PE-6	7376	1147286	60	61
contig_209_22A1PE-6	7189	1154806	60	61
contig_21_22A1PE-6	12171	1162135	60	61
contig_210_22A1PE-6	18003	1174530	60	61
contig_211_22A1PE-6	3044	1192855	60	61
contig_212_22A1PE-6	2918	1195971	60	61
contig_213_22A1PE-6	2426	1198959	60	61
contig_214_22A1PE-6	2982	1201447	60	61
contig_215_22A1PE-6	6498	1204500	60	61
contig_216_22A1PE-6	4439	1211128	60	61
contig_217_22A1PE-6	4109	1215662	60	61
contig_218_22A1PE-6	4254	1219861	60	61
contig_219_22A1PE-6	14056	1224207	60	61
contig_22_22A1PE-6	2258	1238518	60	61
contig_220_22A1PE-6	3976	1240835	60	61
contig_221_22A1PE-6	12026	1244899	60	61
contig_222_22A1PE-6	7930	1257147	60	61
contig_223_22A1PE-6	2473	1265231	60	61
contig_224_22A1PE-6	4055	1267767	60	61
contig_225_22A1PE-6	3875	1271911	60	61
contig_226_22A1PE-6	2632	1275872	60	61
contig_227_22A1PE-6	14874	1278569	60	61
contig_228_22A1PE-6	3464	1293712	60	61
contig_229_22A1PE-6	11038	1297255	60	61
contig_23_22A1PE-6	25169	1308497	60	61
contig_230_22A1PE-6	11045	1334107	60	61
contig_231_22A1PE-6	3536	1345358	60	61
contig_232_22A1PE-6	8022	1348974	60	61
contig_233_22A1PE-6	5033	1357151	60	61
contig_234_22A1PE-6	5752	1362289	60	61
contig_235_22A1PE-6	6900	1368158	60	61
contig_236_22A1PE-6	4750	1375194	60	61
contig_237_22A1PE-6	2377	1380045	60	61
contig_238_22A1PE-6	3106	1382483	60	61
contig_239_22A1PE-6	2317	1385662	60	61
contig_24_22A1PE-6	5227	1388038	60	61
contig_240_22A1PE-6	5521	1393374	60	61
contig_241_22A1PE-6	2979	1399009	60	61
contig_242_22A1PE-6	4171	1402059	60	61
contig_243_22A1PE-6	5382	1406321	60	61
contig_244_22A1PE-6	5044	1411814	60	61
contig_245_22A1PE-6	27158	1416964	60	61
contig_246_22A1PE-6	4700	1444596	60	61
contig_247_22A1PE-6	3122	1449396	60	61
contig_248_22A1PE-6	8244	1452592	60	61
contig_249_22A1PE-6	10178	1460995	60	61
contig_25_22A1PE-6	54507	1471363	60	61
contig_250_22A1PE-6	2803	1526800	60	61
contig_251_22A1PE-6	2828	1529671	60	61
contig_252_22A1PE-6	15504	1532568	60	61
contig_253_22A1PE-6	18367	1548352	60	61
contig_254_22A1PE-6	2958	1567047	60	61
contig_255_22A1PE-6	2587	1570076	60	61
contig_256_22A1PE-6	5516	1572728	60	61
contig_257_22A1PE-6	2921	1578357	60	61
contig_258_22A1PE-6	8046	1581348	60	61
contig_259_22A1PE-6	2770	1589550	60	61
contig_26_22A1PE-6	23311	1592387	60	61
contig_260_22A1PE-6	11205	1616108	60	61
contig_261_22A1PE-6	4868	1627521	60	61
contig_262_22A1PE-6	7679	1632492	60	61
contig_263_22A1PE-6	4903	1640320	60	61
contig_264_22A1PE-6	6956	1645326	60	61
contig_265_22A1PE-6	12405	1652419	60	61
contig_266_22A1PE-6	19074	1665052	60	61
contig_267_22A1PE-6	28310	1684465	60	61
contig_268_22A1PE-6	11330	1713268	60	61
contig_269_22A1PE-6	7147	1724808	60	61
contig_27_22A1PE-6	8657	1732095	60	61
contig_270_22A1PE-6	13421	1740918	60	61
contig_271_22A1PE-6	8446	1754584	60	61
contig_272_22A1PE-6	19760	1763192	60	61
contig_273_22A1PE-6	17939	1783303	60	61
contig_274_22A1PE-6	12825	1801562	60	61
contig_275_22A1PE-6	18927	1814622	60	61
contig_276_22A1PE-6	13494	1833886	60	61
contig_277_22A1PE-6	26695	1847626	60	61
contig_278_22A1PE-6	32179	1874787	60	61
contig_279_22A1PE-6	11042	1907524	60	61
contig_28_22A1PE-6	7163	1918771	60	61
contig_280_22A1PE-6	5650	1926075	60	61
contig_281_22A1PE-6	13230	1931841	60	61
contig_282_22A1PE-6	9833	1945313	60	61
contig_283_22A1PE-6	5929	1955331	60	61
contig_284_22A1PE-6	14124	1961380	60	61
contig_285_22A1PE-6	9462	1975761	60	61
contig_286_22A1PE-6	25820	1985402	60	61
contig_287_22A1PE-6	7525	2011674	60	61
contig_288_22A1PE-6	11268	2019346	60	61
contig_289_22A1PE-6	6907	2030823	60	61
contig_29_22A1PE-6	25708	2037866	60	61
contig_290_22A1PE-6	49904	2064024	60	61
contig_291_22A1PE-6	6357	2114781	60	61
contig_292_22A1PE-6	5631	2121265	60	61
contig_293_22A1PE-6	26175	2127011	60	61
contig_294_22A1PE-6	6732	2153644	60	61
contig_295_22A1PE-6	32218	2160510	60	61
contig_296_22A1PE-6	8375	2193286	60	61
contig_297_22A1PE-6	14202	2201822	60	61
contig_298_22A1PE-6	11269	2216282	60	61
contig_299_22A1PE-6	21844	2227760	60	61
contig_3_22A1PE-6	12184	2249988	60	61
contig_30_22A1PE-6	4420	2262396	60	61
contig_300_22A1PE-6	15517	2266911	60	61
contig_301_22A1PE-6	41119	2282708	60	61
contig_302_22A1PE-6	34212	2324534	60	61
contig_303_22A1PE-6	11725	2359338	60	61
contig_304_22A1PE-6	8412	2371280	60	61
contig_305_22A1PE-6	10889	2379854	60	61
contig_306_22A1PE-6	4407	2390946	60	61
contig_307_22A1PE-6	29376	2395448	60	61
contig_308_22A1PE-6	29833	2425335	60	61
contig_309_22A1PE-6	27971	2455687	60	61
contig_31_22A1PE-6	11155	2484145	60	61
contig_310_22A1PE-6	27247	2495507	60	61
contig_311_22A1PE-6	25683	2523230	60	61
contig_312_22A1PE-6	17996	2549363	60	61
contig_313_22A1PE-6	37407	2567680	60	61
contig_314_22A1PE-6	18940	2605732	60	61
contig_32_22A1PE-6	13720	2625008	60	61
contig_33_22A1PE-6	12626	2638977	60	61
contig_34_22A1PE-6	21505	2651834	60	61
contig_35_22A1PE-6	10809	2673718	60	61
contig_36_22A1PE-6	14131	2684728	60	61
contig_37_22A1PE-6	12544	2699115	60	61
contig_38_22A1PE-6	9953	2711889	60	61
contig_39_22A1PE-6	2504	2722028	60	61
contig_4_22A1PE-6	3541	2724593	60	61
contig_40_22A1PE-6	9040	2728214	60	61
contig_41_22A1PE-6	14675	2737425	60	61
contig_42_22A1PE-6	14371	2752365	60	61
contig_43_22A1PE-6	6347	2766996	60	61
contig_44_22A1PE-6	2350	2773469	60	61
contig_45_22A1PE-6	4223	2775879	60	61
contig_46_22A1PE-6	17688	2780193	60	61
contig_47_22A1PE-6	3268	2798196	60	61
contig_48_22A1PE-6	16680	2801539	60	61
contig_49_22A1PE-6	23679	2818517	60	61
contig_5_22A1PE-6	5484	2842610	60	61
contig_50_22A1PE-6	2910	2848206	60	61
contig_51_22A1PE-6	11051	2851185	60	61
contig_52_22A1PE-6	2438	2862441	60	61
contig_53_22A1PE-6	2900	2864940	60	61
contig_54_22A1PE-6	12294	2867909	60	61
contig_55_22A1PE-6	10271	2880428	60	61
contig_56_22A1PE-6	2567	2890891	60	61
contig_57_22A1PE-6	1064	2893521	60	61
contig_58_22A1PE-6	5037	2894623	60	61
contig_59_22A1PE-6	4752	2899764	60	61
contig_6_22A1PE-6	27433	2904615	60	61
contig_60_22A1PE-6	4885	2932526	60	61
contig_61_22A1PE-6	11302	2937513	60	61
contig_62_22A1PE-6	13623	2949024	60	61
contig_63_22A1PE-6	9262	2962895	60	61
contig_64_22A1PE-6	18268	2972332	60	61
contig_65_22A1PE-6	11388	2990925	60	61
contig_66_22A1PE-6	12413	3002523	60	61
contig_67_22A1PE-6	4001	3015163	60	61
contig_68_22A1PE-6	8621	3019251	60	61
contig_69_22A1PE-6	16485	3028036	60	61
contig_7_22A1PE-6	32296	3044815	60	61
contig_70_22A1PE-6	42258	3077670	60	61
contig_71_22A1PE-6	19110	3120653	60	61
contig_72_22A1PE-6	28825	3140102	60	61
contig_73_22A1PE-6	2845	3169428	60	61
contig_74_22A1PE-6	15036	3172341	60	61
contig_75_22A1PE-6	6028	3187648	60	61
contig_76_22A1PE-6	3344	3193797	60	61
contig_77_22A1PE-6	26827	3197217	60	61
contig_78_22A1PE-6	8532	3224512	60	61
contig_79_22A1PE-6	5795	3233207	60	61
contig_8_22A1PE-6	23366	3239118	60	61
contig_80_22A1PE-6	2655	3262894	60	61
contig_81_22A1PE-6	5439	3265614	60	61
contig_82_22A1PE-6	3781	3271164	60	61
contig_83_22A1PE-6	13358	3275029	60	61
contig_84_22A1PE-6	10359	3288630	60	61
contig_85_22A1PE-6	4891	3299182	60	61
contig_86_22A1PE-6	15963	3304175	60	61
contig_87_22A1PE-6	9951	3320425	60	61
contig_88_22A1PE-6	9830	3330562	60	61
contig_89_22A1PE-6	18276	3340576	60	61
contig_9_22A1PE-6	14063	3359176	60	61
contig_90_22A1PE-6	17209	3373494	60	61
contig_91_22A1PE-6	4717	3391010	60	61
contig_92_22A1PE-6	4029	3395826	60	61
contig_93_22A1PE-6	15406	3399943	60	61
contig_94_22A1PE-6	21746	3415626	60	61
contig_95_22A1PE-6	11049	3437755	60	61
contig_96_22A1PE-6	5332	3449009	60	61
contig_97_22A1PE-6	2703	3454450	60	61
contig_98_22A1PE-6	8509	3457219	60	61
contig_99_22A1PE-6	5338	3465890	60	61
contig_1_22A1PE-7	107768	19	60	61
contig_10_22A1PE-7	45869	109604	60	61
contig_12_22A1PE-7	8908	156258	60	61
contig_13_22A1PE-7	14540	165335	60	61
contig_14_22A1PE-7	160079	180138	60	61
contig_15_22A1PE-7	17484	342905	60	61
contig_16_22A1PE-7	96416	360701	60	61
contig_17_22A1PE-7	5957	458744	60	61
contig_18_22A1PE-7	13978	464821	60	61
contig_19_22A1PE-7	33755	479052	60	61
contig_2_22A1PE-7	108622	513389	60	61
contig_20_22A1PE-7	207577	623842	60	61
contig_21_22A1PE-7	91164	834899	60	61
contig_22_22A1PE-7	60939	927603	60	61
contig_23_22A1PE-7	27568	989578	60	61
contig_24_22A1PE-7	27148	1017626	60	61
contig_25_22A1PE-7	52306	1045247	60	61
contig_26_22A1PE-7	38650	1098445	60	61
contig_27_22A1PE-7	36926	1137760	60	61
contig_28_22A1PE-7	9059	1175322	60	61
contig_29_22A1PE-7	79361	1184552	60	61
contig_3_22A1PE-7	126962	1265255	60	61
contig_30_22A1PE-7	13969	1394354	60	61
contig_31_22A1PE-7	105159	1408576	60	61
contig_32_22A1PE-7	74292	1515508	60	61
contig_33_22A1PE-7	47117	1591059	60	61
contig_34_22A1PE-7	99814	1638982	60	61
contig_35_22A1PE-7	71006	1740480	60	61
contig_4_22A1PE-7	49563	1812689	60	61
contig_5_22A1PE-7	167498	1863098	60	61
contig_6_22A1PE-7	10967	2033407	60	61
contig_7_22A1PE-7	3963577	2044576	60	61
contig_8_22A1PE-7	29222	6074232	60	61
contig_9_22A1PE-7	78691	6103961	60	61
contig_1_22A1PE-8	3577437	19	60	61
contig_1_22A1PE-9	2793221	19	60	61
contig_2_22A1PE-9	2000473	2839813	60	61
contig_3_22A1PE-9	181625	4873647	60	61
contig_4_22A1PE-9	762468	5058319	60	61
contig_5_22A1PE-9	2997	5833514	60	61
contig_6_22A1PE-9	79083	5836580	60	61
contig_7_22A1PE-9	6086	5917001	60	61
contig_8_22A1PE-9	2391	5923208	60	61
contig_1_22A1R2A-10	3377102	21	60	61
contig_1_22A1R2A-11	3670157	21	60	61
contig_1_22A1R2A-12	4184203	21	60	61
contig_3_22A1R2A-12	4316	4253982	60	61
contig_4_22A1R2A-12	86755	4258391	60	61
contig_5_22A1R2A-12	34010	4346613	60	61
contig_1_22A1R2A-13	4162440	21	60	61
contig_2_22A1R2A-13	37959	4231856	60	61
contig_1_22A1R2A-14	96967	21	60	61
contig_11_22A1R2A-14	19737	98627	60	61
contig_13_22A1R2A-14	20433	118715	60	61
contig_2_22A1R2A-14	941755	139510	60	61
contig_3_22A1R2A-14	57514	1096982	60	61
contig_4_22A1R2A-14	879437	1155476	60	61
contig_5_22A1R2A-14	381121	2049592	60	61
contig_6_22A1R2A-14	1058023	2437087	60	61
contig_7_22A1R2A-14	435319	3512765	60	61
contig_1_22A1R2A-15	5452652	21	60	61
contig_3_22A1R2A-15	76177	5543572	60	61
contig_4_22A1R2A-15	71159	5621040	60	61
contig_1_22A1R2A-16	264020	21	60	61
contig_2_22A1R2A-16	3981153	268463	60	61
contig_3_22A1R2A-16	66093	4315990	60	61
contig_1_22A1R2A-1	30180	20	60	61
contig_10_22A1R2A-1	9689	30724	60	61
contig_100_22A1R2A-1	3356	40597	60	61
contig_101_22A1R2A-1	6172	44031	60	61
contig_102_22A1R2A-1	17159	50328	60	61
contig_103_22A1R2A-1	2880	67795	60	61
contig_104_22A1R2A-1	4595	70745	60	61
contig_105_22A1R2A-1	10667	75439	60	61
contig_106_22A1R2A-1	6530	86306	60	61
contig_107_22A1R2A-1	9216	92967	60	61
contig_108_22A1R2A-1	2811	102359	60	61
contig_109_22A1R2A-1	22785	105239	60	61
contig_11_22A1R2A-1	5078	128425	60	61
contig_110_22A1R2A-1	2514	133610	60	61
contig_111_22A1R2A-1	4531	136188	60	61
contig_112_22A1R2A-1	12267	140817	60	61
contig_113_22A1R2A-1	3379	153311	60	61
contig_114_22A1R2A-1	24377	156769	60	61
contig_115_22A1R2A-1	11438	181575	60	61
contig_116_22A1R2A-1	8960	193226	60	61
contig_117_22A1R2A-1	9627	202358	60	61
contig_118_22A1R2A-1	17355	212168	60	61
contig_119_22A1R2A-1	14205	229835	60	61
contig_12_22A1R2A-1	20401	244298	60	61
contig_120_22A1R2A-1	2666	265062	60	61
contig_121_22A1R2A-1	6503	267795	60	61
contig_122_22A1R2A-1	6923	274429	60	61
contig_123_22A1R2A-1	4583	281490	60	61
contig_124_22A1R2A-1	4711	286172	60	61
contig_125_22A1R2A-1	5541	290984	60	61
contig_126_22A1R2A-1	6435	296640	60	61
contig_127_22A1R2A-1	2453	303205	60	61
contig_128_22A1R2A-1	7574	305721	60	61
contig_129_22A1R2A-1	10072	313444	60	61
contig_13_22A1R2A-1	8216	323705	60	61
contig_130_22A1R2A-1	10249	332080	60	61
contig_131_22A1R2A-1	7696	342522	60	61
contig_132_22A1R2A-1	7574	350369	60	61
contig_133_22A1R2A-1	4515	358092	60	61
contig_134_22A1R2A-1	12495	362705	60	61
contig_135_22A1R2A-1	9246	375431	60	61
contig_136_22A1R2A-1	7835	384854	60	61
contig_137_22A1R2A-1	2927	392842	60	61
contig_138_22A1R2A-1	19900	395840	60	61
contig_139_22A1R2A-1	4265	416094	60	61
contig_14_22A1R2A-1	5804	420452	60	61
contig_140_22A1R2A-1	8207	426375	60	61
contig_141_22A1R2A-1	20753	434741	60	61
contig_142_22A1R2A-1	14868	455862	60	61
contig_143_22A1R2A-1	9672	471000	60	61
contig_144_22A1R2A-1	15255	480856	60	61
contig_145_22A1R2A-1	3402	496388	60	61
contig_146_22A1R2A-1	29564	499869	60	61
contig_147_22A1R2A-1	8828	529948	60	61
contig_148_22A1R2A-1	9527	538946	60	61
contig_149_22A1R2A-1	4919	548654	60	61
contig_15_22A1R2A-1	8893	553676	60	61
contig_150_22A1R2A-1	2425	562740	60	61
contig_151_22A1R2A-1	3588	565228	60	61
contig_152_22A1R2A-1	12345	568898	60	61
contig_153_22A1R2A-1	9167	581471	60	61
contig_154_22A1R2A-1	11160	590813	60	61
contig_155_22A1R2A-1	12230	602181	60	61
contig_156_22A1R2A-1	17341	614637	60	61
contig_157_22A1R2A-1	5576	632290	60	61
contig_158_22A1R2A-1	15795	637981	60	61
contig_159_22A1R2A-1	9391	654062	60	61
contig_16_22A1R2A-1	32691	663631	60	61
contig_160_22A1R2A-1	12010	696889	60	61
contig_161_22A1R2A-1	5385	709122	60	61
contig_162_22A1R2A-1	2560	714619	60	61
contig_163_22A1R2A-1	8356	717244	60	61
contig_164_22A1R2A-1	7534	725762	60	61
contig_165_22A1R2A-1	2898	733444	60	61
contig_166_22A1R2A-1	7951	736413	60	61
contig_167_22A1R2A-1	2453	744519	60	61
contig_168_22A1R2A-1	14701	747035	60	61
contig_169_22A1R2A-1	6247	762004	60	61
contig_17_22A1R2A-1	17758	768377	60	61
contig_170_22A1R2A-1	5660	786453	60	61
contig_171_22A1R2A-1	17521	792230	60	61
contig_172_22A1R2A-1	12834	810066	60	61
contig_173_22A1R2A-1	2678	823136	60	61
contig_174_22A1R2A-1	11019	825881	60	61
contig_175_22A1R2A-1	2921	837106	60	61
contig_176_22A1R2A-1	2470	840098	60	61
contig_177_22A1R2A-1	3200	842632	60	61
contig_178_22A1R2A-1	12642	845908	60	61
contig_179_22A1R2A-1	2602	858783	60	61
contig_180_22A1R2A-1	12378	861451	60	61
contig_181_22A1R2A-1	4200	874058	60	61
contig_182_22A1R2A-1	38858	878350	60	61
contig_183_22A1R2A-1	10746	917878	60	61
contig_184_22A1R2A-1	6173	928826	60	61
contig_185_22A1R2A-1	11421	935124	60	61
contig_186_22A1R2A-1	3859	946758	60	61
contig_187_22A1R2A-1	14295	950704	60	61
contig_188_22A1R2A-1	2779	965260	60	61
contig_189_22A1R2A-1	2380	968108	60	61
contig_190_22A1R2A-1	15568	970550	60	61
contig_191_22A1R2A-1	7687	986400	60	61
contig_192_22A1R2A-1	2571	994238	60	61
contig_193_22A1R2A-1	7827	996874	60	61
contig_194_22A1R2A-1	6292	1004854	60	61
contig_195_22A1R2A-1	3662	1011273	60	61
contig_196_22A1R2A-1	3517	1015019	60	61
contig_197_22A1R2A-1	7281	1018617	60	61
contig_198_22A1R2A-1	4835	1026042	60	61
contig_199_22A1R2A-1	4155	1030980	60	61
contig_2_22A1R2A-1	4545	1035225	60	61
contig_20_22A1R2A-1	21351	1039867	60	61
contig_200_22A1R2A-1	6339	1061596	60	61
contig_201_22A1R2A-1	16381	1068063	60	61
contig_202_22A1R2A-1	17442	1084740	60	61
contig_203_22A1R2A-1	6309	1102495	60	61
contig_204_22A1R2A-1	14571	1108932	60	61
contig_205_22A1R2A-1	2452	1123768	60	61
contig_206_22A1R2A-1	7516	1126283	60	61
contig_207_22A1R2A-1	7342	1133947	60	61
contig_208_22A1R2A-1	7261	1141434	60	61
contig_209_22A1R2A-1	4852	1148839	60	61
contig_21_22A1R2A-1	10798	1153793	60	61
contig_210_22A1R2A-1	8626	1164793	60	61
contig_211_22A1R2A-1	4026	1173585	60	61
contig_212_22A1R2A-1	2966	1177701	60	61
contig_213_22A1R2A-1	7734	1180739	60	61
contig_214_22A1R2A-1	6477	1188624	60	61
contig_215_22A1R2A-1	2891	1195231	60	61
contig_216_22A1R2A-1	16750	1198193	60	61
contig_217_22A1R2A-1	2622	1215245	60	61
contig_218_22A1R2A-1	6817	1217933	60	61
contig_219_22A1R2A-1	2449	1224886	60	61
contig_22_22A1R2A-1	18952	1227397	60	61
contig_220_22A1R2A-1	2549	1246687	60	61
contig_221_22A1R2A-1	4403	1249301	60	61
contig_222_22A1R2A-1	5923	1253800	60	61
contig_223_22A1R2A-1	2941	1259844	60	61
contig_224_22A1R2A-1	12378	1262857	60	61
contig_225_22A1R2A-1	6936	1275464	60	61
contig_226_22A1R2A-1	9576	1282538	60	61
contig_227_22A1R2A-1	2338	1292296	60	61
contig_228_22A1R2A-1	14783	1294695	60	61
contig_229_22A1R2A-1	2753	1309747	60	61
contig_23_22A1R2A-1	16418	1312567	60	61
contig_230_22A1R2A-1	13435	1329281	60	61
contig_231_22A1R2A-1	10003	1342962	60	61
contig_232_22A1R2A-1	10069	1353154	60	61
contig_233_22A1R2A-1	4834	1363413	60	61
contig_234_22A1R2A-1	3452	1368350	60	61
contig_235_22A1R2A-1	12875	1371882	60	61
contig_236_22A1R2A-1	2887	1384994	60	61
contig_237_22A1R2A-1	4006	1387952	60	61
contig_238_22A1R2A-1	9229	1392047	60	61
contig_239_22A1R2A-1	5401	1401452	60	61
contig_24_22A1R2A-1	2632	1406965	60	61
contig_240_22A1R2A-1	4042	1409663	60	61
contig_241_22A1R2A-1	3575	1413795	60	61
contig_242_22A1R2A-1	2649	1417452	60	61
contig_243_22A1R2A-1	6121	1420168	60	61
contig_244_22A1R2A-1	4573	1426414	60	61
contig_245_22A1R2A-1	9781	1431086	60	61
contig_246_22A1R2A-1	2443	1441053	60	61
contig_247_22A1R2A-1	13159	1443559	60	61
contig_248_22A1R2A-1	5017	1456960	60	61
contig_249_22A1R2A-1	6466	1462083	60	61
contig_25_22A1R2A-1	30043	1468678	60	61
contig_250_22A1R2A-1	4953	1499244	60	61
contig_251_22A1R2A-1	4671	1504302	60	61
contig_252_22A1R2A-1	13015	1509073	60	61
contig_253_22A1R2A-1	4957	1522327	60	61
contig_254_22A1R2A-1	6094	1527389	60	61
contig_255_22A1R2A-1	2307	1533607	60	61
contig_256_22A1R2A-1	5994	1535975	60	61
contig_257_22A1R2A-1	4615	1542091	60	61
contig_258_22A1R2A-1	15328	1546805	60	61
contig_259_22A1R2A-1	4783	1562411	60	61
contig_26_22A1R2A-1	6949	1567295	60	61
contig_260_22A1R2A-1	5919	1574382	60	61
contig_261_22A1R2A-1	15926	1580422	60	61
contig_262_22A1R2A-1	6115	1596636	60	61
contig_263_22A1R2A-1	2621	1602875	60	61
contig_264_22A1R2A-1	6104	1605562	60	61
contig_265_22A1R2A-1	7781	1611790	60	61
contig_266_22A1R2A-1	15153	1619723	60	61
contig_267_22A1R2A-1	8375	1635151	60	61
contig_268_22A1R2A-1	10288	1643688	60	61
contig_269_22A1R2A-1	5841	1654170	60	61
contig_27_22A1R2A-1	8411	1660130	60	61
contig_270_22A1R2A-1	21954	1668704	60	61
contig_271_22A1R2A-1	9890	1691046	60	61
contig_272_22A1R2A-1	4226	1701123	60	61
contig_273_22A1R2A-1	3408	1705442	60	61
contig_274_22A1R2A-1	2850	1708929	60	61
contig_275_22A1R2A-1	21413	1711849	60	61
contig_276_22A1R2A-1	11506	1733641	60	61
contig_277_22A1R2A-1	9645	1745361	60	61
contig_278_22A1R2A-1	2318	1755189	60	61
contig_279_22A1R2A-1	2641	1757568	60	61
contig_28_22A1R2A-1	1622	1760275	60	61
contig_280_22A1R2A-1	6192	1761947	60	61
contig_281_22A1R2A-1	4835	1768265	60	61
contig_282_22A1R2A-1	9600	1773203	60	61
contig_283_22A1R2A-1	5626	1782985	60	61
contig_284_22A1R2A-1	4635	1788727	60	61
contig_285_22A1R2A-1	6443	1793462	60	61
contig_286_22A1R2A-1	6661	1800035	60	61
contig_287_22A1R2A-1	7572	1806830	60	61
contig_288_22A1R2A-1	4725	1814551	60	61
contig_289_22A1R2A-1	2322	1819377	60	61
contig_29_22A1R2A-1	9985	1821759	60	61
contig_290_22A1R2A-1	3297	1831933	60	61
contig_291_22A1R2A-1	3601	1835307	60	61
contig_292_22A1R2A-1	4123	1838991	60	61
contig_293_22A1R2A-1	5213	1843205	60	61
contig_294_22A1R2A-1	2492	1848527	60	61
contig_295_22A1R2A-1	2646	1851083	60	61
contig_296_22A1R2A-1	3533	1853796	60	61
contig_297_22A1R2A-1	8490	1857410	60	61
contig_298_22A1R2A-1	3210	1866064	60	61
contig_299_22A1R2A-1	2778	1869350	60	61
contig_3_22A1R2A-1	19601	1872195	60	61
contig_30_22A1R2A-1	2632	1892144	60	61
contig_300_22A1R2A-1	5406	1894842	60	61
contig_301_22A1R2A-1	16855	1900361	60	61
contig_302_22A1R2A-1	3901	1917519	60	61
contig_303_22A1R2A-1	5379	1921508	60	61
contig_304_22A1R2A-1	5086	1926999	60	61
contig_305_22A1R2A-1	11712	1932192	60	61
contig_306_22A1R2A-1	2422	1944122	60	61
contig_307_22A1R2A-1	3850	1946607	60	61
contig_308_22A1R2A-1	16526	1950544	60	61
contig_309_22A1R2A-1	2467	1967368	60	61
contig_31_22A1R2A-1	5210	1969898	60	61
contig_310_22A1R2A-1	4974	1975217	60	61
contig_311_22A1R2A-1	3050	1980296	60	61
contig_312_22A1R2A-1	3676	1983419	60	61
contig_313_22A1R2A-1	3946	1987179	60	61
contig_314_22A1R2A-1	2357	1991213	60	61
contig_315_22A1R2A-1	3348	1993632	60	61
contig_316_22A1R2A-1	2594	1997058	60	61
contig_317_22A1R2A-1	2345	1999718	60	61
contig_318_22A1R2A-1	9340	2002125	60	61
contig_319_22A1R2A-1	28968	2011643	60	61
contig_32_22A1R2A-1	4739	2041115	60	61
contig_320_22A1R2A-1	3088	2045955	60	61
contig_321_22A1R2A-1	2232	2049117	60	61
contig_322_22A1R2A-1	2472	2051409	60	61
contig_323_22A1R2A-1	3583	2053945	60	61
contig_324_22A1R2A-1	8244	2057610	60	61
contig_325_22A1R2A-1	3659	2066014	60	61
contig_326_22A1R2A-1	10465	2069756	60	61
contig_327_22A1R2A-1	2743	2080418	60	61
contig_328_22A1R2A-1	7263	2083229	60	61
contig_329_22A1R2A-1	3529	2090636	60	61
contig_33_22A1R2A-1	11504	2094245	60	61
contig_330_22A1R2A-1	2479	2105963	60	61
contig_331_22A1R2A-1	10304	2108506	60	61
contig_332_22A1R2A-1	4883	2119004	60	61
contig_333_22A1R2A-1	2365	2123991	60	61
contig_334_22A1R2A-1	2451	2126418	60	61
contig_335_22A1R2A-1	2754	2128932	60	61
contig_336_22A1R2A-1	7481	2131754	60	61
contig_337_22A1R2A-1	2305	2139382	60	61
contig_338_22A1R2A-1	2393	2141748	60	61
contig_339_22A1R2A-1	6068	2144203	60	61
contig_34_22A1R2A-1	5562	2150394	60	61
contig_340_22A1R2A-1	3517	2156071	60	61
contig_341_22A1R2A-1	3239	2159669	60	61
contig_342_22A1R2A-1	2954	2162984	60	61
contig_343_22A1R2A-1	3212	2166010	60	61
contig_344_22A1R2A-1	5265	2169298	60	61
contig_345_22A1R2A-1	5466	2174673	60	61
contig_346_22A1R2A-1	17251	2180253	60	61
contig_347_22A1R2A-1	11638	2197814	60	61
contig_348_22A1R2A-1	3127	2209668	60	61
contig_349_22A1R2A-1	4579	2212870	60	61
contig_35_22A1R2A-1	31554	2217547	60	61
contig_350_22A1R2A-1	10198	2249649	60	61
contig_351_22A1R2A-1	5418	2260039	60	61
contig_352_22A1R2A-1	5979	2265570	60	61
contig_353_22A1R2A-1	29318	2271671	60	61
contig_354_22A1R2A-1	17287	2301500	60	61
contig_355_22A1R2A-1	5885	2319098	60	61
contig_356_22A1R2A-1	4975	2325104	60	61
contig_357_22A1R2A-1	19449	2330184	60	61
contig_358_22A1R2A-1	19398	2349980	60	61
contig_359_22A1R2A-1	3813	2369724	60	61
contig_36_22A1R2A-1	8281	2373622	60	61
contig_360_22A1R2A-1	6674	2382064	60	61
contig_361_22A1R2A-1	21651	2388872	60	61
contig_362_22A1R2A-1	4955	2410906	60	61
contig_363_22A1R2A-1	8788	2415966	60	61
contig_364_22A1R2A-1	22120	2424923	60	61
contig_365_22A1R2A-1	7839	2447434	60	61
contig_366_22A1R2A-1	6818	2455426	60	61
contig_367_22A1R2A-1	13209	2462380	60	61
contig_368_22A1R2A-1	5921	2475832	60	61
contig_369_22A1R2A-1	5800	2481874	60	61
contig_37_22A1R2A-1	16642	2487792	60	61
contig_370_22A1R2A-1	6852	2504734	60	61
contig_371_22A1R2A-1	5472	2511723	60	61
contig_372_22A1R2A-1	9330	2517309	60	61
contig_373_22A1R2A-1	12046	2526817	60	61
contig_374_22A1R2A-1	5218	2539086	60	61
contig_375_22A1R2A-1	2258	2544413	60	61
contig_376_22A1R2A-1	11892	2546731	60	61
contig_377_22A1R2A-1	34727	2558844	60	61
contig_378_22A1R2A-1	18774	2594172	60	61
contig_379_22A1R2A-1	4906	2613281	60	61
contig_38_22A1R2A-1	5884	2618290	60	61
contig_380_22A1R2A-1	14762	2624295	60	61
contig_381_22A1R2A-1	14545	2639326	60	61
contig_382_22A1R2A-1	2261	2654136	60	61
contig_383_22A1R2A-1	11036	2656457	60	61
contig_384_22A1R2A-1	20786	2667699	60	61
contig_385_22A1R2A-1	6695	2688854	60	61
contig_386_22A1R2A-1	22953	2695683	60	61
contig_387_22A1R2A-1	9340	2719041	60	61
contig_388_22A1R2A-1	30466	2728559	60	61
contig_389_22A1R2A-1	15172	2759555	60	61
contig_39_22A1R2A-1	3810	2775001	60	61
contig_390_22A1R2A-1	16287	2778897	60	61
contig_391_22A1R2A-1	4460	2795478	60	61
contig_392_22A1R2A-1	21011	2800035	60	61
contig_4_22A1R2A-1	4805	2821417	60	61
contig_40_22A1R2A-1	11388	2826324	60	61
contig_41_22A1R2A-1	12985	2837923	60	61
contig_42_22A1R2A-1	7926	2851146	60	61
contig_43_22A1R2A-1	8339	2859226	60	61
contig_44_22A1R2A-1	31952	2867725	60	61
contig_45_22A1R2A-1	14526	2900231	60	61
contig_46_22A1R2A-1	2243	2915021	60	61
contig_47_22A1R2A-1	2683	2917323	60	61
contig_48_22A1R2A-1	6715	2920072	60	61
contig_49_22A1R2A-1	32219	2926920	60	61
contig_5_22A1R2A-1	4525	2959696	60	61
contig_50_22A1R2A-1	8614	2964318	60	61
contig_51_22A1R2A-1	7008	2973097	60	61
contig_52_22A1R2A-1	7666	2980243	60	61
contig_53_22A1R2A-1	8666	2988058	60	61
contig_54_22A1R2A-1	10091	2996890	60	61
contig_55_22A1R2A-1	6449	3007171	60	61
contig_56_22A1R2A-1	3025	3013749	60	61
contig_57_22A1R2A-1	3301	3016846	60	61
contig_58_22A1R2A-1	14342	3020224	60	61
contig_59_22A1R2A-1	2984	3034827	60	61
contig_6_22A1R2A-1	3210	3037881	60	61
contig_60_22A1R2A-1	6941	3041166	60	61
contig_61_22A1R2A-1	4922	3048244	60	61
contig_62_22A1R2A-1	2530	3053270	60	61
contig_63_22A1R2A-1	16041	3055864	60	61
contig_64_22A1R2A-1	5819	3072194	60	61
contig_65_22A1R2A-1	20328	3078131	60	61
contig_66_22A1R2A-1	18483	3098819	60	61
contig_67_22A1R2A-1	7283	3117632	60	61
contig_68_22A1R2A-1	4764	3125058	60	61
contig_69_22A1R2A-1	5573	3129923	60	61
contig_7_22A1R2A-1	10668	3135609	60	61
contig_70_22A1R2A-1	7072	3146476	60	61
contig_71_22A1R2A-1	2240	3153687	60	61
contig_72_22A1R2A-1	6426	3155986	60	61
contig_73_22A1R2A-1	2848	3162541	60	61
contig_74_22A1R2A-1	9921	3165458	60	61
contig_75_22A1R2A-1	3889	3175566	60	61
contig_76_22A1R2A-1	12638	3179541	60	61
contig_77_22A1R2A-1	8128	3192411	60	61
contig_78_22A1R2A-1	9715	3200696	60	61
contig_79_22A1R2A-1	9860	3210594	60	61
contig_8_22A1R2A-1	15857	3220639	60	61
contig_80_22A1R2A-1	14742	3236782	60	61
contig_81_22A1R2A-1	4200	3251791	60	61
contig_82_22A1R2A-1	25610	3256082	60	61
contig_83_22A1R2A-1	6515	3282140	60	61
contig_84_22A1R2A-1	3372	3288785	60	61
contig_85_22A1R2A-1	2829	3292235	60	61
contig_86_22A1R2A-1	17136	3295133	60	61
contig_87_22A1R2A-1	7613	3312576	60	61
contig_88_22A1R2A-1	3044	3320337	60	61
contig_89_22A1R2A-1	2320	3323453	60	61
contig_9_22A1R2A-1	7181	3325832	60	61
contig_90_22A1R2A-1	5745	3333154	60	61
contig_91_22A1R2A-1	3208	3339016	60	61
contig_92_22A1R2A-1	13399	3342299	60	61
contig_93_22A1R2A-1	18408	3355943	60	61
contig_94_22A1R2A-1	4328	3374679	60	61
contig_95_22A1R2A-1	7667	3379101	60	61
contig_96_22A1R2A-1	5120	3386917	60	61
contig_97_22A1R2A-1	2332	3392144	60	61
contig_98_22A1R2A-1	10338	3394536	60	61
contig_99_22A1R2A-1	12619	3405068	60	61
contig_1_22A1R2A-2	50659	20	60	61
contig_2_22A1R2A-2	290074	51544	60	61
contig_3_22A1R2A-2	3995754	346473	60	61
contig_4_22A1R2A-2	193982	4408843	60	61
contig_1_22A1R2A-3	45647	20	60	61
contig_12_22A1R2A-3	27947	46449	60	61
contig_13_22A1R2A-3	18227	74883	60	61
contig_14_22A1R2A-3	33759	93435	60	61
contig_15_22A1R2A-3	15770	127778	60	61
contig_16_22A1R2A-3	3198	143832	60	61
contig_17_22A1R2A-3	3377	147105	60	61
contig_18_22A1R2A-3	14938	150560	60	61
contig_19_22A1R2A-3	14189	165768	60	61
contig_2_22A1R2A-3	19650	180214	60	61
contig_20_22A1R2A-3	92036	200213	60	61
contig_21_22A1R2A-3	11410	293804	60	61
contig_22_22A1R2A-3	55440	305426	60	61
contig_23_22A1R2A-3	35538	361811	60	61
contig_24_22A1R2A-3	27965	397963	60	61
contig_25_22A1R2A-3	41556	426416	60	61
contig_26_22A1R2A-3	51210	468686	60	61
contig_27_22A1R2A-3	49861	520771	60	61
contig_28_22A1R2A-3	65412	571485	60	61
contig_29_22A1R2A-3	24361	638009	60	61
contig_3_22A1R2A-3	20807	662797	60	61
contig_30_22A1R2A-3	7996	683972	60	61
contig_33_22A1R2A-3	4989	692123	60	61
contig_34_22A1R2A-3	16795	697217	60	61
contig_35_22A1R2A-3	17161	714313	60	61
contig_36_22A1R2A-3	19191	731782	60	61
contig_37_22A1R2A-3	55450	751314	60	61
contig_38_22A1R2A-3	68301	807710	60	61
contig_39_22A1R2A-3	47485	877171	60	61
contig_4_22A1R2A-3	17465	925468	60	61
contig_40_22A1R2A-3	24250	943246	60	61
contig_41_22A1R2A-3	21432	967922	60	61
contig_42_22A1R2A-3	48786	989733	60	61
contig_43_22A1R2A-3	33001	1039354	60	61
contig_44_22A1R2A-3	38087	1072927	60	61
contig_45_22A1R2A-3	16476	1111670	60	61
contig_46_22A1R2A-3	23325	1128442	60	61
contig_47_22A1R2A-3	31540	1152177	60	61
contig_48_22A1R2A-3	23340	1184264	60	61
contig_49_22A1R2A-3	33779	1208014	60	61
contig_5_22A1R2A-3	2256	1242376	60	61
contig_50_22A1R2A-3	17083	1244691	60	61
contig_51_22A1R2A-3	6674	1262080	60	61
contig_52_22A1R2A-3	43579	1268887	60	61
contig_53_22A1R2A-3	15810	1313214	60	61
contig_54_22A1R2A-3	23837	1329309	60	61
contig_55_22A1R2A-3	17107	1353565	60	61
contig_56_22A1R2A-3	26421	1370979	60	61
contig_57_22A1R2A-3	19920	1397862	60	61
contig_58_22A1R2A-3	18182	1418135	60	61
contig_59_22A1R2A-3	20773	1436642	60	61
contig_6_22A1R2A-3	10708	1457782	60	61
contig_60_22A1R2A-3	24025	1468690	60	61
contig_61_22A1R2A-3	10947	1493137	60	61
contig_62_22A1R2A-3	32041	1504288	60	61
contig_63_22A1R2A-3	7925	1536885	60	61
contig_64_22A1R2A-3	23416	1544964	60	61
contig_65_22A1R2A-3	11032	1568792	60	61
contig_66_22A1R2A-3	7492	1580029	60	61
contig_67_22A1R2A-3	11873	1587667	60	61
contig_68_22A1R2A-3	3778	1599759	60	61
contig_69_22A1R2A-3	37172	1603621	60	61
contig_7_22A1R2A-3	10824	1641433	60	61
contig_70_22A1R2A-3	19634	1652459	60	61
contig_71_22A1R2A-3	16006	1672442	60	61
contig_8_22A1R2A-3	57095	1688735	60	61
contig_9_22A1R2A-3	19725	1746802	60	61
contig_1_22A1R2A-4	20589	20	60	61
contig_10_22A1R2A-4	5027	20974	60	61
contig_11_22A1R2A-4	16043	26106	60	61
contig_12_22A1R2A-4	9967	42438	60	61
contig_13_22A1R2A-4	8504	52593	60	61
contig_14_22A1R2A-4	8570	61260	60	61
contig_15_22A1R2A-4	6820	69994	60	61
contig_16_22A1R2A-4	15284	76949	60	61
contig_17_22A1R2A-4	10779	92509	60	61
contig_18_22A1R2A-4	16662	103489	60	61
contig_19_22A1R2A-4	2397	120450	60	61
contig_2_22A1R2A-4	3178	122907	60	61
contig_20_22A1R2A-4	2225	126159	60	61
contig_21_22A1R2A-4	4701	128443	60	61
contig_22_22A1R2A-4	6396	133244	60	61
contig_23_22A1R2A-4	5243	139768	60	61
contig_24_22A1R2A-4	5844	145120	60	61
contig_25_22A1R2A-4	13250	151083	60	61
contig_26_22A1R2A-4	5059	164575	60	61
contig_27_22A1R2A-4	17954	169740	60	61
contig_28_22A1R2A-4	3366	188015	60	61
contig_29_22A1R2A-4	5012	191459	60	61
contig_3_22A1R2A-4	6191	196575	60	61
contig_4_22A1R2A-4	4265	202890	60	61
contig_5_22A1R2A-4	2547	207247	60	61
contig_6_22A1R2A-4	12713	209857	60	61
contig_7_22A1R2A-4	5230	222802	60	61
contig_8_22A1R2A-4	4422	228140	60	61
contig_9_22A1R2A-4	19345	232656	60	61
contig_1_22A1R2A-5	193946	20	60	61
contig_2_22A1R2A-5	9360	197219	60	61
contig_3_22A1R2A-5	47192	206755	60	61
contig_4_22A1R2A-5	290054	254754	60	61
contig_6_22A1R2A-5	8913	549663	60	61
contig_7_22A1R2A-5	3995167	558745	60	61
contig_1_22A1R2A-6	11506	20	60	61
contig_10_22A1R2A-6	83317	11739	60	61
contig_11_22A1R2A-6	29991	96466	60	61
contig_12_22A1R2A-6	7174	126978	60	61
contig_13_22A1R2A-6	13018	134293	60	61
contig_14_22A1R2A-6	37117	147549	60	61
contig_15_22A1R2A-6	23415	185306	60	61
contig_16_22A1R2A-6	34988	209133	60	61
contig_19_22A1R2A-6	73302	244726	60	61
contig_2_22A1R2A-6	31480	319270	60	61
contig_22_22A1R2A-6	21492	351296	60	61
contig_23_22A1R2A-6	31243	373168	60	61
contig_24_22A1R2A-6	11131	404953	60	61
contig_25_22A1R2A-6	14231	416291	60	61
contig_26_22A1R2A-6	22003	430781	60	61
contig_27_22A1R2A-6	23279	453172	60	61
contig_28_22A1R2A-6	11444	476860	60	61
contig_29_22A1R2A-6	23075	488516	60	61
contig_3_22A1R2A-6	21156	511996	60	61
contig_30_22A1R2A-6	16125	533526	60	61
contig_31_22A1R2A-6	27888	549941	60	61
contig_32_22A1R2A-6	10340	578315	60	61
contig_33_22A1R2A-6	26193	588849	60	61
contig_34_22A1R2A-6	7353	615500	60	61
contig_35_22A1R2A-6	19289	622997	60	61
contig_36_22A1R2A-6	11877	642629	60	61
contig_37_22A1R2A-6	27292	654725	60	61
contig_38_22A1R2A-6	8911	682493	60	61
contig_39_22A1R2A-6	5121	691574	60	61
contig_4_22A1R2A-6	35072	696801	60	61
contig_40_22A1R2A-6	31006	732479	60	61
contig_41_22A1R2A-6	11663	764023	60	61
contig_42_22A1R2A-6	13497	775902	60	61
contig_43_22A1R2A-6	16418	789645	60	61
contig_44_22A1R2A-6	2966	806358	60	61
contig_45_22A1R2A-6	13194	809395	60	61
contig_46_22A1R2A-6	6002	822830	60	61
contig_47_22A1R2A-6	7013	828954	60	61
contig_48_22A1R2A-6	7062	836105	60	61
contig_49_22A1R2A-6	11627	843306	60	61
contig_5_22A1R2A-6	14516	855147	60	61
contig_50_22A1R2A-6	30309	869926	60	61
contig_51_22A1R2A-6	43168	900762	60	61
contig_52_22A1R2A-6	37099	944671	60	61
contig_53_22A1R2A-6	44501	982410	60	61
contig_54_22A1R2A-6	32023	1027674	60	61
contig_55_22A1R2A-6	33015	1060252	60	61
contig_56_22A1R2A-6	32415	1093839	60	61
contig_57_22A1R2A-6	48730	1126816	60	61
contig_58_22A1R2A-6	22054	1176380	60	61
contig_59_22A1R2A-6	41130	1198823	60	61
contig_6_22A1R2A-6	20603	1240659	60	61
contig_60_22A1R2A-6	37923	1261627	60	61
contig_61_22A1R2A-6	14276	1300204	60	61
contig_62_22A1R2A-6	18433	1314739	60	61
contig_63_22A1R2A-6	22499	1333501	60	61
contig_64_22A1R2A-6	26574	1356396	60	61
contig_65_22A1R2A-6	64365	1383434	60	61
contig_66_22A1R2A-6	36626	1448893	60	61
contig_67_22A1R2A-6	39138	1486151	60	61
contig_68_22A1R2A-6	103784	1525963	60	61
contig_69_22A1R2A-6	7495	1631498	60	61
contig_7_22A1R2A-6	82308	1639138	60	61
contig_70_22A1R2A-6	13042	1722839	60	61
contig_71_22A1R2A-6	95713	1736120	60	61
contig_72_22A1R2A-6	49514	1833450	60	61
contig_73_22A1R2A-6	14122	1883811	60	61
contig_74_22A1R2A-6	16578	1898190	60	61
contig_75_22A1R2A-6	18110	1915066	60	61
contig_76_22A1R2A-6	7772	1933499	60	61
contig_77_22A1R2A-6	11112	1941422	60	61
contig_78_22A1R2A-6	16933	1952741	60	61
contig_79_22A1R2A-6	80563	1969978	60	61
contig_8_22A1R2A-6	31842	2051904	60	61
contig_80_22A1R2A-6	24938	2084298	60	61
contig_81_22A1R2A-6	23575	2109673	60	61
contig_82_22A1R2A-6	36150	2133662	60	61
contig_83_22A1R2A-6	45404	2170436	60	61
contig_84_22A1R2A-6	6983	2216618	60	61
contig_9_22A1R2A-6	36364	2223738	60	61
contig_1_22A1R2A-7	3326191	20	60	61
contig_1_22A1R2A-8	3859715	20	60	61
contig_3_22A1R2A-9	3372896	20	60	61
contig_5_22A1R2A-9	26638	3429151	60	61
contig_1_22A1S1G-1	137902	20	60	61
contig_10_22A1S1G-1	432017	140242	60	61
contig_11_22A1S1G-1	913848	579481	60	61
contig_12_22A1S1G-1	193737	1508581	60	61
contig_13_22A1S1G-1	329418	1705568	60	61
contig_14_22A1S1G-1	522813	2040498	60	61
contig_15_22A1S1G-1	51669	2572046	60	61
contig_16_22A1S1G-1	2472	2624598	60	61
contig_17_22A1S1G-1	50360	2627133	60	61
contig_18_22A1S1G-1	2489	2678354	60	61
contig_19_22A1S1G-1	453028	2680906	60	61
contig_2_22A1S1G-1	82231	3141505	60	61
contig_20_22A1S1G-1	188881	3225128	60	61
contig_21_22A1S1G-1	584672	3417179	60	61
contig_22_22A1S1G-1	29636	4011617	60	61
contig_23_22A1S1G-1	154627	4041768	60	61
contig_3_22A1S1G-1	25163	4198993	60	61
contig_4_22A1S1G-1	39043	4224596	60	61
contig_5_22A1S1G-1	156019	4264310	60	61
contig_6_22A1S1G-1	556267	4422950	60	61
contig_7_22A1S1G-1	17296	4988509	60	61
contig_9_22A1S1G-1	1388003	5006114	60	61
contig_1_22A1S1G-2	2759	20	60	61
contig_10_22A1S1G-2	5518	2846	60	61
contig_11_22A1S1G-2	10730	8477	60	61
contig_12_22A1S1G-2	15828	19407	60	61
contig_13_22A1S1G-2	3417	35520	60	61
contig_14_22A1S1G-2	3056	39015	60	61
contig_15_22A1S1G-2	3133	42143	60	61
contig_16_22A1S1G-2	10326	45350	60	61
contig_17_22A1S1G-2	26027	55870	60	61
contig_18_22A1S1G-2	12757	82352	60	61
contig_19_22A1S1G-2	2619	95343	60	61
contig_2_22A1S1G-2	3039	98026	60	61
contig_20_22A1S1G-2	10694	101137	60	61
contig_21_22A1S1G-2	2748	112031	60	61
contig_22_22A1S1G-2	5410	114846	60	61
contig_23_22A1S1G-2	13197	120368	60	61
contig_24_22A1S1G-2	4333	133806	60	61
contig_25_22A1S1G-2	9173	138233	60	61
contig_26_22A1S1G-2	2669	147580	60	61
contig_27_22A1S1G-2	9244	150315	60	61
contig_28_22A1S1G-2	2339	159735	60	61
contig_29_22A1S1G-2	17616	162134	60	61
contig_3_22A1S1G-2	8043	180064	60	61
contig_30_22A1S1G-2	13266	188263	60	61
contig_31_22A1S1G-2	3608	201772	60	61
contig_32_22A1S1G-2	12440	205462	60	61
contig_33_22A1S1G-2	11180	218131	60	61
contig_34_22A1S1G-2	4846	229519	60	61
contig_35_22A1S1G-2	17212	234467	60	61
contig_36_22A1S1G-2	17028	251987	60	61
contig_37_22A1S1G-2	4060	269320	60	61
contig_38_22A1S1G-2	8707	273469	60	61
contig_39_22A1S1G-2	8108	282343	60	61
contig_4_22A1S1G-2	8061	290607	60	61
contig_40_22A1S1G-2	4122	298824	60	61
contig_41_22A1S1G-2	10168	303036	60	61
contig_42_22A1S1G-2	5488	313395	60	61
contig_43_22A1S1G-2	3235	318996	60	61
contig_44_22A1S1G-2	3649	322306	60	61
contig_45_22A1S1G-2	3400	326037	60	61
contig_46_22A1S1G-2	6229	329515	60	61
contig_47_22A1S1G-2	2426	335869	60	61
contig_48_22A1S1G-2	15019	338357	60	61
contig_49_22A1S1G-2	7010	353648	60	61
contig_5_22A1S1G-2	2318	360795	60	61
contig_50_22A1S1G-2	14373	363173	60	61
contig_51_22A1S1G-2	28451	377807	60	61
contig_52_22A1S1G-2	5923	406754	60	61
contig_53_22A1S1G-2	4282	412797	60	61
contig_54_22A1S1G-2	2334	417172	60	61
contig_55_22A1S1G-2	10465	419566	60	61
contig_56_22A1S1G-2	4623	430227	60	61
contig_57_22A1S1G-2	3092	434949	60	61
contig_58_22A1S1G-2	3435	438114	60	61
contig_59_22A1S1G-2	15545	441628	60	61
contig_6_22A1S1G-2	5387	457453	60	61
contig_60_22A1S1G-2	9378	462951	60	61
contig_61_22A1S1G-2	5127	472507	60	61
contig_62_22A1S1G-2	13138	477741	60	61
contig_63_22A1S1G-2	14208	491119	60	61
contig_64_22A1S1G-2	8905	505585	60	61
contig_65_22A1S1G-2	13642	514660	60	61
contig_66_22A1S1G-2	8798	528551	60	61
contig_67_22A1S1G-2	6150	537517	60	61
contig_68_22A1S1G-2	5318	543791	60	61
contig_69_22A1S1G-2	24646	549219	60	61
contig_7_22A1S1G-2	6154	574296	60	61
contig_70_22A1S1G-2	3818	580574	60	61
contig_71_22A1S1G-2	6247	584477	60	61
contig_72_22A1S1G-2	5940	590850	60	61
contig_73_22A1S1G-2	14263	596910	60	61
contig_74_22A1S1G-2	5808	611432	60	61
contig_75_22A1S1G-2	11236	617358	60	61
contig_76_22A1S1G-2	13858	628803	60	61
contig_8_22A1S1G-2	5032	642912	60	61
contig_9_22A1S1G-2	3507	648048	60	61
contig_1_22A1S1G-3	8748	20	60	61
contig_2_22A1S1G-3	7420	8934	60	61
contig_3_22A1S1G-3	5097	16498	60	61
contig_4_22A1S1G-3	12490	21700	60	61
contig_5_22A1S1G-3	6098	34419	60	61
contig_6_22A1S1G-3	4401	40639	60	61
contig_7_22A1S1G-3	2618	45134	60	61
contig_8_22A1S1G-3	7878	47816	60	61
contig_1_22A1S1G-4	23642	20	60	61
contig_10_22A1S1G-4	7028	24078	60	61
contig_11_22A1S1G-4	7819	31245	60	61
contig_12_22A1S1G-4	5428	39216	60	61
contig_13_22A1S1G-4	13207	44756	60	61
contig_14_22A1S1G-4	2959	58205	60	61
contig_15_22A1S1G-4	16153	61235	60	61
contig_16_22A1S1G-4	6758	77679	60	61
contig_17_22A1S1G-4	25143	84571	60	61
contig_18_22A1S1G-4	3053	110155	60	61
contig_19_22A1S1G-4	6322	113280	60	61
contig_2_22A1S1G-4	2677	119728	60	61
contig_20_22A1S1G-4	8711	122471	60	61
contig_21_22A1S1G-4	6803	131349	60	61
contig_22_22A1S1G-4	2992	138287	60	61
contig_23_22A1S1G-4	11923	141350	60	61
contig_24_22A1S1G-4	3193	153493	60	61
contig_25_22A1S1G-4	4773	156761	60	61
contig_26_22A1S1G-4	12931	161635	60	61
contig_27_22A1S1G-4	11160	174803	60	61
contig_28_22A1S1G-4	6726	186170	60	61
contig_29_22A1S1G-4	4779	193030	60	61
contig_3_22A1S1G-4	13132	197909	60	61
contig_30_22A1S1G-4	10051	211281	60	61
contig_31_22A1S1G-4	4245	221521	60	61
contig_32_22A1S1G-4	11741	225858	60	61
contig_33_22A1S1G-4	4870	237816	60	61
contig_34_22A1S1G-4	7080	242789	60	61
contig_35_22A1S1G-4	6252	250008	60	61
contig_36_22A1S1G-4	5630	256386	60	61
contig_37_22A1S1G-4	21553	262131	60	61
contig_38_22A1S1G-4	6537	284065	60	61
contig_39_22A1S1G-4	4986	290732	60	61
contig_4_22A1S1G-4	8520	295822	60	61
contig_5_22A1S1G-4	5566	304504	60	61
contig_6_22A1S1G-4	12286	310183	60	61
contig_7_22A1S1G-4	7209	322694	60	61
contig_8_22A1S1G-4	6926	330044	60	61
contig_9_22A1S1G-4	8790	337106	60	61
contig_1_22A1S1G-5	129236	20	60	61
contig_10_22A1S1G-5	96550	131431	60	61
contig_100_22A1S1G-5	3798	229613	60	61
contig_101_22A1S1G-5	63847	233497	60	61
contig_102_22A1S1G-5	9194	298431	60	61
contig_103_22A1S1G-5	2949	307801	60	61
contig_104_22A1S1G-5	18598	310822	60	61
contig_105_22A1S1G-5	2758	329752	60	61
contig_106_22A1S1G-5	9474	332578	60	61
contig_107_22A1S1G-5	6290	342232	60	61
contig_108_22A1S1G-5	9191	348649	60	61
contig_109_22A1S1G-5	13233	358016	60	61
contig_11_22A1S1G-5	23636	371491	60	61
contig_110_22A1S1G-5	83125	395543	60	61
contig_111_22A1S1G-5	2693	480076	60	61
contig_112_22A1S1G-5	18318	482836	60	61
contig_113_22A1S1G-5	2478	501482	60	61
contig_114_22A1S1G-5	2787	504024	60	61
contig_115_22A1S1G-5	4370	506880	60	61
contig_116_22A1S1G-5	12687	511345	60	61
contig_117_22A1S1G-5	8069	524266	60	61
contig_119_22A1S1G-5	4782	532492	60	61
contig_12_22A1S1G-5	27399	537375	60	61
contig_120_22A1S1G-5	56746	565253	60	61
contig_121_22A1S1G-5	3627	622967	60	61
contig_122_22A1S1G-5	4862	626677	60	61
contig_123_22A1S1G-5	2387	631643	60	61
contig_124_22A1S1G-5	2314	634092	60	61
contig_125_22A1S1G-5	46915	636467	60	61
contig_126_22A1S1G-5	2586	684186	60	61
contig_127_22A1S1G-5	2285	686838	60	61
contig_128_22A1S1G-5	4429	689184	60	61
contig_129_22A1S1G-5	9394	693709	60	61
contig_13_22A1S1G-5	50549	703281	60	61
contig_130_22A1S1G-5	2505	754695	60	61
contig_131_22A1S1G-5	2503	757264	60	61
contig_132_22A1S1G-5	2215	759831	60	61
contig_133_22A1S1G-5	2880	762105	60	61
contig_134_22A1S1G-5	103683	765055	60	61
contig_135_22A1S1G-5	2504	870489	60	61
contig_136_22A1S1G-5	2548	873057	60	61
contig_137_22A1S1G-5	2710	875670	60	61
contig_138_22A1S1G-5	3495	878448	60	61
contig_139_22A1S1G-5	2266	882024	60	61
contig_14_22A1S1G-5	50021	884349	60	61
contig_140_22A1S1G-5	10438	935226	60	61
contig_141_22A1S1G-5	98685	945860	60	61
contig_142_22A1S1G-5	160344	1046212	60	61
contig_143_22A1S1G-5	66183	1209251	60	61
contig_144_22A1S1G-5	19266	1276560	60	61
contig_145_22A1S1G-5	19668	1296170	60	61
contig_146_22A1S1G-5	25571	1316188	60	61
contig_147_22A1S1G-5	17970	1342208	60	61
contig_148_22A1S1G-5	58638	1360500	60	61
contig_149_22A1S1G-5	20564	1420138	60	61
contig_15_22A1S1G-5	7265	1441066	60	61
contig_150_22A1S1G-5	100654	1448475	60	61
contig_151_22A1S1G-5	94021	1550829	60	61
contig_152_22A1S1G-5	6212	1646440	60	61
contig_153_22A1S1G-5	75480	1652778	60	61
contig_154_22A1S1G-5	68843	1729538	60	61
contig_155_22A1S1G-5	16180	1799551	60	61
contig_156_22A1S1G-5	2285	1816023	60	61
contig_157_22A1S1G-5	7807	1818369	60	61
contig_158_22A1S1G-5	83212	1826329	60	61
contig_159_22A1S1G-5	19233	1910950	60	61
contig_16_22A1S1G-5	10313	1930525	60	61
contig_160_22A1S1G-5	20485	1941032	60	61
contig_161_22A1S1G-5	34674	1961881	60	61
contig_162_22A1S1G-5	49577	1997155	60	61
contig_163_22A1S1G-5	36305	2047581	60	61
contig_164_22A1S1G-5	57394	2084514	60	61
contig_165_22A1S1G-5	35502	2142887	60	61
contig_166_22A1S1G-5	91667	2179003	60	61
contig_167_22A1S1G-5	110304	2272220	60	61
contig_168_22A1S1G-5	16672	2384385	60	61
contig_169_22A1S1G-5	66821	2401357	60	61
contig_17_22A1S1G-5	34525	2469313	60	61
contig_170_22A1S1G-5	38958	2504436	60	61
contig_171_22A1S1G-5	8654	2544066	60	61
contig_172_22A1S1G-5	17255	2552887	60	61
contig_173_22A1S1G-5	22598	2570452	60	61
contig_174_22A1S1G-5	11919	2593449	60	61
contig_175_22A1S1G-5	49778	2605589	60	61
contig_176_22A1S1G-5	137975	2656219	60	61
contig_177_22A1S1G-5	48911	2796516	60	61
contig_178_22A1S1G-5	22625	2846265	60	61
contig_179_22A1S1G-5	30335	2869290	60	61
contig_18_22A1S1G-5	75685	2900152	60	61
contig_180_22A1S1G-5	46748	2977121	60	61
contig_181_22A1S1G-5	132286	3024671	60	61
contig_183_22A1S1G-5	137499	3159184	60	61
contig_184_22A1S1G-5	19988	3298997	60	61
contig_185_22A1S1G-5	487358	3319341	60	61
contig_186_22A1S1G-5	82637	3814844	60	61
contig_187_22A1S1G-5	26063	3898881	60	61
contig_188_22A1S1G-5	28216	3925401	60	61
contig_189_22A1S1G-5	86139	3954110	60	61
contig_19_22A1S1G-5	21068	4041706	60	61
contig_190_22A1S1G-5	20091	4063148	60	61
contig_191_22A1S1G-5	31218	4083596	60	61
contig_192_22A1S1G-5	43083	4115357	60	61
contig_193_22A1S1G-5	39930	4159181	60	61
contig_194_22A1S1G-5	25681	4199799	60	61
contig_195_22A1S1G-5	58096	4225931	60	61
contig_196_22A1S1G-5	226718	4285018	60	61
contig_197_22A1S1G-5	27857	4515537	60	61
contig_198_22A1S1G-5	121262	4543881	60	61
contig_199_22A1S1G-5	80011	4667187	60	61
contig_2_22A1S1G-5	42212	4748552	60	61
contig_20_22A1S1G-5	184477	4791489	60	61
contig_200_22A1S1G-5	30004	4979063	60	61
contig_201_22A1S1G-5	79345	5009590	60	61
contig_202_22A1S1G-5	19965	5090280	60	61
contig_203_22A1S1G-5	73857	5110600	60	61
contig_204_22A1S1G-5	11197	5185710	60	61
contig_205_22A1S1G-5	44140	5197116	60	61
contig_206_22A1S1G-5	36085	5242014	60	61
contig_207_22A1S1G-5	39570	5278723	60	61
contig_208_22A1S1G-5	47207	5318975	60	61
contig_209_22A1S1G-5	20370	5366991	60	61
contig_21_22A1S1G-5	16780	5387722	60	61
contig_210_22A1S1G-5	15324	5404804	60	61
contig_211_22A1S1G-5	18116	5420406	60	61
contig_212_22A1S1G-5	18824	5438846	60	61
contig_213_22A1S1G-5	78323	5458006	60	61
contig_214_22A1S1G-5	82272	5537657	60	61
contig_215_22A1S1G-5	28206	5621323	60	61
contig_216_22A1S1G-5	233436	5650022	60	61
contig_217_22A1S1G-5	270273	5887371	60	61
contig_218_22A1S1G-5	106936	6162171	60	61
contig_22_22A1S1G-5	67842	6270911	60	61
contig_23_22A1S1G-5	85329	6339905	60	61
contig_24_22A1S1G-5	49902	6426678	60	61
contig_25_22A1S1G-5	47761	6477433	60	61
contig_26_22A1S1G-5	10726	6526012	60	61
contig_27_22A1S1G-5	131605	6536938	60	61
contig_28_22A1S1G-5	19585	6670758	60	61
contig_3_22A1S1G-5	95270	6690690	60	61
contig_30_22A1S1G-5	411104	6787569	60	61
contig_31_22A1S1G-5	336026	7205546	60	61
contig_32_22A1S1G-5	334089	7547194	60	61
contig_33_22A1S1G-5	115471	7886873	60	61
contig_34_22A1S1G-5	66845	8004290	60	61
contig_35_22A1S1G-5	184328	8072271	60	61
contig_36_22A1S1G-5	6619	8259693	60	61
contig_37_22A1S1G-5	76440	8266444	60	61
contig_38_22A1S1G-5	20303	8344179	60	61
contig_39_22A1S1G-5	21736	8364842	60	61
contig_4_22A1S1G-5	87914	8386961	60	61
contig_40_22A1S1G-5	5978	8476362	60	61
contig_41_22A1S1G-5	56642	8482461	60	61
contig_42_22A1S1G-5	34951	8540069	60	61
contig_43_22A1S1G-5	55435	8575624	60	61
contig_44_22A1S1G-5	7779	8632004	60	61
contig_45_22A1S1G-5	18731	8639934	60	61
contig_46_22A1S1G-5	17969	8658999	60	61
contig_47_22A1S1G-5	3471	8677289	60	61
contig_48_22A1S1G-5	5731	8680839	60	61
contig_49_22A1S1G-5	37414	8686687	60	61
contig_5_22A1S1G-5	7248	8724745	60	61
contig_50_22A1S1G-5	15637	8732135	60	61
contig_51_22A1S1G-5	18920	8748054	60	61
contig_52_22A1S1G-5	29091	8767311	60	61
contig_53_22A1S1G-5	52976	8796908	60	61
contig_54_22A1S1G-5	13271	8850788	60	61
contig_55_22A1S1G-5	22189	8864302	60	61
contig_56_22A1S1G-5	251736	8886882	60	61
contig_57_22A1S1G-5	100707	9142835	60	61
contig_58_22A1S1G-5	10910	9245242	60	61
contig_59_22A1S1G-5	97953	9256355	60	61
contig_6_22A1S1G-5	33702	9355961	60	61
contig_60_22A1S1G-5	11422	9390246	60	61
contig_61_22A1S1G-5	12457	9401880	60	61
contig_62_22A1S1G-5	41149	9414566	60	61
contig_63_22A1S1G-5	23211	9456422	60	61
contig_64_22A1S1G-5	12894	9480041	60	61
contig_65_22A1S1G-5	40105	9493171	60	61
contig_66_22A1S1G-5	64217	9533966	60	61
contig_67_22A1S1G-5	3289	9599275	60	61
contig_68_22A1S1G-5	5538	9602640	60	61
contig_69_22A1S1G-5	6844	9608292	60	61
contig_7_22A1S1G-5	14851	9615271	60	61
contig_70_22A1S1G-5	13367	9630391	60	61
contig_71_22A1S1G-5	22664	9644002	60	61
contig_72_22A1S1G-5	26949	9667065	60	61
contig_73_22A1S1G-5	24009	9694485	60	61
contig_74_22A1S1G-5	47545	9718916	60	61
contig_75_22A1S1G-5	56913	9767275	60	61
contig_76_22A1S1G-5	30705	9825158	60	61
contig_77_22A1S1G-5	7740	9856396	60	61
contig_78_22A1S1G-5	18907	9864286	60	61
contig_79_22A1S1G-5	16693	9883530	60	61
contig_8_22A1S1G-5	44296	9900522	60	61
contig_80_22A1S1G-5	13249	9945578	60	61
contig_81_22A1S1G-5	5518	9959069	60	61
contig_82_22A1S1G-5	4356	9964700	60	61
contig_83_22A1S1G-5	5005	9969150	60	61
contig_84_22A1S1G-5	6518	9974260	60	61
contig_85_22A1S1G-5	7002	9980908	60	61
contig_86_22A1S1G-5	2556	9988048	60	61
contig_87_22A1S1G-5	22368	9990668	60	61
contig_88_22A1S1G-5	15280	10013430	60	61
contig_89_22A1S1G-5	11626	10028986	60	61
contig_9_22A1S1G-5	36892	10040826	60	61
contig_90_22A1S1G-5	10968	10078354	60	61
contig_91_22A1S1G-5	7464	10089526	60	61
contig_92_22A1S1G-5	43117	10097136	60	61
contig_93_22A1S1G-5	14133	10140993	60	61
contig_94_22A1S1G-5	10810	10155383	60	61
contig_95_22A1S1G-5	16971	10166395	60	61
contig_96_22A1S1G-5	2809	10183670	60	61
contig_97_22A1S1G-5	7638	10186547	60	61
contig_98_22A1S1G-5	9982	10194334	60	61
contig_99_22A1S1G-5	2277	10204504	60	61
contig_3_22A1VL55-1	3982969	21	60	61
contig_5_22A1VL55-1	13645	4049394	60	61
contig_6_22A1VL55-1	27233	4063288	60	61
contig_7_22A1VL55-1	71144	4090996	60	61
contig_1_22A1VL55-2	4183495	21	60	61
contig_3_22A1VL55-2	12897	4253262	60	61
contig_5_22A1VL55-2	85361	4266395	60	61
contig_6_22A1VL55-2	21313	4353200	60	61
contig_7_22A1VL55-2	32674	4374890	60	61
contig_1_22A1VL55-3	3348868	21	60	61
contig_1_22A1VL55-4	3349184	21	60	61
contig_1_22A1VL55-5	3348946	21	60	61
contig_1_22A1VL55-6	3348180	21	60	61
contig_2_22A1VL55-6	23196	3404025	60	61
contig_1_22A2L9-1	4250694	19	60	61
contig_2_22A2L9-1	80856	4321577	60	61
contig_1_22A2L9-2	113296	19	60	61
contig_10_22A2L9-2	31498	115224	60	61
contig_11_22A2L9-2	258460	147267	60	61
contig_12_22A2L9-2	60879	410055	60	61
contig_13_22A2L9-2	52023	471969	60	61
contig_14_22A2L9-2	134341	524880	60	61
contig_15_22A2L9-2	565065	661481	60	61
contig_16_22A2L9-2	9200	1235984	60	61
contig_17_22A2L9-2	39664	1245358	60	61
contig_18_22A2L9-2	37277	1285704	60	61
contig_19_22A2L9-2	6849	1323623	60	61
contig_2_22A2L9-2	24256	1330606	60	61
contig_20_22A2L9-2	93697	1355287	60	61
contig_21_22A2L9-2	73323	1450566	60	61
contig_22_22A2L9-2	10547	1525132	60	61
contig_23_22A2L9-2	63088	1535875	60	61
contig_24_22A2L9-2	6309	1600035	60	61
contig_25_22A2L9-2	14957	1606470	60	61
contig_26_22A2L9-2	35606	1621697	60	61
contig_27_22A2L9-2	62575	1657917	60	61
contig_28_22A2L9-2	17447	1721555	60	61
contig_29_22A2L9-2	128198	1739313	60	61
contig_3_22A2L9-2	10488	1869667	60	61
contig_30_22A2L9-2	64722	1880350	60	61
contig_31_22A2L9-2	26371	1946171	60	61
contig_32_22A2L9-2	8845	1973002	60	61
contig_33_22A2L9-2	49185	1982015	60	61
contig_34_22A2L9-2	26049	2032040	60	61
contig_35_22A2L9-2	24802	2058544	60	61
contig_36_22A2L9-2	8390	2083780	60	61
contig_37_22A2L9-2	36838	2092330	60	61
contig_38_22A2L9-2	10686	2129802	60	61
contig_39_22A2L9-2	50014	2140687	60	61
contig_4_22A2L9-2	7645	2191554	60	61
contig_40_22A2L9-2	16638	2199347	60	61
contig_41_22A2L9-2	344030	2216283	60	61
contig_42_22A2L9-2	26827	2566067	60	61
contig_43_22A2L9-2	21159	2593362	60	61
contig_44_22A2L9-2	32292	2614894	60	61
contig_45_22A2L9-2	23502	2647745	60	61
contig_46_22A2L9-2	14401	2671659	60	61
contig_47_22A2L9-2	116716	2686321	60	61
contig_48_22A2L9-2	55154	2805003	60	61
contig_49_22A2L9-2	35558	2861097	60	61
contig_5_22A2L9-2	7944	2897267	60	61
contig_50_22A2L9-2	42536	2905364	60	61
contig_51_22A2L9-2	127807	2948629	60	61
contig_52_22A2L9-2	7051	3078587	60	61
contig_53_22A2L9-2	234249	3085776	60	61
contig_54_22A2L9-2	180114	3323950	60	61
contig_55_22A2L9-2	286489	3507086	60	61
contig_56_22A2L9-2	118022	3798370	60	61
contig_57_22A2L9-2	10732	3918380	60	61
contig_58_22A2L9-2	12150	3929311	60	61
contig_59_22A2L9-2	53845	3941684	60	61
contig_6_22A2L9-2	105861	3996446	60	61
contig_7_22A2L9-2	169887	4104091	60	61
contig_8_22A2L9-2	178815	4276829	60	61
contig_9_22A2L9-2	45254	4458644	60	61
contig_1_22A2L9-3	4014352	19	60	61
contig_2_22A2L9-3	78978	4081296	60	61
contig_3_22A2L9-3	38464	4161610	60	61
contig_1_22A2L9-4	3816174	19	60	61
contig_2_22A2L9-4	119237	3879815	60	61
contig_3_22A2L9-4	192186	4001059	60	61
contig_4_22A2L9-4	120507	4196468	60	61
contig_1_22A2L9-5	3851734	19	60	61
contig_2_22A2L9-5	314378	3915968	60	61
contig_3_22A2L9-5	41071	4235605	60	61
contig_4_22A2L9-5	46361	4277380	60	61
contig_5_22A2L9-5	42702	4324533	60	61
contig_1_22A2NFb-1	13162	20	60	61
contig_10_22A2NFb-1	35937	13423	60	61
contig_11_22A2NFb-1	42063	49980	60	61
contig_12_22A2NFb-1	13410	92766	60	61
contig_13_22A2NFb-1	5202	106421	60	61
contig_14_22A2NFb-1	5415	111731	60	61
contig_15_22A2NFb-1	22647	117258	60	61
contig_16_22A2NFb-1	231053	140304	60	61
contig_17_22A2NFb-1	16093	375229	60	61
contig_18_22A2NFb-1	15545	391612	60	61
contig_19_22A2NFb-1	34203	407438	60	61
contig_2_22A2NFb-1	44958	442232	60	61
contig_20_22A2NFb-1	10154	487961	60	61
contig_21_22A2NFb-1	3513	498306	60	61
contig_22_22A2NFb-1	1461	501899	60	61
contig_23_22A2NFb-1	27087	503406	60	61
contig_24_22A2NFb-1	5099	530966	60	61
contig_25_22A2NFb-1	27465	536171	60	61
contig_26_22A2NFb-1	1590534	564115	60	61
contig_27_22A2NFb-1	3507	2181179	60	61
contig_28_22A2NFb-1	30390	2184766	60	61
contig_29_22A2NFb-1	8537	2215684	60	61
contig_3_22A2NFb-1	23431	2224384	60	61
contig_30_22A2NFb-1	143631	2248227	60	61
contig_31_22A2NFb-1	233354	2394273	60	61
contig_32_22A2NFb-1	2469	2631538	60	61
contig_33_22A2NFb-1	8877	2634070	60	61
contig_34_22A2NFb-1	126419	2643116	60	61
contig_35_22A2NFb-1	1128740	2771663	60	61
contig_36_22A2NFb-1	19630	3919237	60	61
contig_37_22A2NFb-1	120475	3939216	60	61
contig_38_22A2NFb-1	8211	4061720	60	61
contig_39_22A2NFb-1	27371	4070089	60	61
contig_4_22A2NFb-1	7228	4097937	60	61
contig_40_22A2NFb-1	32892	4105307	60	61
contig_41_22A2NFb-1	23001	4138769	60	61
contig_42_22A2NFb-1	184392	4162175	60	61
contig_43_22A2NFb-1	34017	4349662	60	61
contig_44_22A2NFb-1	98615	4384267	60	61
contig_45_22A2NFb-1	33400	4484547	60	61
contig_46_22A2NFb-1	13362	4518525	60	61
contig_47_22A2NFb-1	43691	4532131	60	61
contig_48_22A2NFb-1	28192	4576572	60	61
contig_49_22A2NFb-1	88386	4605255	60	61
contig_5_22A2NFb-1	6471	4695135	60	61
contig_50_22A2NFb-1	64862	4701735	60	61
contig_51_22A2NFb-1	102348	4767700	60	61
contig_52_22A2NFb-1	32211	4871775	60	61
contig_53_22A2NFb-1	12245	4904544	60	61
contig_54_22A2NFb-1	16686	4917015	60	61
contig_55_22A2NFb-1	68936	4934001	60	61
contig_56_22A2NFb-1	30068	5004107	60	61
contig_57_22A2NFb-1	57976	5034698	60	61
contig_58_22A2NFb-1	84417	5093662	60	61
contig_59_22A2NFb-1	302863	5179507	60	61
contig_6_22A2NFb-1	231948	5487438	60	61
contig_60_22A2NFb-1	124107	5723273	60	61
contig_61_22A2NFb-1	10216	5849470	60	61
contig_62_22A2NFb-1	41879	5859878	60	61
contig_63_22A2NFb-1	309011	5902476	60	61
contig_64_22A2NFb-1	12371	6216659	60	61
contig_65_22A2NFb-1	22233	6229258	60	61
contig_66_22A2NFb-1	7685	6251883	60	61
contig_67_22A2NFb-1	6908	6259718	60	61
contig_68_22A2NFb-1	59897	6266763	60	61
contig_69_22A2NFb-1	254564	6327680	60	61
contig_7_22A2NFb-1	59938	6586507	60	61
contig_70_22A2NFb-1	40545	6647465	60	61
contig_71_22A2NFb-1	14285	6688707	60	61
contig_72_22A2NFb-1	32597	6703252	60	61
contig_73_22A2NFb-1	23192	6736414	60	61
contig_74_22A2NFb-1	6302	6760014	60	61
contig_75_22A2NFb-1	63275	6766443	60	61
contig_76_22A2NFb-1	39351	6830794	60	61
contig_77_22A2NFb-1	46814	6870822	60	61
contig_78_22A2NFb-1	645663	6918438	60	61
contig_79_22A2NFb-1	49415	7574884	60	61
contig_8_22A2NFb-1	191783	7625143	60	61
contig_80_22A2NFb-1	70622	7820144	60	61
contig_81_22A2NFb-1	74418	7891965	60	61
contig_82_22A2NFb-1	147514	7967645	60	61
contig_83_22A2NFb-1	51397	8117639	60	61
contig_9_22A2NFb-1	194365	8169913	60	61
contig_1_22A2NFb-2	299966	20	60	61
contig_10_22A2NFb-2	47843	305007	60	61
contig_2_22A2NFb-2	174938	353668	60	61
contig_3_22A2NFb-2	617310	531542	60	61
contig_4_22A2NFb-2	54571	1159161	60	61
contig_5_22A2NFb-2	991366	1214662	60	61
contig_6_22A2NFb-2	1379661	2222571	60	61
contig_7_22A2NFb-2	300010	3625247	60	61
contig_8_22A2NFb-2	1309249	3930278	60	61
contig_9_22A2NFb-2	349657	5261368	60	61
contig_1_22A2NFb-3	1046295	20	60	61
contig_10_22A2NFb-3	58137	1063775	60	61
contig_11_22A2NFb-3	6884	1122902	60	61
contig_12_22A2NFb-3	725636	1129922	60	61
contig_13_22A2NFb-3	1549	1867673	60	61
contig_14_22A2NFb-3	220688	1869269	60	61
contig_15_22A2NFb-3	120036	2093657	60	61
contig_16_22A2NFb-3	5863	2215715	60	61
contig_17_22A2NFb-3	2712	2221697	60	61
contig_18_22A2NFb-3	518566	2224476	60	61
contig_2_22A2NFb-3	397171	2751705	60	61
contig_3_22A2NFb-3	75433	3155516	60	61
contig_4_22A2NFb-3	359985	3232227	60	61
contig_5_22A2NFb-3	564897	3598232	60	61
contig_6_22A2NFb-3	33766	4172564	60	61
contig_7_22A2NFb-3	138479	4206913	60	61
contig_8_22A2NFb-3	216997	4347720	60	61
contig_9_22A2NFb-3	21218	4568354	60	61
contig_1_22A2PE-10	3442351	20	60	61
contig_1_22A2PE-1	39230	19	60	61
contig_10_22A2PE-1	36590	39923	60	61
contig_11_22A2PE-1	96947	77143	60	61
contig_12_22A2PE-1	3560	175726	60	61
contig_13_22A2PE-1	53278	179366	60	61
contig_14_22A2PE-1	47308	233552	60	61
contig_15_22A2PE-1	46003	281669	60	61
contig_16_22A2PE-1	40466	328459	60	61
contig_17_22A2PE-1	89423	369620	60	61
contig_18_22A2PE-1	75819	460554	60	61
contig_19_22A2PE-1	34750	537657	60	61
contig_2_22A2PE-1	30407	573006	60	61
contig_20_22A2PE-1	31340	603940	60	61
contig_21_22A2PE-1	249598	635823	60	61
contig_22_22A2PE-1	13929	889601	60	61
contig_23_22A2PE-1	22326	903783	60	61
contig_24_22A2PE-1	88248	926502	60	61
contig_25_22A2PE-1	91109	1016241	60	61
contig_26_22A2PE-1	90481	1108889	60	61
contig_27_22A2PE-1	379760	1200899	60	61
contig_28_22A2PE-1	33897	1587009	60	61
contig_3_22A2PE-1	13109	1621490	60	61
contig_30_22A2PE-1	18892	1634838	60	61
contig_31_22A2PE-1	61601	1654065	60	61
contig_32_22A2PE-1	152381	1716713	60	61
contig_33_22A2PE-1	93606	1871654	60	61
contig_34_22A2PE-1	107051	1966841	60	61
contig_35_22A2PE-1	138750	2075697	60	61
contig_36_22A2PE-1	39854	2216780	60	61
contig_37_22A2PE-1	136017	2257319	60	61
contig_38_22A2PE-1	33468	2395623	60	61
contig_39_22A2PE-1	20166	2429669	60	61
contig_4_22A2PE-1	6738	2450191	60	61
contig_40_22A2PE-1	156909	2457062	60	61
contig_41_22A2PE-1	30239	2616607	60	61
contig_43_22A2PE-1	37272	2647370	60	61
contig_44_22A2PE-1	25436	2685284	60	61
contig_45_22A2PE-1	15418	2711164	60	61
contig_46_22A2PE-1	4257032	2726859	60	61
contig_47_22A2PE-1	27528	7054862	60	61
contig_48_22A2PE-1	13044	7082869	60	61
contig_49_22A2PE-1	67674	7096151	60	61
contig_5_22A2PE-1	63943	7164972	60	61
contig_50_22A2PE-1	362971	7230001	60	61
contig_51_22A2PE-1	61783	7599042	60	61
contig_52_22A2PE-1	41268	7661875	60	61
contig_53_22A2PE-1	48179	7703851	60	61
contig_54_22A2PE-1	11462	7752853	60	61
contig_55_22A2PE-1	23266	7764527	60	61
contig_56_22A2PE-1	34982	7788201	60	61
contig_57_22A2PE-1	92932	7823787	60	61
contig_58_22A2PE-1	14862	7918288	60	61
contig_59_22A2PE-1	23706	7933418	60	61
contig_6_22A2PE-1	28280	7957539	60	61
contig_60_22A2PE-1	77615	7986311	60	61
contig_61_22A2PE-1	59871	8065240	60	61
contig_62_22A2PE-1	10783	8126129	60	61
contig_63_22A2PE-1	24229	8137112	60	61
contig_64_22A2PE-1	52876	8161765	60	61
contig_65_22A2PE-1	30545	8215543	60	61
contig_66_22A2PE-1	36406	8246618	60	61
contig_67_22A2PE-1	15416	8283651	60	61
contig_68_22A2PE-1	80240	8299344	60	61
contig_69_22A2PE-1	41030	8380942	60	61
contig_7_22A2PE-1	39777	8422675	60	61
contig_70_22A2PE-1	17702	8463135	60	61
contig_71_22A2PE-1	19792	8481153	60	61
contig_72_22A2PE-1	35417	8501295	60	61
contig_73_22A2PE-1	1309	8537323	60	61
contig_74_22A2PE-1	1476	8538674	60	61
contig_75_22A2PE-1	1259	8540195	60	61
contig_76_22A2PE-1	1008	8541495	60	61
contig_77_22A2PE-1	5720	8542540	60	61
contig_78_22A2PE-1	5901	8548376	60	61
contig_79_22A2PE-1	18767	8554396	60	61
contig_8_22A2PE-1	79089	8573495	60	61
contig_80_22A2PE-1	20287	8653923	60	61
contig_81_22A2PE-1	11338	8674569	60	61
contig_82_22A2PE-1	20561	8686116	60	61
contig_83_22A2PE-1	6562	8707040	60	61
contig_84_22A2PE-1	37590	8713732	60	61
contig_85_22A2PE-1	16090	8751969	60	61
contig_86_22A2PE-1	174806	8768348	60	61
contig_87_22A2PE-1	75681	8946088	60	61
contig_88_22A2PE-1	103460	9023051	60	61
contig_89_22A2PE-1	76251	9128256	60	61
contig_9_22A2PE-1	21905	9205797	60	61
contig_90_22A2PE-1	19954	9228088	60	61
contig_91_22A2PE-1	127310	9248395	60	61
contig_92_22A2PE-1	83078	9377847	60	61
contig_93_22A2PE-1	233037	9462330	60	61
contig_94_22A2PE-1	56063	9699271	60	61
contig_1_22A2PE-2	5738188	19	60	61
contig_1_22A2PE-3	5579495	19	60	61
contig_1_22A2PE-4	3963647	19	60	61
contig_2_22A2PE-4	6317001	4029746	60	61
contig_3_22A2PE-4	47125	10452050	60	61
contig_1_22A2PE-5	4265233	19	60	61
contig_11_22A2PE-5	42697	4336360	60	61
contig_12_22A2PE-5	14823	4379789	60	61
contig_3_22A2PE-5	21410	4394879	60	61
contig_5_22A2PE-5	18852	4416665	60	61
contig_9_22A2PE-5	50107	4435851	60	61
contig_1_22A2PE-6	4415288	19	60	61
contig_1_22A2PE-7	5551644	19	60	61
contig_2_22A2PE-7	5690258	5644210	60	61
contig_1_22A2PE-8	5551214	19	60	61
contig_1_22A2PE-9	4415767	19	60	61
contig_2_22A2PE-9	8855	4489402	60	61
contig_3_22A2PE-9	2988	4498424	60	61
contig_4_22A2PE-9	5025	4501481	60	61
contig_5_22A2PE-9	7225	4506609	60	61
contig_6_22A2PE-9	5587	4513974	60	61
contig_7_22A2PE-9	5966	4519674	60	61
contig_8_22A2PE-9	9318	4525759	60	61
contig_9_22A2PE-9	7092	4535252	60	61
contig_1_22A2R2A-10	83705	21	60	61
contig_3_22A2R2A-10	3986058	85143	60	61
contig_4_22A2R2A-10	183294	4137657	60	61
contig_5_22A2R2A-10	37667	4324027	60	61
contig_6_22A2R2A-10	53100	4362343	60	61
contig_7_22A2R2A-10	43339	4416349	60	61
contig_1_22A2R2A-1	36274	20	60	61
contig_10_22A2R2A-1	8884	36920	60	61
contig_11_22A2R2A-1	133946	45974	60	61
contig_13_22A2R2A-1	22540	182174	60	61
contig_14_22A2R2A-1	56447	205111	60	61
contig_15_22A2R2A-1	11105	262520	60	61
contig_16_22A2R2A-1	16225	273832	60	61
contig_17_22A2R2A-1	66467	290349	60	61
contig_18_22A2R2A-1	16305	357945	60	61
contig_19_22A2R2A-1	25147	374543	60	61
contig_2_22A2R2A-1	3940	400130	60	61
contig_20_22A2R2A-1	5358	404157	60	61
contig_21_22A2R2A-1	31131	409626	60	61
contig_22_22A2R2A-1	88821	441297	60	61
contig_23_22A2R2A-1	31034	531620	60	61
contig_24_22A2R2A-1	44219	563193	60	61
contig_25_22A2R2A-1	22043	608170	60	61
contig_26_22A2R2A-1	13495	630602	60	61
contig_27_22A2R2A-1	32771	644343	60	61
contig_28_22A2R2A-1	13618	677682	60	61
contig_29_22A2R2A-1	16310	691548	60	61
contig_3_22A2R2A-1	33326	708150	60	61
contig_30_22A2R2A-1	63863	742053	60	61
contig_31_22A2R2A-1	22596	807002	60	61
contig_32_22A2R2A-1	27985	829996	60	61
contig_33_22A2R2A-1	36238	858469	60	61
contig_34_22A2R2A-1	79661	895332	60	61
contig_35_22A2R2A-1	41959	976342	60	61
contig_36_22A2R2A-1	16294	1019022	60	61
contig_37_22A2R2A-1	30837	1035609	60	61
contig_38_22A2R2A-1	76823	1066981	60	61
contig_39_22A2R2A-1	5073	1145106	60	61
contig_4_22A2R2A-1	61494	1150284	60	61
contig_40_22A2R2A-1	18444	1212824	60	61
contig_41_22A2R2A-1	5597	1231597	60	61
contig_43_22A2R2A-1	5774	1237309	60	61
contig_44_22A2R2A-1	9846	1243201	60	61
contig_45_22A2R2A-1	23012	1253233	60	61
contig_46_22A2R2A-1	34708	1276650	60	61
contig_48_22A2R2A-1	50251	1311958	60	61
contig_49_22A2R2A-1	21064	1363068	60	61
contig_50_22A2R2A-1	30980	1384505	60	61
contig_51_22A2R2A-1	46888	1416023	60	61
contig_52_22A2R2A-1	20077	1463714	60	61
contig_53_22A2R2A-1	31174	1484147	60	61
contig_54_22A2R2A-1	16162	1515862	60	61
contig_55_22A2R2A-1	42319	1532315	60	61
contig_56_22A2R2A-1	27839	1575361	60	61
contig_57_22A2R2A-1	7358	1603685	60	61
contig_58_22A2R2A-1	20720	1611187	60	61
contig_59_22A2R2A-1	22439	1632274	60	61
contig_60_22A2R2A-1	26762	1655108	60	61
contig_61_22A2R2A-1	34031	1682338	60	61
contig_62_22A2R2A-1	90611	1716958	60	61
contig_63_22A2R2A-1	16594	1809101	60	61
contig_64_22A2R2A-1	5664	1825993	60	61
contig_65_22A2R2A-1	13926	1831773	60	61
contig_66_22A2R2A-1	16024	1845953	60	61
contig_67_22A2R2A-1	16462	1862266	60	61
contig_68_22A2R2A-1	10236	1879024	60	61
contig_69_22A2R2A-1	70402	1889452	60	61
contig_7_22A2R2A-1	32726	1961048	60	61
contig_70_22A2R2A-1	72445	1994341	60	61
contig_71_22A2R2A-1	38865	2068015	60	61
contig_72_22A2R2A-1	30956	2107549	60	61
contig_73_22A2R2A-1	5529	2139042	60	61
contig_74_22A2R2A-1	9844	2144685	60	61
contig_75_22A2R2A-1	71865	2154715	60	61
contig_76_22A2R2A-1	18520	2227799	60	61
contig_77_22A2R2A-1	11191	2246649	60	61
contig_78_22A2R2A-1	29675	2258048	60	61
contig_79_22A2R2A-1	108057	2288239	60	61
contig_8_22A2R2A-1	34376	2398117	60	61
contig_80_22A2R2A-1	45713	2433087	60	61
contig_81_22A2R2A-1	60216	2479583	60	61
contig_82_22A2R2A-1	20917	2540824	60	61
contig_83_22A2R2A-1	8989	2562111	60	61
contig_84_22A2R2A-1	46389	2571271	60	61
contig_85_22A2R2A-1	63504	2618455	60	61
contig_86_22A2R2A-1	70138	2683039	60	61
contig_87_22A2R2A-1	12688	2754367	60	61
contig_88_22A2R2A-1	7574	2767288	60	61
contig_89_22A2R2A-1	7879	2775010	60	61
contig_9_22A2R2A-1	26519	2783041	60	61
contig_90_22A2R2A-1	24078	2810023	60	61
contig_3_22A2R2A-2	4262926	20	60	61
contig_1_22A2R2A-3	17891	20	60	61
contig_10_22A2R2A-3	8010	18231	60	61
contig_11_22A2R2A-3	11141	26396	60	61
contig_12_22A2R2A-3	2716	37744	60	61
contig_13_22A2R2A-3	5688	40527	60	61
contig_14_22A2R2A-3	8614	46331	60	61
contig_15_22A2R2A-3	11155	55110	60	61
contig_16_22A2R2A-3	3774	66472	60	61
contig_17_22A2R2A-3	4960	70330	60	61
contig_18_22A2R2A-3	2563	75394	60	61
contig_19_22A2R2A-3	5800	78021	60	61
contig_2_22A2R2A-3	5965	83938	60	61
contig_20_22A2R2A-3	4857	90024	60	61
contig_21_22A2R2A-3	2904	94983	60	61
contig_22_22A2R2A-3	7832	97957	60	61
contig_23_22A2R2A-3	2607	105941	60	61
contig_24_22A2R2A-3	13418	108613	60	61
contig_25_22A2R2A-3	3178	122276	60	61
contig_26_22A2R2A-3	5714	125528	60	61
contig_27_22A2R2A-3	9384	131359	60	61
contig_28_22A2R2A-3	3807	140921	60	61
contig_29_22A2R2A-3	2721	144813	60	61
contig_3_22A2R2A-3	2370	147600	60	61
contig_30_22A2R2A-3	2417	150031	60	61
contig_31_22A2R2A-3	2326	152510	60	61
contig_32_22A2R2A-3	4120	154896	60	61
contig_33_22A2R2A-3	2395	159106	60	61
contig_34_22A2R2A-3	9617	161562	60	61
contig_35_22A2R2A-3	16300	171361	60	61
contig_38_22A2R2A-3	8653	187954	60	61
contig_4_22A2R2A-3	2945	196772	60	61
contig_41_22A2R2A-3	5982	199788	60	61
contig_42_22A2R2A-3	6756	205891	60	61
contig_43_22A2R2A-3	9292	212781	60	61
contig_44_22A2R2A-3	3816	222249	60	61
contig_45_22A2R2A-3	6783	226150	60	61
contig_46_22A2R2A-3	30432	233068	60	61
contig_47_22A2R2A-3	13477	264029	60	61
contig_48_22A2R2A-3	4215	277752	60	61
contig_49_22A2R2A-3	3182	282059	60	61
contig_5_22A2R2A-3	4253	285315	60	61
contig_50_22A2R2A-3	2304	289660	60	61
contig_51_22A2R2A-3	2407	292024	60	61
contig_52_22A2R2A-3	7560	294493	60	61
contig_53_22A2R2A-3	2970	302200	60	61
contig_54_22A2R2A-3	5621	305241	60	61
contig_55_22A2R2A-3	9627	310977	60	61
contig_56_22A2R2A-3	4652	320786	60	61
contig_57_22A2R2A-3	6007	325537	60	61
contig_58_22A2R2A-3	3569	331666	60	61
contig_59_22A2R2A-3	2586	335316	60	61
contig_6_22A2R2A-3	4504	337966	60	61
contig_60_22A2R2A-3	3209	342567	60	61
contig_61_22A2R2A-3	10803	345851	60	61
contig_62_22A2R2A-3	5452	356856	60	61
contig_63_22A2R2A-3	7960	362420	60	61
contig_64_22A2R2A-3	3120	370534	60	61
contig_65_22A2R2A-3	4498	373727	60	61
contig_66_22A2R2A-3	15012	378321	60	61
contig_67_22A2R2A-3	8901	393605	60	61
contig_68_22A2R2A-3	5381	402676	60	61
contig_69_22A2R2A-3	12188	408168	60	61
contig_7_22A2R2A-3	2767	420580	60	61
contig_70_22A2R2A-3	2995	423415	60	61
contig_71_22A2R2A-3	20624	426481	60	61
contig_72_22A2R2A-3	16027	447470	60	61
contig_73_22A2R2A-3	4896	463786	60	61
contig_74_22A2R2A-3	12499	468785	60	61
contig_75_22A2R2A-3	11945	481514	60	61
contig_76_22A2R2A-3	3573	493680	60	61
contig_77_22A2R2A-3	3038	497334	60	61
contig_78_22A2R2A-3	26972	500444	60	61
contig_79_22A2R2A-3	28892	527887	60	61
contig_8_22A2R2A-3	6169	557281	60	61
contig_80_22A2R2A-3	3192	563574	60	61
contig_81_22A2R2A-3	2570	566841	60	61
contig_82_22A2R2A-3	5804	569475	60	61
contig_83_22A2R2A-3	7805	575397	60	61
contig_84_22A2R2A-3	6346	583354	60	61
contig_85_22A2R2A-3	6245	589827	60	61
contig_86_22A2R2A-3	9032	596198	60	61
contig_87_22A2R2A-3	7137	605402	60	61
contig_88_22A2R2A-3	17333	612679	60	61
contig_89_22A2R2A-3	8865	630322	60	61
contig_9_22A2R2A-3	2445	639355	60	61
contig_90_22A2R2A-3	11761	641862	60	61
contig_91_22A2R2A-3	21200	653841	60	61
contig_92_22A2R2A-3	12282	675416	60	61
contig_93_22A2R2A-3	4725	687924	60	61
contig_94_22A2R2A-3	8015	692749	60	61
contig_95_22A2R2A-3	5820	700919	60	61
contig_1_22A2R2A-4	4264021	20	60	61
contig_2_22A2R2A-4	42678	4335129	60	61
contig_1_22A2R2A-5	37547	20	60	61
contig_10_22A2R2A-5	170668	38214	60	61
contig_11_22A2R2A-5	42649	211748	60	61
contig_12_22A2R2A-5	168924	255129	60	61
contig_13_22A2R2A-5	72314	426890	60	61
contig_14_22A2R2A-5	2462	500431	60	61
contig_15_22A2R2A-5	2951	502956	60	61
contig_16_22A2R2A-5	45626	505978	60	61
contig_17_22A2R2A-5	340045	552386	60	61
contig_18_22A2R2A-5	7609	898120	60	61
contig_19_22A2R2A-5	168888	905877	60	61
contig_2_22A2R2A-5	179618	1077600	60	61
contig_20_22A2R2A-5	16605	1260233	60	61
contig_21_22A2R2A-5	146481	1277136	60	61
contig_22_22A2R2A-5	18166	1426080	60	61
contig_23_22A2R2A-5	47686	1444570	60	61
contig_24_22A2R2A-5	172631	1493072	60	61
contig_25_22A2R2A-5	54286	1668602	60	61
contig_26_22A2R2A-5	51700	1723814	60	61
contig_27_22A2R2A-5	31258	1776397	60	61
contig_28_22A2R2A-5	69971	1808197	60	61
contig_29_22A2R2A-5	20086	1879356	60	61
contig_3_22A2R2A-5	11150	1899797	60	61
contig_30_22A2R2A-5	22405	1911154	60	61
contig_33_22A2R2A-5	180178	1933954	60	61
contig_36_22A2R2A-5	64242	2117156	60	61
contig_37_22A2R2A-5	13248	2182490	60	61
contig_38_22A2R2A-5	62605	2195980	60	61
contig_39_22A2R2A-5	86349	2259650	60	61
contig_4_22A2R2A-5	5344	2347459	60	61
contig_40_22A2R2A-5	74074	2352914	60	61
contig_41_22A2R2A-5	1963	2428244	60	61
contig_42_22A2R2A-5	53067	2430261	60	61
contig_43_22A2R2A-5	71033	2484234	60	61
contig_44_22A2R2A-5	4879	2556472	60	61
contig_45_22A2R2A-5	59254	2561454	60	61
contig_46_22A2R2A-5	16651	2621717	60	61
contig_47_22A2R2A-5	134631	2638667	60	61
contig_48_22A2R2A-5	26648	2775563	60	61
contig_49_22A2R2A-5	54092	2802677	60	61
contig_5_22A2R2A-5	2635	2857691	60	61
contig_50_22A2R2A-5	83151	2860391	60	61
contig_51_22A2R2A-5	20607	2944949	60	61
contig_52_22A2R2A-5	103635	2965921	60	61
contig_55_22A2R2A-5	63914	3071305	60	61
contig_56_22A2R2A-5	120591	3136306	60	61
contig_57_22A2R2A-5	35028	3258928	60	61
contig_58_22A2R2A-5	63883	3294561	60	61
contig_59_22A2R2A-5	108176	3359530	60	61
contig_6_22A2R2A-5	2406	3469529	60	61
contig_60_22A2R2A-5	30232	3471997	60	61
contig_61_22A2R2A-5	30669	3502754	60	61
contig_62_22A2R2A-5	42009	3533956	60	61
contig_63_22A2R2A-5	4499	3576687	60	61
contig_64_22A2R2A-5	38367	3581282	60	61
contig_65_22A2R2A-5	10578	3620310	60	61
contig_66_22A2R2A-5	68658	3631086	60	61
contig_67_22A2R2A-5	15519	3700910	60	61
contig_68_22A2R2A-5	7630	3716709	60	61
contig_69_22A2R2A-5	10431	3724488	60	61
contig_7_22A2R2A-5	10791	3735113	60	61
contig_70_22A2R2A-5	36949	3746105	60	61
contig_71_22A2R2A-5	8506	3783691	60	61
contig_74_22A2R2A-5	8694	3792360	60	61
contig_75_22A2R2A-5	81671	3801220	60	61
contig_76_22A2R2A-5	21355	3884274	60	61
contig_77_22A2R2A-5	5301	3906006	60	61
contig_78_22A2R2A-5	4349	3911417	60	61
contig_79_22A2R2A-5	5572	3915860	60	61
contig_8_22A2R2A-5	142692	3921545	60	61
contig_80_22A2R2A-5	179354	4066637	60	61
contig_81_22A2R2A-5	13852	4249002	60	61
contig_82_22A2R2A-5	87610	4263106	60	61
contig_83_22A2R2A-5	110650	4352198	60	61
contig_9_22A2R2A-5	72215	4464713	60	61
contig_1_22A2R2A-6	31318	20	60	61
contig_10_22A2R2A-6	66753	31881	60	61
contig_100_22A2R2A-6	122528	99769	60	61
contig_101_22A2R2A-6	99548	224362	60	61
contig_102_22A2R2A-6	53200	325592	60	61
contig_103_22A2R2A-6	105421	379701	60	61
contig_104_22A2R2A-6	75594	486902	60	61
contig_105_22A2R2A-6	20722	563778	60	61
contig_106_22A2R2A-6	39012	584868	60	61
contig_107_22A2R2A-6	79415	624553	60	61
contig_108_22A2R2A-6	8021	705314	60	61
contig_109_22A2R2A-6	5470	713491	60	61
contig_11_22A2R2A-6	4659	719074	60	61
contig_110_22A2R2A-6	10459	723833	60	61
contig_113_22A2R2A-6	89243	734489	60	61
contig_114_22A2R2A-6	30754	825242	60	61
contig_115_22A2R2A-6	18169	856531	60	61
contig_116_22A2R2A-6	37878	875025	60	61
contig_117_22A2R2A-6	6215	913557	60	61
contig_118_22A2R2A-6	14855	919898	60	61
contig_119_22A2R2A-6	4290	935023	60	61
contig_12_22A2R2A-6	27695	939406	60	61
contig_120_22A2R2A-6	18242	967585	60	61
contig_121_22A2R2A-6	20337	986154	60	61
contig_122_22A2R2A-6	50834	1006852	60	61
contig_123_22A2R2A-6	75580	1058556	60	61
contig_124_22A2R2A-6	18333	1135418	60	61
contig_125_22A2R2A-6	21097	1154079	60	61
contig_126_22A2R2A-6	24941	1175550	60	61
contig_127_22A2R2A-6	19328	1200929	60	61
contig_128_22A2R2A-6	21389	1220602	60	61
contig_129_22A2R2A-6	19580	1242370	60	61
contig_13_22A2R2A-6	43157	1262298	60	61
contig_130_22A2R2A-6	35290	1306197	60	61
contig_131_22A2R2A-6	31573	1342098	60	61
contig_132_22A2R2A-6	28391	1374220	60	61
contig_133_22A2R2A-6	72911	1403107	60	61
contig_134_22A2R2A-6	11556	1477256	60	61
contig_135_22A2R2A-6	46973	1489027	60	61
contig_136_22A2R2A-6	40370	1536805	60	61
contig_137_22A2R2A-6	8559	1577870	60	61
contig_138_22A2R2A-6	14502	1586594	60	61
contig_139_22A2R2A-6	2753	1601360	60	61
contig_14_22A2R2A-6	2405	1604180	60	61
contig_140_22A2R2A-6	27260	1606648	60	61
contig_141_22A2R2A-6	32743	1634385	60	61
contig_142_22A2R2A-6	39192	1667696	60	61
contig_143_22A2R2A-6	14726	1707564	60	61
contig_144_22A2R2A-6	31386	1722558	60	61
contig_145_22A2R2A-6	39416	1754490	60	61
contig_146_22A2R2A-6	10397	1794585	60	61
contig_147_22A2R2A-6	37965	1805178	60	61
contig_148_22A2R2A-6	44432	1843798	60	61
contig_15_22A2R2A-6	17888	1888992	60	61
contig_16_22A2R2A-6	4083	1907200	60	61
contig_17_22A2R2A-6	26369	1911373	60	61
contig_18_22A2R2A-6	50247	1938203	60	61
contig_19_22A2R2A-6	10373	1989309	60	61
contig_2_22A2R2A-6	24138	1999875	60	61
contig_20_22A2R2A-6	34969	2024437	60	61
contig_21_22A2R2A-6	12499	2060010	60	61
contig_22_22A2R2A-6	52295	2072739	60	61
contig_23_22A2R2A-6	30023	2125927	60	61
contig_24_22A2R2A-6	21463	2156472	60	61
contig_25_22A2R2A-6	46831	2178314	60	61
contig_26_22A2R2A-6	19934	2225947	60	61
contig_27_22A2R2A-6	14949	2246235	60	61
contig_28_22A2R2A-6	19309	2261455	60	61
contig_29_22A2R2A-6	3033	2281107	60	61
contig_3_22A2R2A-6	33884	2284211	60	61
contig_30_22A2R2A-6	50692	2318681	60	61
contig_31_22A2R2A-6	4797	2370239	60	61
contig_32_22A2R2A-6	5659	2375137	60	61
contig_33_22A2R2A-6	18510	2380912	60	61
contig_34_22A2R2A-6	2797	2399752	60	61
contig_35_22A2R2A-6	5564	2402617	60	61
contig_36_22A2R2A-6	52343	2408295	60	61
contig_37_22A2R2A-6	16777	2461532	60	61
contig_38_22A2R2A-6	24569	2478610	60	61
contig_39_22A2R2A-6	14538	2503610	60	61
contig_4_22A2R2A-6	19722	2518411	60	61
contig_40_22A2R2A-6	33613	2538483	60	61
contig_41_22A2R2A-6	12840	2572678	60	61
contig_42_22A2R2A-6	14032	2585753	60	61
contig_43_22A2R2A-6	76672	2600040	60	61
contig_44_22A2R2A-6	8109	2678011	60	61
contig_45_22A2R2A-6	22374	2686277	60	61
contig_48_22A2R2A-6	41968	2709045	60	61
contig_49_22A2R2A-6	18668	2751734	60	61
contig_5_22A2R2A-6	6458	2770734	60	61
contig_50_22A2R2A-6	8155	2777321	60	61
contig_51_22A2R2A-6	9118	2785633	60	61
contig_52_22A2R2A-6	7236	2794924	60	61
contig_53_22A2R2A-6	46461	2802302	60	61
contig_54_22A2R2A-6	3228	2849559	60	61
contig_55_22A2R2A-6	22683	2852862	60	61
contig_56_22A2R2A-6	8314	2875945	60	61
contig_57_22A2R2A-6	5437	2884419	60	61
contig_58_22A2R2A-6	16051	2889968	60	61
contig_59_22A2R2A-6	2714	2906308	60	61
contig_6_22A2R2A-6	23873	2909088	60	61
contig_60_22A2R2A-6	5238	2933380	60	61
contig_61_22A2R2A-6	9435	2938727	60	61
contig_62_22A2R2A-6	8778	2948341	60	61
contig_63_22A2R2A-6	55377	2957287	60	61
contig_64_22A2R2A-6	76065	3013608	60	61
contig_65_22A2R2A-6	74386	3090962	60	61
contig_66_22A2R2A-6	59672	3166609	60	61
contig_67_22A2R2A-6	6005	3227297	60	61
contig_68_22A2R2A-6	44021	3233424	60	61
contig_69_22A2R2A-6	43391	3278200	60	61
contig_7_22A2R2A-6	15570	3322335	60	61
contig_70_22A2R2A-6	2436	3338186	60	61
contig_71_22A2R2A-6	17293	3340684	60	61
contig_72_22A2R2A-6	10094	3358287	60	61
contig_73_22A2R2A-6	10749	3368571	60	61
contig_74_22A2R2A-6	12292	3379521	60	61
contig_75_22A2R2A-6	17917	3392039	60	61
contig_76_22A2R2A-6	189602	3410276	60	61
contig_77_22A2R2A-6	92500	3603060	60	61
contig_78_22A2R2A-6	92727	3697123	60	61
contig_79_22A2R2A-6	61251	3791417	60	61
contig_8_22A2R2A-6	16161	3853709	60	61
contig_80_22A2R2A-6	33885	3870161	60	61
contig_81_22A2R2A-6	117766	3904632	60	61
contig_88_22A2R2A-6	33978	4024382	60	61
contig_89_22A2R2A-6	25127	4058948	60	61
contig_9_22A2R2A-6	56754	4084514	60	61
contig_90_22A2R2A-6	136836	4142235	60	61
contig_91_22A2R2A-6	11786	4281373	60	61
contig_92_22A2R2A-6	65671	4293377	60	61
contig_93_22A2R2A-6	15885	4360164	60	61
contig_94_22A2R2A-6	21187	4376335	60	61
contig_95_22A2R2A-6	62333	4397897	60	61
contig_96_22A2R2A-6	43415	4461290	60	61
contig_97_22A2R2A-6	26277	4505450	60	61
contig_98_22A2R2A-6	88630	4532186	60	61
contig_99_22A2R2A-6	33791	4622315	60	61
contig_1_22A2R2A-7	8450	20	60	61
contig_10_22A2R2A-7	127827	8632	60	61
contig_100_22A2R2A-7	103903	138612	60	61
contig_101_22A2R2A-7	40458	244269	60	61
contig_102_22A2R2A-7	20650	285424	60	61
contig_103_22A2R2A-7	91350	306441	60	61
contig_104_22A2R2A-7	47548	399336	60	61
contig_105_22A2R2A-7	65089	447699	60	61
contig_106_22A2R2A-7	203364	513895	60	61
contig_107_22A2R2A-7	52805	720671	60	61
contig_11_22A2R2A-7	8689	774378	60	61
contig_12_22A2R2A-7	7886	783233	60	61
contig_13_22A2R2A-7	16247	791272	60	61
contig_14_22A2R2A-7	76557	807811	60	61
contig_15_22A2R2A-7	267547	885665	60	61
contig_16_22A2R2A-7	7097	1157693	60	61
contig_17_22A2R2A-7	28971	1164930	60	61
contig_18_22A2R2A-7	312099	1194405	60	61
contig_2_22A2R2A-7	4703	1511726	60	61
contig_20_22A2R2A-7	2697	1516529	60	61
contig_21_22A2R2A-7	5511	1519292	60	61
contig_22_22A2R2A-7	131585	1524916	60	61
contig_23_22A2R2A-7	185457	1658716	60	61
contig_24_22A2R2A-7	110888	1847285	60	61
contig_25_22A2R2A-7	41188	1960043	60	61
contig_26_22A2R2A-7	37427	2001939	60	61
contig_27_22A2R2A-7	33496	2040011	60	61
contig_28_22A2R2A-7	36453	2074087	60	61
contig_29_22A2R2A-7	17009	2111169	60	61
contig_3_22A2R2A-7	81597	2128482	60	61
contig_30_22A2R2A-7	190381	2211460	60	61
contig_31_22A2R2A-7	64303	2405036	60	61
contig_32_22A2R2A-7	26379	2470432	60	61
contig_33_22A2R2A-7	71594	2497272	60	61
contig_34_22A2R2A-7	10218	2570081	60	61
contig_35_22A2R2A-7	13323	2580491	60	61
contig_36_22A2R2A-7	10470	2594058	60	61
contig_37_22A2R2A-7	62428	2604724	60	61
contig_38_22A2R2A-7	38468	2668214	60	61
contig_39_22A2R2A-7	1240	2707345	60	61
contig_4_22A2R2A-7	13144	2708626	60	61
contig_40_22A2R2A-7	96603	2722011	60	61
contig_41_22A2R2A-7	9825	2820246	60	61
contig_42_22A2R2A-7	105008	2830256	60	61
contig_43_22A2R2A-7	83982	2937036	60	61
contig_44_22A2R2A-7	7190	3022439	60	61
contig_45_22A2R2A-7	158529	3029770	60	61
contig_46_22A2R2A-7	184373	3190963	60	61
contig_47_22A2R2A-7	31496	3378430	60	61
contig_48_22A2R2A-7	10394	3410472	60	61
contig_49_22A2R2A-7	59652	3421061	60	61
contig_5_22A2R2A-7	2515	3481728	60	61
contig_50_22A2R2A-7	58591	3484306	60	61
contig_52_22A2R2A-7	30903	3543895	60	61
contig_55_22A2R2A-7	30502	3575335	60	61
contig_56_22A2R2A-7	88807	3606367	60	61
contig_57_22A2R2A-7	129906	3696676	60	61
contig_58_22A2R2A-7	57218	3828769	60	61
contig_59_22A2R2A-7	13743	3886962	60	61
contig_6_22A2R2A-7	6198	3900955	60	61
contig_60_22A2R2A-7	37755	3907278	60	61
contig_61_22A2R2A-7	367208	3945684	60	61
contig_62_22A2R2A-7	61694	4319034	60	61
contig_63_22A2R2A-7	19497	4381778	60	61
contig_64_22A2R2A-7	55060	4401621	60	61
contig_65_22A2R2A-7	58894	4457620	60	61
contig_67_22A2R2A-7	3604	4517517	60	61
contig_68_22A2R2A-7	239127	4521203	60	61
contig_7_22A2R2A-7	2845	4764336	60	61
contig_71_22A2R2A-7	9366	4767250	60	61
contig_72_22A2R2A-7	28021	4776794	60	61
contig_73_22A2R2A-7	43968	4805304	60	61
contig_74_22A2R2A-7	14243	4850026	60	61
contig_75_22A2R2A-7	11212	4864528	60	61
contig_76_22A2R2A-7	230082	4875948	60	61
contig_79_22A2R2A-7	5332	5109886	60	61
contig_8_22A2R2A-7	2500	5115327	60	61
contig_80_22A2R2A-7	5307	5117890	60	61
contig_81_22A2R2A-7	21973	5123307	60	61
contig_82_22A2R2A-7	99234	5145668	60	61
contig_83_22A2R2A-7	11903	5246577	60	61
contig_84_22A2R2A-7	52312	5258700	60	61
contig_85_22A2R2A-7	52250	5311905	60	61
contig_86_22A2R2A-7	2392	5365047	60	61
contig_87_22A2R2A-7	6157	5367500	60	61
contig_88_22A2R2A-7	14576	5373781	60	61
contig_89_22A2R2A-7	16284	5388621	60	61
contig_9_22A2R2A-7	3767	5405197	60	61
contig_90_22A2R2A-7	9369	5409048	60	61
contig_91_22A2R2A-7	5089	5418595	60	61
contig_92_22A2R2A-7	10802	5423790	60	61
contig_93_22A2R2A-7	2841	5434794	60	61
contig_94_22A2R2A-7	4621	5437704	60	61
contig_95_22A2R2A-7	4604	5442424	60	61
contig_96_22A2R2A-7	4733	5447126	60	61
contig_97_22A2R2A-7	7051	5451959	60	61
contig_98_22A2R2A-7	3262	5459149	60	61
contig_99_22A2R2A-7	220396	5462487	60	61
contig_1_22A2R2A-8	3197628	20	60	61
contig_1_22A2R2A-9	5547133	20	60	61
contig_1_22A2S1G-1	4636	20	60	61
contig_2_22A2S1G-1	1438	4754	60	61
contig_3_22A2S1G-1	3297825	6236	60	61
contig_4_22A2S1G-1	1016020	3359045	60	61
contig_5_22A2S1G-1	208293	4392019	60	61
contig_6_22A2S1G-1	4397	4603804	60	61
contig_7_22A2S1G-1	4248	4608295	60	61
contig_1_22A2S1G-2	3508981	20	60	61
contig_2_22A2S1G-2	1017417	3567505	60	61
contig_3_22A2S1G-2	5870	4601899	60	61
contig_4_22A2S1G-2	1463	4607887	60	61
contig_5_22A2S1G-2	1463	4609395	60	61
contig_6_22A2S1G-2	2783	4610903	60	61
contig_1_22A2S1G-3	1696852	20	60	61
contig_2_22A2S1G-3	3757311	1725173	60	61
contig_3_22A2S1G-3	92329	5545126	60	61
contig_1_22A2S1G-4	136629	20	60	61
contig_10_22A2S1G-4	196060	138948	60	61
contig_11_22A2S1G-4	55323	338297	60	61
contig_12_22A2S1G-4	118042	394564	60	61
contig_13_22A2S1G-4	31770	514595	60	61
contig_15_22A2S1G-4	46486	546916	60	61
contig_16_22A2S1G-4	31412	594198	60	61
contig_17_22A2S1G-4	2385	626155	60	61
contig_18_22A2S1G-4	5898	628601	60	61
contig_19_22A2S1G-4	2696	634619	60	61
contig_2_22A2S1G-4	585037	637380	60	61
contig_20_22A2S1G-4	218421	1232189	60	61
contig_21_22A2S1G-4	156635	1454272	60	61
contig_22_22A2S1G-4	151899	1613539	60	61
contig_23_22A2S1G-4	22221	1767991	60	61
contig_24_22A2S1G-4	224423	1790604	60	61
contig_25_22A2S1G-4	103990	2018789	60	61
contig_26_22A2S1G-4	116990	2124534	60	61
contig_27_22A2S1G-4	38628	2243495	60	61
contig_3_22A2S1G-4	5525	2282787	60	61
contig_4_22A2S1G-4	67876	2288425	60	61
contig_5_22A2S1G-4	22692	2357453	60	61
contig_6_22A2S1G-4	500767	2380544	60	61
contig_7_22A2S1G-4	547709	2889678	60	61
contig_8_22A2S1G-4	1486551	3446536	60	61
contig_9_22A2S1G-4	602394	4957883	60	61
contig_1_22A2VL55-1	923664	21	60	61
contig_2_22A2VL55-1	2764914	939101	60	61
contig_3_22A2VL55-1	364052	3750118	60	61
contig_4_22A2VL55-1	26191	4120259	60	61
contig_5_22A2VL55-1	18312	4146908	60	61
contig_6_22A2VL55-1	63707	4165547	60	61
contig_7_22A2VL55-1	251233	4230337	60	61
contig_8_22A2VL55-1	4868	4485779	60	61
contig_3_22A2VL55-2	4367244	21	60	61
contig_1_22A2VL55-3	14503	21	60	61
contig_10_22A2VL55-3	12221	14788	60	61
contig_100_22A2VL55-3	33758	27236	60	61
contig_101_22A2VL55-3	30410	61580	60	61
contig_102_22A2VL55-3	18586	92520	60	61
contig_103_22A2VL55-3	64180	111439	60	61
contig_104_22A2VL55-3	38929	176712	60	61
contig_105_22A2VL55-3	14866	216313	60	61
contig_106_22A2VL55-3	2613	231450	60	61
contig_107_22A2VL55-3	20735	234130	60	61
contig_108_22A2VL55-3	46631	255234	60	61
contig_109_22A2VL55-3	44899	302666	60	61
contig_11_22A2VL55-3	37342	348336	60	61
contig_110_22A2VL55-3	20859	386324	60	61
contig_111_22A2VL55-3	70915	407554	60	61
contig_112_22A2VL55-3	10108	479674	60	61
contig_113_22A2VL55-3	65723	489974	60	61
contig_114_22A2VL55-3	24028	556816	60	61
contig_115_22A2VL55-3	21019	581268	60	61
contig_116_22A2VL55-3	81774	602661	60	61
contig_117_22A2VL55-3	7657	685821	60	61
contig_118_22A2VL55-3	43954	693629	60	61
contig_119_22A2VL55-3	28449	738339	60	61
contig_12_22A2VL55-3	84101	767285	60	61
contig_120_22A2VL55-3	56330	852811	60	61
contig_121_22A2VL55-3	66701	910103	60	61
contig_122_22A2VL55-3	31114	977939	60	61
contig_123_22A2VL55-3	36523	1009595	60	61
contig_124_22A2VL55-3	39130	1046750	60	61
contig_125_22A2VL55-3	34260	1086556	60	61
contig_126_22A2VL55-3	45570	1121410	60	61
contig_127_22A2VL55-3	34395	1167763	60	61
contig_128_22A2VL55-3	35294	1202755	60	61
contig_129_22A2VL55-3	48331	1238661	60	61
contig_13_22A2VL55-3	15182	1287820	60	61
contig_130_22A2VL55-3	3951	1303279	60	61
contig_131_22A2VL55-3	7338	1307319	60	61
contig_132_22A2VL55-3	23594	1314803	60	61
contig_133_22A2VL55-3	71962	1338814	60	61
contig_134_22A2VL55-3	21435	1411999	60	61
contig_135_22A2VL55-3	8643	1433815	60	61
contig_136_22A2VL55-3	32094	1442626	60	61
contig_137_22A2VL55-3	4997	1475278	60	61
contig_14_22A2VL55-3	31859	1480381	60	61
contig_15_22A2VL55-3	53576	1512793	60	61
contig_16_22A2VL55-3	7578	1567284	60	61
contig_17_22A2VL55-3	47153	1575011	60	61
contig_18_22A2VL55-3	29803	1622972	60	61
contig_19_22A2VL55-3	70662	1653294	60	61
contig_2_22A2VL55-3	139255	1725155	60	61
contig_20_22A2VL55-3	21061	1866753	60	61
contig_21_22A2VL55-3	24336	1888188	60	61
contig_22_22A2VL55-3	28726	1912952	60	61
contig_23_22A2VL55-3	46054	1942179	60	61
contig_24_22A2VL55-3	13440	1989023	60	61
contig_25_22A2VL55-3	17574	2002709	60	61
contig_26_22A2VL55-3	5809	2020598	60	61
contig_27_22A2VL55-3	39517	2026526	60	61
contig_28_22A2VL55-3	54186	2066724	60	61
contig_29_22A2VL55-3	22162	2121836	60	61
contig_3_22A2VL55-3	67565	2144389	60	61
contig_30_22A2VL55-3	41262	2213103	60	61
contig_31_22A2VL55-3	50190	2255075	60	61
contig_35_22A2VL55-3	1755	2306124	60	61
contig_36_22A2VL55-3	2788	2307931	60	61
contig_37_22A2VL55-3	14624	2310788	60	61
contig_38_22A2VL55-3	18973	2325678	60	61
contig_39_22A2VL55-3	8620	2344990	60	61
contig_4_22A2VL55-3	26948	2353775	60	61
contig_40_22A2VL55-3	12272	2381195	60	61
contig_41_22A2VL55-3	24498	2393694	60	61
contig_42_22A2VL55-3	23756	2418623	60	61
contig_43_22A2VL55-3	11137	2442797	60	61
contig_44_22A2VL55-3	3498	2454142	60	61
contig_45_22A2VL55-3	29778	2457721	60	61
contig_46_22A2VL55-3	21589	2488018	60	61
contig_47_22A2VL55-3	9451	2509989	60	61
contig_48_22A2VL55-3	126939	2519620	60	61
contig_49_22A2VL55-3	13867	2648697	60	61
contig_5_22A2VL55-3	4648	2662817	60	61
contig_50_22A2VL55-3	20676	2667565	60	61
contig_51_22A2VL55-3	88852	2688608	60	61
contig_52_22A2VL55-3	3848	2778963	60	61
contig_53_22A2VL55-3	5139	2782898	60	61
contig_54_22A2VL55-3	67711	2788145	60	61
contig_55_22A2VL55-3	3083	2857007	60	61
contig_56_22A2VL55-3	3802	2860164	60	61
contig_57_22A2VL55-3	7505	2864052	60	61
contig_58_22A2VL55-3	5261	2871705	60	61
contig_59_22A2VL55-3	5406	2877076	60	61
contig_6_22A2VL55-3	54222	2882594	60	61
contig_60_22A2VL55-3	8364	2937742	60	61
contig_61_22A2VL55-3	38978	2946268	60	61
contig_62_22A2VL55-3	6076	2985918	60	61
contig_63_22A2VL55-3	18314	2992118	60	61
contig_64_22A2VL55-3	33439	3010760	60	61
contig_65_22A2VL55-3	13119	3044779	60	61
contig_66_22A2VL55-3	117476	3058139	60	61
contig_67_22A2VL55-3	17649	3177595	60	61
contig_68_22A2VL55-3	13640	3195561	60	61
contig_69_22A2VL55-3	37288	3209451	60	61
contig_7_22A2VL55-3	11630	3247382	60	61
contig_70_22A2VL55-3	98603	3259228	60	61
contig_71_22A2VL55-3	48627	3359497	60	61
contig_72_22A2VL55-3	21644	3408957	60	61
contig_73_22A2VL55-3	53960	3430984	60	61
contig_74_22A2VL55-3	67810	3485866	60	61
contig_75_22A2VL55-3	294753	3554829	60	61
contig_76_22A2VL55-3	17581	3854517	60	61
contig_77_22A2VL55-3	74511	3872414	60	61
contig_78_22A2VL55-3	183606	3948189	60	61
contig_79_22A2VL55-3	56878	4134878	60	61
contig_8_22A2VL55-3	47818	4192725	60	61
contig_80_22A2VL55-3	27972	4241362	60	61
contig_81_22A2VL55-3	42643	4269823	60	61
contig_82_22A2VL55-3	90255	4313199	60	61
contig_83_22A2VL55-3	60929	4404981	60	61
contig_84_22A2VL55-3	37259	4466948	60	61
contig_85_22A2VL55-3	27512	4504850	60	61
contig_86_22A2VL55-3	27236	4532843	60	61
contig_87_22A2VL55-3	33411	4560555	60	61
contig_88_22A2VL55-3	2628	4594545	60	61
contig_89_22A2VL55-3	39459	4597239	60	61
contig_9_22A2VL55-3	2649	4637377	60	61
contig_90_22A2VL55-3	35512	4640093	60	61
contig_91_22A2VL55-3	25492	4676219	60	61
contig_92_22A2VL55-3	32576	4702158	60	61
contig_93_22A2VL55-3	12235	4735299	60	61
contig_94_22A2VL55-3	164510	4747760	60	61
contig_95_22A2VL55-3	22721	4915034	60	61
contig_96_22A2VL55-3	37597	4938156	60	61
contig_97_22A2VL55-3	132741	4976402	60	61
contig_98_22A2VL55-3	18340	5111378	60	61
contig_99_22A2VL55-3	19017	5130046	60	61
contig_10_22A2VL55-4	256958	22	60	61
contig_11_22A2VL55-4	428988	261285	60	61
contig_15_22A2VL55-4	8898	697445	60	61
contig_16_22A2VL55-4	85912	706514	60	61
contig_17_22A2VL55-4	16930	793880	60	61
contig_18_22A2VL55-4	42189	811115	60	61
contig_19_22A2VL55-4	12225	854030	60	61
contig_20_22A2VL55-4	310249	866481	60	61
contig_22_22A2VL55-4	27677	1181923	60	61
contig_23_22A2VL55-4	633051	1210084	60	61
contig_24_22A2VL55-4	56166	1853708	60	61
contig_25_22A2VL55-4	332296	1910833	60	61
contig_26_22A2VL55-4	49381	2248690	60	61
contig_27_22A2VL55-4	2947	2298917	60	61
contig_28_22A2VL55-4	31938	2301936	60	61
contig_29_22A2VL55-4	2366	2334429	60	61
contig_3_22A2VL55-4	160617	2336856	60	61
contig_30_22A2VL55-4	4510	2500172	60	61
contig_31_22A2VL55-4	63462	2504780	60	61
contig_34_22A2VL55-4	20454	2569322	60	61
contig_35_22A2VL55-4	49089	2590139	60	61
contig_36_22A2VL55-4	61297	2640069	60	61
contig_37_22A2VL55-4	15841	2702410	60	61
contig_38_22A2VL55-4	33738	2718538	60	61
contig_40_22A2VL55-4	165211	2752861	60	61
contig_41_22A2VL55-4	91991	2920848	60	61
contig_42_22A2VL55-4	225522	3014395	60	61
contig_43_22A2VL55-4	32568	3243698	60	61
contig_44_22A2VL55-4	76231	3276831	60	61
contig_45_22A2VL55-4	50391	3354355	60	61
contig_46_22A2VL55-4	10396	3405608	60	61
contig_47_22A2VL55-4	71889	3416200	60	61
contig_48_22A2VL55-4	26043	3489310	60	61
contig_49_22A2VL55-4	15349	3515810	60	61
contig_50_22A2VL55-4	148693	3531437	60	61
contig_51_22A2VL55-4	5070	3682631	60	61
contig_54_22A2VL55-4	11867	3687808	60	61
contig_55_22A2VL55-4	2329	3699895	60	61
contig_56_22A2VL55-4	91326	3702285	60	61
contig_57_22A2VL55-4	5318	3795156	60	61
contig_58_22A2VL55-4	16762	3800585	60	61
contig_59_22A2VL55-4	37190	3817649	60	61
contig_60_22A2VL55-4	22940	3855481	60	61
contig_61_22A2VL55-4	27693	3878826	60	61
contig_62_22A2VL55-4	6894	3907003	60	61
contig_63_22A2VL55-4	405072	3914034	60	61
contig_64_22A2VL55-4	491410	4325880	60	61
contig_65_22A2VL55-4	25510	4825503	60	61
contig_66_22A2VL55-4	11296	4851461	60	61
contig_9_22A2VL55-4	807659	4862967	60	61
scaffold_8_22A2VL55-4	161324	5684110	60	61
contig_3_22A2VL55-5	1523666	21	60	61
contig_4_22A2VL55-5	1633336	1549103	60	61
contig_5_22A2VL55-5	8775	3209683	60	61
contig_6_22A2VL55-5	13399	3218626	60	61
contig_7_22A2VL55-5	5543377	3232270	60	61
contig_1_22A2VL55-6	3428579	21	60	61
contig_3_22A2VL55-6	51504	3485764	60	61
contig_3_22A2VL55-7	3604748	21	60	61
contig_1_22A2VL55-8	3439826	21	60	61
contig_1_22A3L9-1	2734273	19	60	61
contig_2_22A3L9-1	480955	2779883	60	61
contig_3_22A3L9-1	80133	3268873	60	61
contig_4_22A3L9-1	76555	3350361	60	61
contig_5_22A3L9-1	686642	3428211	60	61
contig_1_22A3L9-2	85008	19	60	61
contig_10_22A3L9-2	82911	86464	60	61
contig_11_22A3L9-2	17105	170777	60	61
contig_12_22A3L9-2	33307	188188	60	61
contig_13_22A3L9-2	87368	222071	60	61
contig_14_22A3L9-2	35655	310916	60	61
contig_15_22A3L9-2	356087	347186	60	61
contig_16_22A3L9-2	24879	709228	60	61
contig_17_22A3L9-2	60232	734542	60	61
contig_18_22A3L9-2	162227	795798	60	61
contig_19_22A3L9-2	105054	960749	60	61
contig_2_22A3L9-2	8041	1067573	60	61
contig_20_22A3L9-2	12971	1075769	60	61
contig_21_22A3L9-2	68952	1088977	60	61
contig_22_22A3L9-2	10290	1159099	60	61
contig_23_22A3L9-2	32182	1169581	60	61
contig_24_22A3L9-2	17780	1202320	60	61
contig_25_22A3L9-2	66901	1220417	60	61
contig_26_22A3L9-2	20526	1288454	60	61
contig_27_22A3L9-2	21934	1309343	60	61
contig_28_22A3L9-2	64363	1331663	60	61
contig_29_22A3L9-2	107905	1397119	60	61
contig_3_22A3L9-2	56332	1506842	60	61
contig_30_22A3L9-2	35562	1564133	60	61
contig_31_22A3L9-2	18920	1600308	60	61
contig_32_22A3L9-2	30903	1619564	60	61
contig_33_22A3L9-2	66385	1651003	60	61
contig_34_22A3L9-2	71971	1718515	60	61
contig_35_22A3L9-2	30938	1791706	60	61
contig_36_22A3L9-2	68309	1823180	60	61
contig_37_22A3L9-2	46164	1892648	60	61
contig_38_22A3L9-2	65104	1939602	60	61
contig_39_22A3L9-2	36752	2005812	60	61
contig_4_22A3L9-2	121805	2043196	60	61
contig_40_22A3L9-2	11523	2167052	60	61
contig_41_22A3L9-2	48575	2178788	60	61
contig_42_22A3L9-2	14397	2228193	60	61
contig_43_22A3L9-2	12857	2242850	60	61
contig_44_22A3L9-2	36664	2255942	60	61
contig_45_22A3L9-2	35559	2293238	60	61
contig_46_22A3L9-2	15675	2329410	60	61
contig_47_22A3L9-2	40632	2345367	60	61
contig_48_22A3L9-2	54184	2386697	60	61
contig_49_22A3L9-2	12589	2441805	60	61
contig_5_22A3L9-2	135124	2454623	60	61
contig_50_22A3L9-2	49833	2592020	60	61
contig_51_22A3L9-2	9912	2642704	60	61
contig_52_22A3L9-2	72255	2652802	60	61
contig_53_22A3L9-2	27558	2726282	60	61
contig_54_22A3L9-2	116715	2754320	60	61
contig_55_22A3L9-2	115334	2873001	60	61
contig_56_22A3L9-2	47128	2990278	60	61
contig_57_22A3L9-2	29857	3038212	60	61
contig_58_22A3L9-2	70539	3068587	60	61
contig_59_22A3L9-2	91921	3140322	60	61
contig_6_22A3L9-2	58223	3233795	60	61
contig_7_22A3L9-2	108341	3293008	60	61
contig_8_22A3L9-2	111271	3403174	60	61
contig_9_22A3L9-2	34024	3516319	60	61
contig_1_22A3L9-3	3538736	19	60	61
contig_2_22A3L9-3	145263	3597753	60	61
contig_1_22A3L9-4	16069	19	60	61
contig_10_22A3L9-4	29270	16376	60	61
contig_11_22A3L9-4	11484	46154	60	61
contig_12_22A3L9-4	20884	57850	60	61
contig_13_22A3L9-4	12934	79103	60	61
contig_14_22A3L9-4	134152	92273	60	61
contig_15_22A3L9-4	42200	228681	60	61
contig_16_22A3L9-4	29692	271605	60	61
contig_17_22A3L9-4	29578	301812	60	61
contig_18_22A3L9-4	7320	331903	60	61
contig_19_22A3L9-4	15128	339365	60	61
contig_2_22A3L9-4	59593	354765	60	61
contig_20_22A3L9-4	6957	415372	60	61
contig_22_22A3L9-4	32946	422465	60	61
contig_24_22A3L9-4	72109	455981	60	61
contig_25_22A3L9-4	23726	529312	60	61
contig_26_22A3L9-4	8115	553454	60	61
contig_27_22A3L9-4	88766	561725	60	61
contig_28_22A3L9-4	113160	651991	60	61
contig_29_22A3L9-4	12846	767057	60	61
contig_3_22A3L9-4	5811	780137	60	61
contig_30_22A3L9-4	206228	786065	60	61
contig_31_22A3L9-4	249385	995751	60	61
contig_32_22A3L9-4	8095	1249313	60	61
contig_33_22A3L9-4	8676	1257563	60	61
contig_34_22A3L9-4	94211	1266404	60	61
contig_35_22A3L9-4	57983	1362206	60	61
contig_36_22A3L9-4	29715	1421176	60	61
contig_37_22A3L9-4	56548	1451407	60	61
contig_38_22A3L9-4	9902	1508918	60	61
contig_4_22A3L9-4	44663	1519005	60	61
contig_40_22A3L9-4	10932	1564433	60	61
contig_41_22A3L9-4	28828	1575568	60	61
contig_42_22A3L9-4	70994	1604897	60	61
contig_43_22A3L9-4	121988	1677095	60	61
contig_44_22A3L9-4	19197	1801137	60	61
contig_45_22A3L9-4	34523	1820674	60	61
contig_46_22A3L9-4	29305	1855793	60	61
contig_47_22A3L9-4	46945	1885607	60	61
contig_48_22A3L9-4	11614	1933355	60	61
contig_49_22A3L9-4	119981	1945183	60	61
contig_5_22A3L9-4	186427	2067183	60	61
contig_50_22A3L9-4	16548	2256738	60	61
contig_51_22A3L9-4	31017	2273582	60	61
contig_52_22A3L9-4	46729	2305136	60	61
contig_53_22A3L9-4	47461	2352664	60	61
contig_54_22A3L9-4	114749	2400937	60	61
contig_55_22A3L9-4	14389	2517619	60	61
contig_56_22A3L9-4	5966	2532268	60	61
contig_57_22A3L9-4	35137	2538354	60	61
contig_58_22A3L9-4	11629	2574097	60	61
contig_59_22A3L9-4	31653	2585940	60	61
contig_6_22A3L9-4	14465	2618140	60	61
contig_60_22A3L9-4	40469	2632867	60	61
contig_61_22A3L9-4	35726	2674031	60	61
contig_63_22A3L9-4	144080	2710373	60	61
contig_64_22A3L9-4	128894	2856875	60	61
contig_65_22A3L9-4	48420	2987938	60	61
contig_66_22A3L9-4	60109	3037185	60	61
contig_67_22A3L9-4	18013	3098316	60	61
contig_68_22A3L9-4	59135	3116650	60	61
contig_69_22A3L9-4	56877	3176791	60	61
contig_7_22A3L9-4	18484	3234635	60	61
contig_70_22A3L9-4	32376	3253448	60	61
contig_71_22A3L9-4	20352	3286384	60	61
contig_72_22A3L9-4	44804	3307096	60	61
contig_73_22A3L9-4	30978	3352667	60	61
contig_74_22A3L9-4	32450	3384182	60	61
contig_8_22A3L9-4	272199	3417192	60	61
contig_9_22A3L9-4	150402	3693947	60	61
contig_1_22A3L9-5	178890	19	60	61
contig_2_22A3L9-5	507591	181910	60	61
contig_3_22A3L9-5	245184	697980	60	61
contig_4_22A3L9-5	15853	947270	60	61
contig_5_22A3L9-5	577311	963407	60	61
contig_6_22A3L9-5	1007936	1550359	60	61
contig_7_22A3L9-5	1543423	2575113	60	61
contig_1_22A3NFb-1	19697	20	60	61
contig_10_22A3NFb-1	554938	20067	60	61
contig_11_22A3NFb-1	389001	584275	60	61
contig_12_22A3NFb-1	79954	979781	60	61
contig_13_22A3NFb-1	82601	1061089	60	61
contig_14_22A3NFb-1	133100	1145088	60	61
contig_15_22A3NFb-1	175334	1280428	60	61
contig_16_22A3NFb-1	15418	1458706	60	61
contig_17_22A3NFb-1	234127	1474402	60	61
contig_18_22A3NFb-1	280255	1712453	60	61
contig_19_22A3NFb-1	411753	1997400	60	61
contig_2_22A3NFb-1	316237	2416036	60	61
contig_20_22A3NFb-1	34025	2737565	60	61
contig_21_22A3NFb-1	174497	2772179	60	61
contig_3_22A3NFb-1	187317	2949605	60	61
contig_4_22A3NFb-1	171637	3140064	60	61
contig_5_22A3NFb-1	56053	3314582	60	61
contig_6_22A3NFb-1	57101	3371590	60	61
contig_7_22A3NFb-1	316487	3429663	60	61
contig_8_22A3NFb-1	34741	3751445	60	61
contig_9_22A3NFb-1	60595	3786786	60	61
contig_1_22A3NFb-2	47256	20	60	61
contig_10_22A3NFb-2	71420	48085	60	61
contig_11_22A3NFb-2	143951	120717	60	61
contig_12_22A3NFb-2	59463	267089	60	61
contig_13_22A3NFb-2	19731	327565	60	61
contig_14_22A3NFb-2	37030	347646	60	61
contig_15_22A3NFb-2	24731	385315	60	61
contig_16_22A3NFb-2	72367	410480	60	61
contig_17_22A3NFb-2	119427	484075	60	61
contig_18_22A3NFb-2	14934	605514	60	61
contig_19_22A3NFb-2	31002	620718	60	61
contig_2_22A3NFb-2	9738	652257	60	61
contig_20_22A3NFb-2	64477	662179	60	61
contig_21_22A3NFb-2	163532	727752	60	61
contig_22_22A3NFb-2	50461	894031	60	61
contig_23_22A3NFb-2	24344	945355	60	61
contig_24_22A3NFb-2	81288	970126	60	61
contig_25_22A3NFb-2	29951	1052790	60	61
contig_26_22A3NFb-2	168794	1083262	60	61
contig_27_22A3NFb-2	62052	1254891	60	61
contig_28_22A3NFb-2	63992	1317999	60	61
contig_29_22A3NFb-2	66626	1383079	60	61
contig_3_22A3NFb-2	99997	1450836	60	61
contig_30_22A3NFb-2	50373	1552521	60	61
contig_31_22A3NFb-2	28417	1603755	60	61
contig_32_22A3NFb-2	38518	1632667	60	61
contig_33_22A3NFb-2	29252	1671848	60	61
contig_34_22A3NFb-2	28126	1701609	60	61
contig_35_22A3NFb-2	23391	1730225	60	61
contig_36_22A3NFb-2	23069	1754027	60	61
contig_37_22A3NFb-2	26502	1777502	60	61
contig_38_22A3NFb-2	12159	1804467	60	61
contig_39_22A3NFb-2	36566	1816850	60	61
contig_4_22A3NFb-2	64279	1854046	60	61
contig_40_22A3NFb-2	22718	1919418	60	61
contig_41_22A3NFb-2	29105	1942536	60	61
contig_42_22A3NFb-2	30709	1972148	60	61
contig_43_22A3NFb-2	46431	2003390	60	61
contig_44_22A3NFb-2	151309	2050616	60	61
contig_45_22A3NFb-2	21716	2204468	60	61
contig_46_22A3NFb-2	59277	2226567	60	61
contig_47_22A3NFb-2	11949	2286853	60	61
contig_48_22A3NFb-2	25901	2299023	60	61
contig_49_22A3NFb-2	41526	2325377	60	61
contig_5_22A3NFb-2	50903	2367616	60	61
contig_50_22A3NFb-2	55080	2419389	60	61
contig_51_22A3NFb-2	3901	2475408	60	61
contig_52_22A3NFb-2	4996	2479396	60	61
contig_53_22A3NFb-2	10119	2484497	60	61
contig_54_22A3NFb-2	33285	2494806	60	61
contig_55_22A3NFb-2	21852	2528667	60	61
contig_56_22A3NFb-2	6657	2550905	60	61
contig_57_22A3NFb-2	10786	2557694	60	61
contig_58_22A3NFb-2	101696	2568681	60	61
contig_59_22A3NFb-2	36131	2672093	60	61
contig_6_22A3NFb-2	89155	2708847	60	61
contig_60_22A3NFb-2	30730	2799509	60	61
contig_61_22A3NFb-2	98569	2830773	60	61
contig_62_22A3NFb-2	28869	2931006	60	61
contig_63_22A3NFb-2	155052	2960378	60	61
contig_64_22A3NFb-2	48686	3118036	60	61
contig_65_22A3NFb-2	205578	3167555	60	61
contig_66_22A3NFb-2	18539	3376581	60	61
contig_67_22A3NFb-2	70888	3395450	60	61
contig_7_22A3NFb-2	85249	3467540	60	61
contig_8_22A3NFb-2	71853	3554230	60	61
contig_9_22A3NFb-2	26653	3627301	60	61
contig_1_22A3NFb-3	26903	20	60	61
contig_10_22A3NFb-3	21781	27393	60	61
contig_11_22A3NFb-3	77045	49559	60	61
contig_12_22A3NFb-3	38766	127910	60	61
contig_13_22A3NFb-3	14944	167344	60	61
contig_14_22A3NFb-3	17793	182559	60	61
contig_15_22A3NFb-3	9364	200670	60	61
contig_16_22A3NFb-3	34839	210212	60	61
contig_17_22A3NFb-3	7153	245653	60	61
contig_18_22A3NFb-3	23502	252947	60	61
contig_19_22A3NFb-3	21253	276862	60	61
contig_2_22A3NFb-3	10964	298490	60	61
contig_20_22A3NFb-3	24474	309658	60	61
contig_21_22A3NFb-3	6364	334561	60	61
contig_22_22A3NFb-3	12497	341053	60	61
contig_23_22A3NFb-3	4306	353780	60	61
contig_24_22A3NFb-3	38803	358179	60	61
contig_25_22A3NFb-3	36379	397650	60	61
contig_3_22A3NFb-3	8509	434656	60	61
contig_4_22A3NFb-3	39326	443327	60	61
contig_5_22A3NFb-3	2863	483329	60	61
contig_6_22A3NFb-3	23488	486260	60	61
contig_7_22A3NFb-3	9285	510160	60	61
contig_8_22A3NFb-3	8180	519620	60	61
contig_9_22A3NFb-3	23586	527957	60	61
contig_1_22A3NFb-4	45031	20	60	61
contig_10_22A3NFb-4	17753	45823	60	61
contig_100_22A3NFb-4	5535	63894	60	61
contig_101_22A3NFb-4	14663	69544	60	61
contig_102_22A3NFb-4	3533	84474	60	61
contig_103_22A3NFb-4	17252	88088	60	61
contig_104_22A3NFb-4	6730	105650	60	61
contig_105_22A3NFb-4	11260	112515	60	61
contig_106_22A3NFb-4	23644	123985	60	61
contig_107_22A3NFb-4	11566	148046	60	61
contig_108_22A3NFb-4	50046	159827	60	61
contig_109_22A3NFb-4	15997	210730	60	61
contig_11_22A3NFb-4	59702	227015	60	61
contig_110_22A3NFb-4	3173	287735	60	61
contig_111_22A3NFb-4	9319	290983	60	61
contig_112_22A3NFb-4	3260	300480	60	61
contig_113_22A3NFb-4	18938	303817	60	61
contig_114_22A3NFb-4	19548	323093	60	61
contig_115_22A3NFb-4	10561	342989	60	61
contig_116_22A3NFb-4	13180	353749	60	61
contig_117_22A3NFb-4	43072	367171	60	61
contig_118_22A3NFb-4	5689	410983	60	61
contig_119_22A3NFb-4	4970	416789	60	61
contig_12_22A3NFb-4	45499	421863	60	61
contig_120_22A3NFb-4	19671	468143	60	61
contig_121_22A3NFb-4	11682	488164	60	61
contig_122_22A3NFb-4	3623	500063	60	61
contig_123_22A3NFb-4	5748	503769	60	61
contig_124_22A3NFb-4	14846	509635	60	61
contig_125_22A3NFb-4	4379	524751	60	61
contig_126_22A3NFb-4	2796	529225	60	61
contig_127_22A3NFb-4	2928	532090	60	61
contig_128_22A3NFb-4	4972	535089	60	61
contig_129_22A3NFb-4	7318	540166	60	61
contig_13_22A3NFb-4	8372	547627	60	61
contig_130_22A3NFb-4	26212	556161	60	61
contig_131_22A3NFb-4	2614	582832	60	61
contig_132_22A3NFb-4	5760	585512	60	61
contig_133_22A3NFb-4	4459	591390	60	61
contig_134_22A3NFb-4	51431	595946	60	61
contig_135_22A3NFb-4	2506	648257	60	61
contig_136_22A3NFb-4	16647	650827	60	61
contig_137_22A3NFb-4	17424	667774	60	61
contig_138_22A3NFb-4	84584	685511	60	61
contig_139_22A3NFb-4	5147	771527	60	61
contig_14_22A3NFb-4	11419	776781	60	61
contig_140_22A3NFb-4	2409	788413	60	61
contig_141_22A3NFb-4	4764	790885	60	61
contig_142_22A3NFb-4	15550	795751	60	61
contig_143_22A3NFb-4	2599	811583	60	61
contig_144_22A3NFb-4	2487	814248	60	61
contig_145_22A3NFb-4	544571	816799	60	61
contig_146_22A3NFb-4	3084	1370469	60	61
contig_147_22A3NFb-4	5700	1373627	60	61
contig_148_22A3NFb-4	2586	1379444	60	61
contig_149_22A3NFb-4	2704	1382096	60	61
contig_15_22A3NFb-4	27049	1384867	60	61
contig_150_22A3NFb-4	205450	1412389	60	61
contig_151_22A3NFb-4	5927	1621286	60	61
contig_152_22A3NFb-4	33713	1627334	60	61
contig_153_22A3NFb-4	67328	1661631	60	61
contig_154_22A3NFb-4	19506	1730104	60	61
contig_155_22A3NFb-4	25547	1749958	60	61
contig_156_22A3NFb-4	56494	1775953	60	61
contig_157_22A3NFb-4	20076	1833411	60	61
contig_158_22A3NFb-4	115397	1853844	60	61
contig_159_22A3NFb-4	18792	1971187	60	61
contig_16_22A3NFb-4	31488	1990314	60	61
contig_160_22A3NFb-4	10962	2022349	60	61
contig_161_22A3NFb-4	62633	2033516	60	61
contig_162_22A3NFb-4	21623	2097215	60	61
contig_163_22A3NFb-4	14517	2119221	60	61
contig_164_22A3NFb-4	199975	2134002	60	61
contig_165_22A3NFb-4	65077	2337332	60	61
contig_166_22A3NFb-4	14127	2403516	60	61
contig_167_22A3NFb-4	61427	2417901	60	61
contig_168_22A3NFb-4	23300	2480374	60	61
contig_169_22A3NFb-4	12237	2504085	60	61
contig_17_22A3NFb-4	7722	2516547	60	61
contig_170_22A3NFb-4	46014	2524420	60	61
contig_171_22A3NFb-4	32601	2571223	60	61
contig_172_22A3NFb-4	43599	2604390	60	61
contig_173_22A3NFb-4	12591	2648738	60	61
contig_174_22A3NFb-4	45786	2661561	60	61
contig_175_22A3NFb-4	26872	2708133	60	61
contig_176_22A3NFb-4	29343	2735475	60	61
contig_177_22A3NFb-4	27874	2765330	60	61
contig_178_22A3NFb-4	11819	2793691	60	61
contig_179_22A3NFb-4	9707	2805729	60	61
contig_18_22A3NFb-4	38970	2815619	60	61
contig_180_22A3NFb-4	65206	2855261	60	61
contig_181_22A3NFb-4	26794	2921576	60	61
contig_182_22A3NFb-4	34976	2948839	60	61
contig_183_22A3NFb-4	38762	2984420	60	61
contig_184_22A3NFb-4	38688	3023851	60	61
contig_185_22A3NFb-4	8776	3063206	60	61
contig_186_22A3NFb-4	6781	3072151	60	61
contig_187_22A3NFb-4	26551	3079068	60	61
contig_188_22A3NFb-4	17024	3106084	60	61
contig_189_22A3NFb-4	25708	3123414	60	61
contig_19_22A3NFb-4	25027	3149572	60	61
contig_190_22A3NFb-4	110029	3175039	60	61
contig_191_22A3NFb-4	58771	3286924	60	61
contig_192_22A3NFb-4	62175	3346697	60	61
contig_193_22A3NFb-4	58625	3409931	60	61
contig_194_22A3NFb-4	9250	3469556	60	61
contig_195_22A3NFb-4	31406	3478983	60	61
contig_196_22A3NFb-4	13139	3510935	60	61
contig_197_22A3NFb-4	727863	3524315	60	61
contig_198_22A3NFb-4	435332	4264332	60	61
contig_199_22A3NFb-4	39312	4706942	60	61
contig_2_22A3NFb-4	20892	4746930	60	61
contig_20_22A3NFb-4	20837	4768192	60	61
contig_200_22A3NFb-4	522919	4789399	60	61
contig_201_22A3NFb-4	99395	5321056	60	61
contig_202_22A3NFb-4	22115	5422130	60	61
contig_203_22A3NFb-4	22188	5444636	60	61
contig_204_22A3NFb-4	10116	5467216	60	61
contig_205_22A3NFb-4	148277	5477523	60	61
contig_206_22A3NFb-4	5141	5628294	60	61
contig_207_22A3NFb-4	21673	5633543	60	61
contig_208_22A3NFb-4	62134	5655600	60	61
contig_209_22A3NFb-4	35286	5718792	60	61
contig_21_22A3NFb-4	40741	5754688	60	61
contig_210_22A3NFb-4	52338	5796131	60	61
contig_211_22A3NFb-4	61973	5849364	60	61
contig_212_22A3NFb-4	154773	5912392	60	61
contig_22_22A3NFb-4	12532	6069766	60	61
contig_23_22A3NFb-4	46017	6082528	60	61
contig_24_22A3NFb-4	13343	6129333	60	61
contig_25_22A3NFb-4	17594	6142920	60	61
contig_26_22A3NFb-4	48592	6160829	60	61
contig_27_22A3NFb-4	3586	6210252	60	61
contig_28_22A3NFb-4	5368	6213919	60	61
contig_29_22A3NFb-4	15999	6219398	60	61
contig_3_22A3NFb-4	35743	6235684	60	61
contig_30_22A3NFb-4	27664	6272044	60	61
contig_31_22A3NFb-4	152102	6300191	60	61
contig_32_22A3NFb-4	154367	6454850	60	61
contig_33_22A3NFb-4	48400	6611811	60	61
contig_34_22A3NFb-4	87315	6661039	60	61
contig_35_22A3NFb-4	16799	6749831	60	61
contig_36_22A3NFb-4	16173	6766931	60	61
contig_37_22A3NFb-4	4998	6783395	60	61
contig_38_22A3NFb-4	4614	6788498	60	61
contig_39_22A3NFb-4	2668	6793210	60	61
contig_4_22A3NFb-4	35836	6795943	60	61
contig_40_22A3NFb-4	10298	6832398	60	61
contig_41_22A3NFb-4	8674	6842889	60	61
contig_42_22A3NFb-4	8282	6851729	60	61
contig_43_22A3NFb-4	15163	6860171	60	61
contig_44_22A3NFb-4	2439	6875608	60	61
contig_45_22A3NFb-4	33928	6878109	60	61
contig_46_22A3NFb-4	11247	6912624	60	61
contig_47_22A3NFb-4	19358	6924080	60	61
contig_48_22A3NFb-4	14468	6943782	60	61
contig_49_22A3NFb-4	48340	6958513	60	61
contig_5_22A3NFb-4	28415	7007679	60	61
contig_50_22A3NFb-4	19536	7036589	60	61
contig_51_22A3NFb-4	17075	7056472	60	61
contig_52_22A3NFb-4	9229	7073853	60	61
contig_53_22A3NFb-4	32241	7083257	60	61
contig_54_22A3NFb-4	12135	7116057	60	61
contig_55_22A3NFb-4	99939	7128416	60	61
contig_56_22A3NFb-4	373939	7230042	60	61
contig_57_22A3NFb-4	10857	7610235	60	61
contig_58_22A3NFb-4	20980	7621294	60	61
contig_59_22A3NFb-4	7394	7642645	60	61
contig_6_22A3NFb-4	22273	7650183	60	61
contig_60_22A3NFb-4	9735	7672849	60	61
contig_61_22A3NFb-4	7181	7682768	60	61
contig_62_22A3NFb-4	19345	7690090	60	61
contig_63_22A3NFb-4	62195	7709779	60	61
contig_64_22A3NFb-4	10108	7773032	60	61
contig_65_22A3NFb-4	24765	7783330	60	61
contig_66_22A3NFb-4	29881	7808529	60	61
contig_67_22A3NFb-4	14759	7838930	60	61
contig_68_22A3NFb-4	34005	7853956	60	61
contig_69_22A3NFb-4	2392	7888549	60	61
contig_7_22A3NFb-4	185007	7891001	60	61
contig_70_22A3NFb-4	12081	8079113	60	61
contig_71_22A3NFb-4	5976	8091417	60	61
contig_72_22A3NFb-4	14007	8097514	60	61
contig_73_22A3NFb-4	7157	8111776	60	61
contig_74_22A3NFb-4	10545	8119074	60	61
contig_75_22A3NFb-4	10519	8129816	60	61
contig_76_22A3NFb-4	22301	8140532	60	61
contig_77_22A3NFb-4	26823	8163226	60	61
contig_78_22A3NFb-4	2297	8190518	60	61
contig_79_22A3NFb-4	177838	8192875	60	61
contig_8_22A3NFb-4	56921	8373697	60	61
contig_80_22A3NFb-4	17849	8431588	60	61
contig_81_22A3NFb-4	24545	8449756	60	61
contig_82_22A3NFb-4	4822	8474732	60	61
contig_83_22A3NFb-4	27865	8479656	60	61
contig_84_22A3NFb-4	14329	8508007	60	61
contig_85_22A3NFb-4	45323	8522596	60	61
contig_86_22A3NFb-4	17306	8568696	60	61
contig_87_22A3NFb-4	27231	8586312	60	61
contig_88_22A3NFb-4	11400	8614018	60	61
contig_89_22A3NFb-4	13573	8625629	60	61
contig_9_22A3NFb-4	66727	8639449	60	61
contig_90_22A3NFb-4	15637	8707310	60	61
contig_91_22A3NFb-4	13104	8723229	60	61
contig_92_22A3NFb-4	6425	8736573	60	61
contig_93_22A3NFb-4	2233	8743127	60	61
contig_94_22A3NFb-4	12124	8745419	60	61
contig_95_22A3NFb-4	6132	8757767	60	61
contig_96_22A3NFb-4	15424	8764023	60	61
contig_97_22A3NFb-4	4418	8779726	60	61
contig_98_22A3NFb-4	9406	8784239	60	61
contig_99_22A3NFb-4	1041	8793823	60	61
contig_1_22A3NFb-5	7067	20	60	61
contig_10_22A3NFb-5	28237	7226	60	61
contig_11_22A3NFb-5	30210	35955	60	61
contig_12_22A3NFb-5	30913	66690	60	61
contig_13_22A3NFb-5	26244	98140	60	61
contig_14_22A3NFb-5	10601	124843	60	61
contig_15_22A3NFb-5	33006	135642	60	61
contig_16_22A3NFb-5	15441	169220	60	61
contig_17_22A3NFb-5	16008	184940	60	61
contig_18_22A3NFb-5	72887	201236	60	61
contig_19_22A3NFb-5	17725	275359	60	61
contig_2_22A3NFb-5	6741	293400	60	61
contig_20_22A3NFb-5	8029	300275	60	61
contig_21_22A3NFb-5	16843	308459	60	61
contig_22_22A3NFb-5	29377	325604	60	61
contig_23_22A3NFb-5	15277	355492	60	61
contig_24_22A3NFb-5	23714	371045	60	61
contig_25_22A3NFb-5	22139	395176	60	61
contig_26_22A3NFb-5	38111	417705	60	61
contig_27_22A3NFb-5	9240	456473	60	61
contig_28_22A3NFb-5	25148	465888	60	61
contig_29_22A3NFb-5	12484	491477	60	61
contig_3_22A3NFb-5	40128	504190	60	61
contig_30_22A3NFb-5	87386	545008	60	61
contig_31_22A3NFb-5	12887	633872	60	61
contig_32_22A3NFb-5	3489	646995	60	61
contig_33_22A3NFb-5	54391	650564	60	61
contig_34_22A3NFb-5	88281	705883	60	61
contig_35_22A3NFb-5	32702	795657	60	61
contig_36_22A3NFb-5	16272	828926	60	61
contig_37_22A3NFb-5	28762	845491	60	61
contig_38_22A3NFb-5	27821	874754	60	61
contig_39_22A3NFb-5	3430	903060	60	61
contig_4_22A3NFb-5	40713	906568	60	61
contig_40_22A3NFb-5	11642	947981	60	61
contig_41_22A3NFb-5	51349	959839	60	61
contig_42_22A3NFb-5	23556	1012065	60	61
contig_43_22A3NFb-5	23016	1036035	60	61
contig_44_22A3NFb-5	28632	1059456	60	61
contig_45_22A3NFb-5	4419	1088587	60	61
contig_46_22A3NFb-5	44753	1093101	60	61
contig_47_22A3NFb-5	56847	1138621	60	61
contig_48_22A3NFb-5	5744	1196437	60	61
contig_49_22A3NFb-5	9794	1202298	60	61
contig_5_22A3NFb-5	29144	1212276	60	61
contig_50_22A3NFb-5	4907	1241927	60	61
contig_51_22A3NFb-5	13492	1246937	60	61
contig_52_22A3NFb-5	9055	1260675	60	61
contig_53_22A3NFb-5	6759	1269902	60	61
contig_54_22A3NFb-5	10517	1276795	60	61
contig_55_22A3NFb-5	115618	1287509	60	61
contig_56_22A3NFb-5	75060	1405075	60	61
contig_57_22A3NFb-5	20711	1481407	60	61
contig_58_22A3NFb-5	27098	1502485	60	61
contig_59_22A3NFb-5	7609	1530056	60	61
contig_6_22A3NFb-5	12074	1537812	60	61
contig_60_22A3NFb-5	138062	1550109	60	61
contig_61_22A3NFb-5	43412	1690494	60	61
contig_62_22A3NFb-5	12168	1734651	60	61
contig_63_22A3NFb-5	47903	1747043	60	61
contig_64_22A3NFb-5	52425	1795766	60	61
contig_65_22A3NFb-5	13135	1849086	60	61
contig_66_22A3NFb-5	9504	1862461	60	61
contig_67_22A3NFb-5	43530	1872145	60	61
contig_68_22A3NFb-5	29122	1916422	60	61
contig_69_22A3NFb-5	18079	1946051	60	61
contig_7_22A3NFb-5	30350	1964452	60	61
contig_70_22A3NFb-5	52236	1995329	60	61
contig_71_22A3NFb-5	41839	2048457	60	61
contig_72_22A3NFb-5	36048	2091015	60	61
contig_73_22A3NFb-5	6314	2127685	60	61
contig_74_22A3NFb-5	38733	2134126	60	61
contig_75_22A3NFb-5	75651	2173526	60	61
contig_76_22A3NFb-5	49370	2250459	60	61
contig_77_22A3NFb-5	172704	2300673	60	61
contig_78_22A3NFb-5	58556	2476277	60	61
contig_79_22A3NFb-5	34746	2535830	60	61
contig_8_22A3NFb-5	3169	2571176	60	61
contig_80_22A3NFb-5	10155	2574419	60	61
contig_9_22A3NFb-5	65197	2584764	60	61
contig_1_22A3PE-10	88618	20	60	61
contig_10_22A3PE-10	255926	90136	60	61
contig_11_22A3PE-10	40397	350349	60	61
contig_12_22A3PE-10	24957	391441	60	61
contig_13_22A3PE-10	191261	416835	60	61
contig_14_22A3PE-10	43864	611305	60	61
contig_15_22A3PE-10	40278	655922	60	61
contig_16_22A3PE-10	38438	696893	60	61
contig_17_22A3PE-10	69891	735993	60	61
contig_18_22A3PE-10	134613	807070	60	61
contig_19_22A3PE-10	11056	943948	60	61
contig_2_22A3PE-10	79424	955209	60	61
contig_20_22A3PE-10	2787	1035978	60	61
contig_21_22A3PE-10	109064	1038833	60	61
contig_22_22A3PE-10	294568	1149736	60	61
contig_23_22A3PE-10	5948	1449235	60	61
contig_24_22A3PE-10	34369	1455304	60	61
contig_25_22A3PE-10	27738	1490267	60	61
contig_26_22A3PE-10	23710	1518489	60	61
contig_27_22A3PE-10	13795	1542616	60	61
contig_28_22A3PE-10	27971	1556662	60	61
contig_29_22A3PE-10	113398	1585121	60	61
contig_3_22A3PE-10	100990	1700429	60	61
contig_30_22A3PE-10	8721	1803124	60	61
contig_31_22A3PE-10	79438	1812012	60	61
contig_32_22A3PE-10	105445	1892795	60	61
contig_33_22A3PE-10	306907	2000019	60	61
contig_34_22A3PE-10	169183	2312063	60	61
contig_35_22A3PE-10	59039	2484087	60	61
contig_36_22A3PE-10	177219	2544131	60	61
contig_37_22A3PE-10	113870	2724325	60	61
contig_38_22A3PE-10	169970	2840114	60	61
contig_39_22A3PE-10	68220	3012938	60	61
contig_4_22A3PE-10	25880	3082315	60	61
contig_40_22A3PE-10	369927	3108648	60	61
contig_41_22A3PE-10	95718	3484762	60	61
contig_42_22A3PE-10	54909	3582097	60	61
contig_5_22A3PE-10	162187	3637942	60	61
contig_6_22A3PE-10	20563	3802853	60	61
contig_7_22A3PE-10	454519	3823779	60	61
contig_8_22A3PE-10	40332	4285894	60	61
contig_9_22A3PE-10	66800	4326919	60	61
contig_1_22A3PE-11	3379770	20	60	61
contig_2_22A3PE-11	22183	3436140	60	61
contig_3_22A3PE-11	3983456	3458713	60	61
contig_4_22A3PE-11	66113	7508580	60	61
contig_5_22A3PE-11	264164	7575815	60	61
contig_1_22A3PE-12	1689299	20	60	61
contig_2_22A3PE-12	671120	1717494	60	61
contig_3_22A3PE-12	482371	2399820	60	61
contig_4_22A3PE-12	149013	2890251	60	61
contig_5_22A3PE-12	1454787	3041768	60	61
contig_1_22A3PE-13	5508430	20	60	61
contig_1_22A3PE-14	1460574	20	60	61
contig_2_22A3PE-14	1232646	1484957	60	61
contig_3_22A3PE-14	831688	2738168	60	61
contig_4_22A3PE-14	1792170	3583738	60	61
contig_6_22A3PE-14	3401446	5405798	60	61
contig_7_22A3PE-14	5524	8863955	60	61
contig_8_22A3PE-14	3667151	8869592	60	61
contig_9_22A3PE-14	159252	12597883	60	61
contig_1_22A3PE-15	3280763	20	60	61
contig_1_22A3PE-1	4264474	19	60	61
contig_2_22A3PE-1	42680	4335587	60	61
contig_1_22A3PE-2	3165967	19	60	61
contig_1_22A3PE-3	5690049	19	60	61
contig_1_22A3PE-4	52985	19	60	61
contig_10_22A3PE-4	28945	53908	60	61
contig_100_22A3PE-4	36060	83357	60	61
contig_101_22A3PE-4	49750	120039	60	61
contig_102_22A3PE-4	21823	170640	60	61
contig_103_22A3PE-4	20795	192848	60	61
contig_104_22A3PE-4	128016	214011	60	61
contig_105_22A3PE-4	3221	344182	60	61
contig_106_22A3PE-4	73552	347478	60	61
contig_107_22A3PE-4	20963	422277	60	61
contig_11_22A3PE-4	22919	443610	60	61
contig_12_22A3PE-4	11016	466931	60	61
contig_13_22A3PE-4	23706	478151	60	61
contig_14_22A3PE-4	12226	502273	60	61
contig_15_22A3PE-4	17153	514723	60	61
contig_16_22A3PE-4	4353	532182	60	61
contig_17_22A3PE-4	4490	536628	60	61
contig_18_22A3PE-4	3530	541213	60	61
contig_19_22A3PE-4	1623	544822	60	61
contig_2_22A3PE-4	5515	546492	60	61
contig_20_22A3PE-4	22964	552119	60	61
contig_21_22A3PE-4	191393	575486	60	61
contig_22_22A3PE-4	494948	770089	60	61
contig_23_22A3PE-4	1136	1273307	60	61
contig_24_22A3PE-4	1034862	1274482	60	61
contig_25_22A3PE-4	2244648	2326612	60	61
contig_26_22A3PE-4	162562	4608691	60	61
contig_27_22A3PE-4	37157	4773983	60	61
contig_28_22A3PE-4	12117	4811780	60	61
contig_29_22A3PE-4	91947	4824119	60	61
contig_3_22A3PE-4	214725	4917618	60	61
contig_30_22A3PE-4	7839	5135942	60	61
contig_31_22A3PE-4	31356	5143932	60	61
contig_33_22A3PE-4	1993	5175831	60	61
contig_34_22A3PE-4	35609	5177878	60	61
contig_35_22A3PE-4	13634	5214101	60	61
contig_36_22A3PE-4	12863	5227983	60	61
contig_37_22A3PE-4	69343	5241081	60	61
contig_38_22A3PE-4	54799	5311600	60	61
contig_39_22A3PE-4	28210	5367333	60	61
contig_40_22A3PE-4	22005	5396034	60	61
contig_41_22A3PE-4	917310	5418426	60	61
contig_43_22A3PE-4	8678	6351045	60	61
contig_44_22A3PE-4	19373	6359888	60	61
contig_45_22A3PE-4	4121	6379604	60	61
contig_46_22A3PE-4	8929	6383814	60	61
contig_47_22A3PE-4	3826	6392912	60	61
contig_48_22A3PE-4	18078	6396822	60	61
contig_49_22A3PE-4	58945	6415222	60	61
contig_5_22A3PE-4	1622	6475169	60	61
contig_50_22A3PE-4	1455	6476839	60	61
contig_51_22A3PE-4	14943	6478339	60	61
contig_52_22A3PE-4	9199	6493552	60	61
contig_53_22A3PE-4	45142	6502925	60	61
contig_54_22A3PE-4	1445	6548840	60	61
contig_55_22A3PE-4	20434	6550330	60	61
contig_56_22A3PE-4	14173	6571125	60	61
contig_57_22A3PE-4	9871	6585555	60	61
contig_58_22A3PE-4	39644	6595611	60	61
contig_59_22A3PE-4	4693	6635936	60	61
contig_6_22A3PE-4	148615	6640727	60	61
contig_60_22A3PE-4	22642	6791839	60	61
contig_61_22A3PE-4	121040	6814879	60	61
contig_62_22A3PE-4	13957	6937957	60	61
contig_63_22A3PE-4	2353	6952167	60	61
contig_64_22A3PE-4	4666	6954580	60	61
contig_65_22A3PE-4	8627	6959344	60	61
contig_66_22A3PE-4	5568	6968135	60	61
contig_67_22A3PE-4	19828	6973816	60	61
contig_68_22A3PE-4	22905	6993995	60	61
contig_69_22A3PE-4	4568	7017302	60	61
contig_7_22A3PE-4	10559	7021966	60	61
contig_70_22A3PE-4	149318	7032721	60	61
contig_71_22A3PE-4	12294	7184548	60	61
contig_72_22A3PE-4	4818	7197067	60	61
contig_73_22A3PE-4	69512	7201986	60	61
contig_74_22A3PE-4	56680	7272677	60	61
contig_76_22A3PE-4	2285	7330322	60	61
contig_77_22A3PE-4	71944	7332666	60	61
contig_78_22A3PE-4	36628	7405830	60	61
contig_79_22A3PE-4	10930	7443089	60	61
contig_8_22A3PE-4	7264	7454221	60	61
contig_80_22A3PE-4	73988	7461627	60	61
contig_81_22A3PE-4	30318	7536869	60	61
contig_82_22A3PE-4	43863	7567713	60	61
contig_83_22A3PE-4	33026	7612328	60	61
contig_84_22A3PE-4	87043	7645925	60	61
contig_85_22A3PE-4	51982	7734439	60	61
contig_86_22A3PE-4	33126	7787308	60	61
contig_87_22A3PE-4	80801	7821007	60	61
contig_88_22A3PE-4	98856	7903175	60	61
contig_89_22A3PE-4	15463	8003699	60	61
contig_9_22A3PE-4	62332	8019439	60	61
contig_90_22A3PE-4	64031	8082830	60	61
contig_91_22A3PE-4	27340	8147949	60	61
contig_92_22A3PE-4	12609	8175765	60	61
contig_93_22A3PE-4	24587	8188605	60	61
contig_94_22A3PE-4	37056	8213622	60	61
contig_95_22A3PE-4	37116	8251316	60	61
contig_96_22A3PE-4	13090	8289071	60	61
contig_97_22A3PE-4	67633	8302400	60	61
contig_98_22A3PE-4	32101	8371181	60	61
contig_99_22A3PE-4	12023	8403838	60	61
contig_1_22A3PE-5	6316846	19	60	61
contig_1_22A3PE-6	4146297	19	60	61
contig_2_22A3PE-6	49949	4215440	60	61
contig_3_22A3PE-6	280603	4266241	60	61
contig_1_22A3PE-7	3468530	19	60	61
contig_2_22A3PE-7	184967	3526377	60	61
contig_1_22A3PE-8	3367456	19	60	61
contig_1_22A3PE-9	264149	19	60	61
contig_11_22A3PE-9	18082	268591	60	61
contig_2_22A3PE-9	3983529	286994	60	61
contig_3_22A3PE-9	3190762	4336935	60	61
contig_4_22A3PE-9	356905	7580896	60	61
contig_5_22A3PE-9	6265	7943769	60	61
contig_7_22A3PE-9	184706	7950158	60	61
contig_8_22A3PE-9	66135	8137962	60	61
contig_1_22A3R2A-10	4255290	21	60	61
contig_2_22A3R2A-10	83006	4326254	60	61
contig_5_22A3R2A-10	134308	4410665	60	61
contig_1_22A3R2A-11	2091839	21	60	61
contig_10_22A3R2A-11	7903	2126746	60	61
contig_11_22A3R2A-11	30853	2134803	60	61
contig_12_22A3R2A-11	17251	2166193	60	61
contig_14_22A3R2A-11	4928	2183754	60	61
contig_15_22A3R2A-11	52135	2188787	60	61
contig_16_22A3R2A-11	4072	2241813	60	61
contig_17_22A3R2A-11	5444	2245975	60	61
contig_18_22A3R2A-11	22573	2251532	60	61
contig_19_22A3R2A-11	421451	2274504	60	61
contig_2_22A3R2A-11	195718	2703001	60	61
contig_20_22A3R2A-11	47086	2902003	60	61
contig_3_22A3R2A-11	1229998	2949895	60	61
contig_6_22A3R2A-11	69605	4200414	60	61
contig_7_22A3R2A-11	2259	4271201	60	61
contig_9_22A3R2A-11	5600	4273519	60	61
contig_1_22A3R2A-1	3961266	20	60	61
contig_2_22A3R2A-1	8865	4027328	60	61
contig_3_22A3R2A-1	47085	4036361	60	61
contig_4_22A3R2A-1	207472	4084251	60	61
contig_1_22A3R2A-2	3467533	20	60	61
contig_2_22A3R2A-2	60426	3525366	60	61
contig_1_22A3R2A-3	404200	20	60	61
contig_10_22A3R2A-3	7511	410978	60	61
contig_11_22A3R2A-3	49996	418636	60	61
contig_12_22A3R2A-3	12324	469487	60	61
contig_13_22A3R2A-3	33999	482038	60	61
contig_14_22A3R2A-3	9925	516625	60	61
contig_15_22A3R2A-3	7111	526737	60	61
contig_16_22A3R2A-3	54934	533988	60	61
contig_17_22A3R2A-3	17905	589859	60	61
contig_18_22A3R2A-3	40673	608084	60	61
contig_19_22A3R2A-3	356148	649456	60	61
contig_2_22A3R2A-3	4429	1011560	60	61
contig_20_22A3R2A-3	12684	1016084	60	61
contig_21_22A3R2A-3	15727	1029001	60	61
contig_22_22A3R2A-3	27155	1045012	60	61
contig_23_22A3R2A-3	13120	1072641	60	61
contig_24_22A3R2A-3	13057	1086001	60	61
contig_25_22A3R2A-3	6239	1099297	60	61
contig_26_22A3R2A-3	88742	1105661	60	61
contig_27_22A3R2A-3	9814	1195904	60	61
contig_28_22A3R2A-3	78370	1205903	60	61
contig_29_22A3R2A-3	887368	1285601	60	61
contig_3_22A3R2A-3	37322	2187779	60	61
contig_30_22A3R2A-3	42520	2225745	60	61
contig_31_22A3R2A-3	7145	2268995	60	61
contig_32_22A3R2A-3	24999	2276281	60	61
contig_33_22A3R2A-3	41896	2301718	60	61
contig_34_22A3R2A-3	6926	2344334	60	61
contig_35_22A3R2A-3	355188	2351397	60	61
contig_36_22A3R2A-3	16052	2712526	60	61
contig_37_22A3R2A-3	27078	2728867	60	61
contig_38_22A3R2A-3	37097	2756418	60	61
contig_39_22A3R2A-3	202356	2794155	60	61
contig_4_22A3R2A-3	36135	2999904	60	61
contig_40_22A3R2A-3	74963	3036663	60	61
contig_41_22A3R2A-3	58982	3112897	60	61
contig_42_22A3R2A-3	323008	3172884	60	61
contig_43_22A3R2A-3	96342	3501297	60	61
contig_44_22A3R2A-3	27083	3599266	60	61
contig_45_22A3R2A-3	256029	3626822	60	61
contig_46_22A3R2A-3	23203	3887140	60	61
contig_47_22A3R2A-3	6268	3910751	60	61
contig_48_22A3R2A-3	16586	3917145	60	61
contig_49_22A3R2A-3	312207	3934029	60	61
contig_5_22A3R2A-3	10390	4251460	60	61
contig_50_22A3R2A-3	49599	4262045	60	61
contig_51_22A3R2A-3	15613	4312492	60	61
contig_52_22A3R2A-3	30784	4328387	60	61
contig_53_22A3R2A-3	34661	4359706	60	61
contig_54_22A3R2A-3	17865	4394966	60	61
contig_55_22A3R2A-3	6260	4413150	60	61
contig_56_22A3R2A-3	8420	4419536	60	61
contig_57_22A3R2A-3	434397	4428118	60	61
contig_58_22A3R2A-3	19086	4869776	60	61
contig_59_22A3R2A-3	6329	4889202	60	61
contig_6_22A3R2A-3	8365	4895657	60	61
contig_60_22A3R2A-3	66127	4904183	60	61
contig_61_22A3R2A-3	21721	4971434	60	61
contig_62_22A3R2A-3	7964	4993539	60	61
contig_63_22A3R2A-3	53601	5001657	60	61
contig_64_22A3R2A-3	181549	5056173	60	61
contig_7_22A3R2A-3	15299	5240768	60	61
contig_8_22A3R2A-3	13481	5256342	60	61
contig_9_22A3R2A-3	18529	5270068	60	61
contig_1_22A3R2A-4	69609	20	60	61
contig_10_22A3R2A-4	74855	70811	60	61
contig_11_22A3R2A-4	298407	146935	60	61
contig_12_22A3R2A-4	143033	450337	60	61
contig_13_22A3R2A-4	148056	595775	60	61
contig_14_22A3R2A-4	59707	746320	60	61
contig_15_22A3R2A-4	127539	807044	60	61
contig_16_22A3R2A-4	82252	936730	60	61
contig_17_22A3R2A-4	44066	1020374	60	61
contig_18_22A3R2A-4	12919	1065196	60	61
contig_19_22A3R2A-4	74870	1078352	60	61
contig_2_22A3R2A-4	150992	1154490	60	61
contig_20_22A3R2A-4	4560	1308020	60	61
contig_21_22A3R2A-4	15904	1312677	60	61
contig_22_22A3R2A-4	94364	1328868	60	61
contig_23_22A3R2A-4	106219	1424826	60	61
contig_24_22A3R2A-4	343765	1532837	60	61
contig_25_22A3R2A-4	238992	1882353	60	61
contig_26_22A3R2A-4	188132	2125350	60	61
contig_27_22A3R2A-4	153226	2316639	60	61
contig_3_22A3R2A-4	460902	2472439	60	61
contig_5_22A3R2A-4	290163	2941043	60	61
contig_6_22A3R2A-4	47551	3236063	60	61
contig_7_22A3R2A-4	505866	3284427	60	61
contig_8_22A3R2A-4	413695	3798745	60	61
contig_9_22A3R2A-4	156650	4219355	60	61
contig_3_22A3R2A-5	3982272	20	60	61
contig_4_22A3R2A-5	4761	4048684	60	61
contig_5_22A3R2A-5	13506	4053545	60	61
contig_6_22A3R2A-5	22836	4067297	60	61
contig_7_22A3R2A-5	37390	4090534	60	61
contig_8_22A3R2A-5	44186	4128568	60	61
contig_1_22A3R2A-6	134973	20	60	61
contig_10_22A3R2A-6	181234	137264	60	61
contig_11_22A3R2A-6	25020	321540	60	61
contig_12_22A3R2A-6	8742	346998	60	61
contig_13_22A3R2A-6	35488	355907	60	61
contig_16_22A3R2A-6	160881	392008	60	61
contig_17_22A3R2A-6	718128	555592	60	61
contig_18_22A3R2A-6	242644	1285710	60	61
contig_19_22A3R2A-6	168598	1532420	60	61
contig_2_22A3R2A-6	70256	1703848	60	61
contig_20_22A3R2A-6	48059	1775296	60	61
contig_21_22A3R2A-6	114165	1824177	60	61
contig_22_22A3R2A-6	8015	1940266	60	61
contig_23_22A3R2A-6	23032	1948436	60	61
contig_24_22A3R2A-6	30741	1971873	60	61
contig_25_22A3R2A-6	26492	2003148	60	61
contig_26_22A3R2A-6	101161	2030103	60	61
contig_27_22A3R2A-6	20795	2132972	60	61
contig_28_22A3R2A-6	5518	2154135	60	61
contig_3_22A3R2A-6	520619	2159765	60	61
contig_31_22A3R2A-6	151439	2689082	60	61
contig_32_22A3R2A-6	152862	2843066	60	61
contig_33_22A3R2A-6	39346	2998497	60	61
contig_34_22A3R2A-6	198145	3038520	60	61
contig_4_22A3R2A-6	441285	3239988	60	61
contig_5_22A3R2A-6	92543	3688648	60	61
contig_6_22A3R2A-6	20589	3782754	60	61
contig_7_22A3R2A-6	601108	3803707	60	61
contig_8_22A3R2A-6	33539	4414854	60	61
contig_9_22A3R2A-6	52093	4448972	60	61
contig_1_22A3R2A-7	3839374	20	60	61
contig_1_22A3R2A-8	4255832	20	60	61
contig_2_22A3R2A-8	81242	4326803	60	61
contig_3_22A3R2A-8	134348	4409420	60	61
contig_1_22A3R2A-9	4058894	20	60	61
contig_1_22A3S1G-1	6105483	20	60	61
contig_1_22A3S1G-2	3126506	20	60	61
contig_2_22A3S1G-2	465956	3178655	60	61
contig_3_22A3S1G-2	12072	3652397	60	61
contig_4_22A3S1G-2	745386	3664691	60	61
contig_5_22A3S1G-2	1743465	4422521	60	61
contig_6_22A3S1G-2	8849	6195064	60	61
contig_7_22A3S1G-2	3018	6204081	60	61
contig_1_22A3S1G-3	4246	20	60	61
contig_1_22A3VL55-10	56964	22	60	61
contig_10_22A3VL55-10	342504	57959	60	61
contig_11_22A3VL55-10	21773	406195	60	61
contig_12_22A3VL55-10	180197	428354	60	61
contig_13_22A3VL55-10	157079	611578	60	61
contig_14_22A3VL55-10	66205	771298	60	61
contig_15_22A3VL55-10	34586	838630	60	61
contig_16_22A3VL55-10	17259	873816	60	61
contig_18_22A3VL55-10	157138	891386	60	61
contig_19_22A3VL55-10	11076	1051166	60	61
contig_2_22A3VL55-10	149677	1062449	60	61
contig_20_22A3VL55-10	52849	1214644	60	61
contig_21_22A3VL55-10	18876	1268397	60	61
contig_22_22A3VL55-10	11191	1287611	60	61
contig_23_22A3VL55-10	61183	1299012	60	61
contig_24_22A3VL55-10	134582	1361238	60	61
contig_25_22A3VL55-10	95364	1498087	60	61
contig_26_22A3VL55-10	33932	1595064	60	61
contig_27_22A3VL55-10	46285	1629585	60	61
contig_28_22A3VL55-10	22577	1676665	60	61
contig_29_22A3VL55-10	104545	1699642	60	61
contig_3_22A3VL55-10	34494	1805952	60	61
contig_30_22A3VL55-10	113646	1841044	60	61
contig_31_22A3VL55-10	254153	1956608	60	61
contig_32_22A3VL55-10	96518	2215020	60	61
contig_33_22A3VL55-10	44175	2313170	60	61
contig_34_22A3VL55-10	16990	2358105	60	61
contig_35_22A3VL55-10	99400	2375402	60	61
contig_36_22A3VL55-10	39382	2476482	60	61
contig_37_22A3VL55-10	12989	2516544	60	61
contig_38_22A3VL55-10	41470	2529773	60	61
contig_39_22A3VL55-10	3551	2571958	60	61
contig_4_22A3VL55-10	20791	2575591	60	61
contig_40_22A3VL55-10	59505	2596752	60	61
contig_41_22A3VL55-10	9392	2657272	60	61
contig_42_22A3VL55-10	48934	2666844	60	61
contig_43_22A3VL55-10	5682	2716617	60	61
contig_44_22A3VL55-10	18126	2722417	60	61
contig_45_22A3VL55-10	4610	2740869	60	61
contig_47_22A3VL55-10	14524	2745579	60	61
contig_48_22A3VL55-10	135466	2760369	60	61
contig_49_22A3VL55-10	7823	2898116	60	61
contig_5_22A3VL55-10	104515	2906092	60	61
contig_50_22A3VL55-10	78774	3012372	60	61
contig_51_22A3VL55-10	66884	3092482	60	61
contig_52_22A3VL55-10	37824	3160504	60	61
contig_53_22A3VL55-10	13694	3198982	60	61
contig_54_22A3VL55-10	210323	3212928	60	61
contig_55_22A3VL55-10	141279	3426780	60	61
contig_56_22A3VL55-10	53543	3570437	60	61
contig_57_22A3VL55-10	52708	3624896	60	61
contig_58_22A3VL55-10	41062	3678506	60	61
contig_59_22A3VL55-10	22799	3720276	60	61
contig_6_22A3VL55-10	66314	3743477	60	61
contig_60_22A3VL55-10	125748	3810920	60	61
contig_7_22A3VL55-10	160524	3938786	60	61
contig_8_22A3VL55-10	153945	4102008	60	61
contig_9_22A3VL55-10	149450	4258541	60	61
contig_1_22A3VL55-11	31139	22	60	61
contig_2_22A3VL55-11	11659	31702	60	61
contig_3_22A3VL55-11	25323	43578	60	61
contig_1_22A3VL55-12	3577095	22	60	61
contig_1_22A3VL55-13	3282000	22	60	61
contig_1_22A3VL55-14	3148050	22	60	61
contig_1_22A3VL55-1	5787	21	60	61
contig_10_22A3VL55-1	212182	5927	60	61
contig_11_22A3VL55-1	26204	221668	60	61
contig_12_22A3VL55-1	33679	248331	60	61
contig_13_22A3VL55-1	209630	282594	60	61
contig_14_22A3VL55-1	53798	495740	60	61
contig_15_22A3VL55-1	137261	550457	60	61
contig_16_22A3VL55-1	130430	690028	60	61
contig_17_22A3VL55-1	53995	822654	60	61
contig_18_22A3VL55-1	94111	877571	60	61
contig_19_22A3VL55-1	56606	973273	60	61
contig_2_22A3VL55-1	3146472	1030844	60	61
contig_20_22A3VL55-1	131388	4229780	60	61
contig_21_22A3VL55-1	48145	4363380	60	61
contig_22_22A3VL55-1	63115	4412350	60	61
contig_23_22A3VL55-1	49893	4476539	60	61
contig_24_22A3VL55-1	205752	4527286	60	61
contig_25_22A3VL55-1	49781	4736490	60	61
contig_26_22A3VL55-1	23584	4787123	60	61
contig_27_22A3VL55-1	81328	4811123	60	61
contig_28_22A3VL55-1	30330	4893829	60	61
contig_29_22A3VL55-1	83051	4924687	60	61
contig_3_22A3VL55-1	186869	5009144	60	61
contig_30_22A3VL55-1	89471	5199150	60	61
contig_31_22A3VL55-1	125517	5290135	60	61
contig_32_22A3VL55-1	30819	5417766	60	61
contig_33_22A3VL55-1	34426	5449121	60	61
contig_34_22A3VL55-1	14648	5484143	60	61
contig_35_22A3VL55-1	28310	5499058	60	61
contig_36_22A3VL55-1	52523	5527862	60	61
contig_37_22A3VL55-1	36722	5581283	60	61
contig_38_22A3VL55-1	39945	5618640	60	61
contig_39_22A3VL55-1	53470	5659273	60	61
contig_4_22A3VL55-1	116789	5713656	60	61
contig_40_22A3VL55-1	126316	5832414	60	61
contig_41_22A3VL55-1	396440	5960858	60	61
contig_42_22A3VL55-1	212084	6363928	60	61
contig_43_22A3VL55-1	48719	6579569	60	61
contig_44_22A3VL55-1	5900	6629122	60	61
contig_5_22A3VL55-1	47210	6635142	60	61
contig_6_22A3VL55-1	464843	6683160	60	61
contig_7_22A3VL55-1	234062	7155772	60	61
contig_8_22A3VL55-1	188581	7393757	60	61
contig_9_22A3VL55-1	13133	7585503	60	61
contig_1_22A3VL55-2	5771	21	60	61
contig_10_22A3VL55-2	78937	5911	60	61
contig_11_22A3VL55-2	101994	86186	60	61
contig_12_22A3VL55-2	69769	189902	60	61
contig_13_22A3VL55-2	71266	260856	60	61
contig_14_22A3VL55-2	22607	333332	60	61
contig_15_22A3VL55-2	59682	356338	60	61
contig_16_22A3VL55-2	226187	417037	60	61
contig_17_22A3VL55-2	159654	647016	60	61
contig_18_22A3VL55-2	249158	809353	60	61
contig_19_22A3VL55-2	166445	1062686	60	61
contig_2_22A3VL55-2	3146267	1231927	60	61
contig_20_22A3VL55-2	181594	4430654	60	61
contig_21_22A3VL55-2	97813	4615297	60	61
contig_22_22A3VL55-2	30458	4714763	60	61
contig_23_22A3VL55-2	51989	4745751	60	61
contig_24_22A3VL55-2	63766	4798629	60	61
contig_25_22A3VL55-2	17151	4863480	60	61
contig_26_22A3VL55-2	100743	4880939	60	61
contig_27_22A3VL55-2	35126	4983384	60	61
contig_28_22A3VL55-2	136368	5019118	60	61
contig_29_22A3VL55-2	75213	5157781	60	61
contig_3_22A3VL55-2	78347	5234269	60	61
contig_30_22A3VL55-2	63610	5313944	60	61
contig_31_22A3VL55-2	245303	5378637	60	61
contig_32_22A3VL55-2	15625	5628051	60	61
contig_33_22A3VL55-2	103990	5643959	60	61
contig_34_22A3VL55-2	223264	5749705	60	61
contig_35_22A3VL55-2	74361	5976713	60	61
contig_4_22A3VL55-2	151161	6052335	60	61
contig_5_22A3VL55-2	22946	6206037	60	61
contig_6_22A3VL55-2	121086	6229387	60	61
contig_7_22A3VL55-2	86258	6352513	60	61
contig_8_22A3VL55-2	357083	6440230	60	61
contig_9_22A3VL55-2	110090	6803286	60	61
contig_1_22A3VL55-3	548699	21	60	61
contig_10_22A3VL55-3	44057	557887	60	61
contig_11_22A3VL55-3	103906	602701	60	61
contig_12_22A3VL55-3	30097	708361	60	61
contig_13_22A3VL55-3	7367	738982	60	61
contig_14_22A3VL55-3	36043	746494	60	61
contig_15_22A3VL55-3	55103	783160	60	61
contig_16_22A3VL55-3	91056	839204	60	61
contig_17_22A3VL55-3	62001	931800	60	61
contig_18_22A3VL55-3	45989	994857	60	61
contig_19_22A3VL55-3	49278	1041635	60	61
contig_2_22A3VL55-3	16040	1091756	60	61
contig_3_22A3VL55-3	7641	1108085	60	61
contig_4_22A3VL55-3	3823839	1115875	60	61
contig_5_22A3VL55-3	35949	5003466	60	61
contig_6_22A3VL55-3	52118	5040036	60	61
contig_7_22A3VL55-3	17210	5093044	60	61
contig_8_22A3VL55-3	62678	5110562	60	61
contig_9_22A3VL55-3	55359	5174306	60	61
contig_2_22A3VL55-4	3146555	21	60	61
contig_1_22A3VL55-5	3838033	21	60	61
contig_1_22A3VL55-6	6026	21	60	61
contig_2_22A3VL55-6	3838096	6169	60	61
contig_3_22A3VL55-6	3490	3908255	60	61
contig_1_22A3VL55-7	44731	21	60	61
contig_10_22A3VL55-7	15724	45520	60	61
contig_100_22A3VL55-7	15672	61530	60	61
contig_103_22A3VL55-7	26113	77487	60	61
contig_104_22A3VL55-7	19179	104059	60	61
contig_105_22A3VL55-7	34387	123581	60	61
contig_106_22A3VL55-7	16044	158565	60	61
contig_107_22A3VL55-7	22937	174900	60	61
contig_108_22A3VL55-7	14518	198243	60	61
contig_109_22A3VL55-7	2725	213026	60	61
contig_11_22A3VL55-7	16953	215819	60	61
contig_110_22A3VL55-7	6657	233078	60	61
contig_111_22A3VL55-7	12783	239869	60	61
contig_112_22A3VL55-7	7564	252889	60	61
contig_113_22A3VL55-7	57041	260603	60	61
contig_114_22A3VL55-7	51313	318618	60	61
contig_115_22A3VL55-7	28470	370810	60	61
contig_12_22A3VL55-7	8644	399777	60	61
contig_13_22A3VL55-7	10393	408588	60	61
contig_14_22A3VL55-7	21010	419177	60	61
contig_15_22A3VL55-7	4807	440560	60	61
contig_16_22A3VL55-7	5238	445470	60	61
contig_17_22A3VL55-7	3979	450818	60	61
contig_18_22A3VL55-7	9375	454886	60	61
contig_19_22A3VL55-7	7614	464440	60	61
contig_2_22A3VL55-7	39949	472202	60	61
contig_20_22A3VL55-7	58728	512839	60	61
contig_21_22A3VL55-7	43757	572568	60	61
contig_22_22A3VL55-7	6410	617077	60	61
contig_23_22A3VL55-7	238013	623616	60	61
contig_24_22A3VL55-7	27597	865618	60	61
contig_25_22A3VL55-7	19396	893697	60	61
contig_26_22A3VL55-7	65237	913439	60	61
contig_27_22A3VL55-7	39110	979786	60	61
contig_28_22A3VL55-7	67503	1019570	60	61
contig_29_22A3VL55-7	51276	1088221	60	61
contig_3_22A3VL55-7	27398	1140373	60	61
contig_30_22A3VL55-7	63056	1168250	60	61
contig_31_22A3VL55-7	9175	1232379	60	61
contig_32_22A3VL55-7	21298	1241729	60	61
contig_33_22A3VL55-7	126436	1263404	60	61
contig_34_22A3VL55-7	92649	1391970	60	61
contig_35_22A3VL55-7	15564	1486186	60	61
contig_36_22A3VL55-7	9597	1502032	60	61
contig_37_22A3VL55-7	29259	1511811	60	61
contig_38_22A3VL55-7	14989	1541580	60	61
contig_39_22A3VL55-7	3837515	1556841	60	61
contig_4_22A3VL55-7	51938	5458336	60	61
contig_40_22A3VL55-7	61089	5511162	60	61
contig_41_22A3VL55-7	131101	5573292	60	61
contig_44_22A3VL55-7	95872	5706601	60	61
contig_46_22A3VL55-7	16881	5804093	60	61
contig_47_22A3VL55-7	28402	5821278	60	61
contig_48_22A3VL55-7	99453	5850176	60	61
contig_49_22A3VL55-7	27381	5951309	60	61
contig_5_22A3VL55-7	12798	5979168	60	61
contig_50_22A3VL55-7	27147	5992202	60	61
contig_51_22A3VL55-7	4365	6019824	60	61
contig_52_22A3VL55-7	45695	6024284	60	61
contig_53_22A3VL55-7	8465	6070763	60	61
contig_54_22A3VL55-7	45862	6079392	60	61
contig_55_22A3VL55-7	146899	6126041	60	61
contig_56_22A3VL55-7	25095	6275411	60	61
contig_57_22A3VL55-7	95266	6300947	60	61
contig_58_22A3VL55-7	16654	6397823	60	61
contig_59_22A3VL55-7	73349	6414777	60	61
contig_6_22A3VL55-7	7790	6489370	60	61
contig_60_22A3VL55-7	8642	6497312	60	61
contig_61_22A3VL55-7	28181	6506121	60	61
contig_62_22A3VL55-7	19391	6534794	60	61
contig_63_22A3VL55-7	58831	6554531	60	61
contig_64_22A3VL55-7	105564	6614365	60	61
contig_65_22A3VL55-7	24014	6721711	60	61
contig_66_22A3VL55-7	32723	6746148	60	61
contig_67_22A3VL55-7	48759	6779439	60	61
contig_68_22A3VL55-7	62302	6829033	60	61
contig_69_22A3VL55-7	31387	6892396	60	61
contig_7_22A3VL55-7	6017	6924328	60	61
contig_70_22A3VL55-7	9357	6930468	60	61
contig_71_22A3VL55-7	82330	6940003	60	61
contig_72_22A3VL55-7	24372	7023728	60	61
contig_73_22A3VL55-7	53609	7048529	60	61
contig_74_22A3VL55-7	78739	7103054	60	61
contig_75_22A3VL55-7	125227	7183128	60	61
contig_76_22A3VL55-7	11521	7310465	60	61
contig_77_22A3VL55-7	26339	7322201	60	61
contig_78_22A3VL55-7	28062	7349001	60	61
contig_79_22A3VL55-7	24341	7377553	60	61
contig_8_22A3VL55-7	2695	7402321	60	61
contig_80_22A3VL55-7	3774	7405083	60	61
contig_81_22A3VL55-7	26182	7408942	60	61
contig_82_22A3VL55-7	17942	7435583	60	61
contig_83_22A3VL55-7	16472	7453847	60	61
contig_84_22A3VL55-7	18817	7470616	60	61
contig_85_22A3VL55-7	92058	7489769	60	61
contig_86_22A3VL55-7	9258	7583384	60	61
contig_87_22A3VL55-7	12562	7592819	60	61
contig_88_22A3VL55-7	79146	7605613	60	61
contig_9_22A3VL55-7	9218	7686100	60	61
contig_90_22A3VL55-7	5976	7695494	60	61
contig_91_22A3VL55-7	9214	7701592	60	61
contig_92_22A3VL55-7	35003	7710982	60	61
contig_93_22A3VL55-7	15300	7746591	60	61
contig_94_22A3VL55-7	17462	7762168	60	61
contig_95_22A3VL55-7	37971	7779944	60	61
contig_96_22A3VL55-7	18299	7818570	60	61
contig_97_22A3VL55-7	4459	7837196	60	61
contig_98_22A3VL55-7	16950	7841752	60	61
contig_99_22A3VL55-7	15307	7859007	60	61
contig_1_22A3VL55-8	3838641	21	60	61
contig_1_22H1L9-1	4038715	19	60	61
contig_2_22H1L9-1	20675	4106065	60	61
contig_3_22H1L9-1	518708	4127104	60	61
contig_4_22H1L9-1	61753	4654477	60	61
contig_5_22H1L9-1	36406	4717279	60	61
contig_6_22H1L9-1	9806	4754311	60	61
contig_7_22H1L9-1	25807	4764300	60	61
contig_8_22H1L9-1	59236	4790557	60	61
contig_9_22H1L9-1	138780	4850800	60	61
contig_1_22H1NFb-10	3939	21	60	61
contig_10_22H1NFb-10	26094	4048	60	61
contig_11_22H1NFb-10	18997	30599	60	61
contig_12_22H1NFb-10	11003	49935	60	61
contig_13_22H1NFb-10	12620	61144	60	61
contig_14_22H1NFb-10	12982	73997	60	61
contig_15_22H1NFb-10	20370	87218	60	61
contig_16_22H1NFb-10	7801	107950	60	61
contig_17_22H1NFb-10	7205	115904	60	61
contig_18_22H1NFb-10	8509	123252	60	61
contig_19_22H1NFb-10	34310	131925	60	61
contig_2_22H1NFb-10	7172	166828	60	61
contig_20_22H1NFb-10	38692	174142	60	61
contig_21_22H1NFb-10	21901	213501	60	61
contig_22_22H1NFb-10	12434	235790	60	61
contig_23_22H1NFb-10	23331	248454	60	61
contig_24_22H1NFb-10	4864	272196	60	61
contig_25_22H1NFb-10	10077	277164	60	61
contig_26_22H1NFb-10	24779	287431	60	61
contig_27_22H1NFb-10	13706	312645	60	61
contig_28_22H1NFb-10	16294	326602	60	61
contig_29_22H1NFb-10	28349	343190	60	61
contig_3_22H1NFb-10	12685	372033	60	61
contig_30_22H1NFb-10	16188	384952	60	61
contig_31_22H1NFb-10	25328	401432	60	61
contig_32_22H1NFb-10	8604	427205	60	61
contig_33_22H1NFb-10	14126	435975	60	61
contig_34_22H1NFb-10	39683	450359	60	61
contig_4_22H1NFb-10	26333	490725	60	61
contig_5_22H1NFb-10	7224	517518	60	61
contig_6_22H1NFb-10	5542	524884	60	61
contig_7_22H1NFb-10	10504	530540	60	61
contig_8_22H1NFb-10	4548	541241	60	61
contig_9_22H1NFb-10	3374	545886	60	61
contig_1_22H1NFb-11	1864685	21	60	61
contig_2_22H1NFb-11	1050155	1895806	60	61
contig_3_22H1NFb-11	774400	2963485	60	61
contig_4_22H1NFb-11	57442	3750813	60	61
contig_1_22H1NFb-1	49612	20	60	61
contig_2_22H1NFb-1	263167	50479	60	61
contig_3_22H1NFb-1	376964	318053	60	61
contig_4_22H1NFb-1	3940679	701320	60	61
contig_5_22H1NFb-1	19772	4707697	60	61
contig_6_22H1NFb-1	152372	4727819	60	61
contig_1_22H1NFb-2	19494	20	60	61
contig_10_22H1NFb-2	73060	19860	60	61
contig_11_22H1NFb-2	14573	94159	60	61
contig_12_22H1NFb-2	57449	108996	60	61
contig_13_22H1NFb-2	5776	167424	60	61
contig_14_22H1NFb-2	13601	173318	60	61
contig_15_22H1NFb-2	232872	187167	60	61
contig_16_22H1NFb-2	156286	423942	60	61
contig_17_22H1NFb-2	249047	582854	60	61
contig_2_22H1NFb-2	169866	836072	60	61
contig_3_22H1NFb-2	203861	1008790	60	61
contig_4_22H1NFb-2	580103	1216069	60	61
contig_5_22H1NFb-2	369678	1805861	60	61
contig_6_22H1NFb-2	70281	2181721	60	61
contig_7_22H1NFb-2	45236	2253194	60	61
contig_8_22H1NFb-2	824826	2299204	60	61
contig_9_22H1NFb-2	642779	3137798	60	61
contig_1_22H1NFb-3	1146678	20	60	61
contig_2_22H1NFb-3	2296373	1165830	60	61
contig_3_22H1NFb-3	57438	3500496	60	61
contig_4_22H1NFb-3	247850	3558912	60	61
contig_1_22H1NFb-4	22430	20	60	61
contig_2_22H1NFb-4	9725	22844	60	61
contig_3_22H1NFb-4	5535	32752	60	61
contig_4_22H1NFb-4	5897	38400	60	61
contig_5_22H1NFb-4	9432	44416	60	61
contig_1_22H1NFb-5	46099	20	60	61
contig_10_22H1NFb-5	70660	46909	60	61
contig_11_22H1NFb-5	24715	118768	60	61
contig_12_22H1NFb-5	186521	143916	60	61
contig_13_22H1NFb-5	170596	333567	60	61
contig_14_22H1NFb-5	14022	507028	60	61
contig_15_22H1NFb-5	65146	521305	60	61
contig_16_22H1NFb-5	179841	587558	60	61
contig_17_22H1NFb-5	22492	770418	60	61
contig_18_22H1NFb-5	104894	793306	60	61
contig_19_22H1NFb-5	111902	899970	60	61
contig_2_22H1NFb-5	66987	1013758	60	61
contig_20_22H1NFb-5	32633	1081883	60	61
contig_21_22H1NFb-5	47948	1115081	60	61
contig_22_22H1NFb-5	10228	1163850	60	61
contig_23_22H1NFb-5	68431	1174270	60	61
contig_24_22H1NFb-5	153015	1243863	60	61
contig_25_22H1NFb-5	53670	1399450	60	61
contig_26_22H1NFb-5	24485	1454036	60	61
contig_27_22H1NFb-5	26391	1478951	60	61
contig_28_22H1NFb-5	65859	1505803	60	61
contig_29_22H1NFb-5	19995	1572781	60	61
contig_3_22H1NFb-5	83192	1593130	60	61
contig_30_22H1NFb-5	21690	1677730	60	61
contig_31_22H1NFb-5	74927	1699803	60	61
contig_32_22H1NFb-5	21885	1776000	60	61
contig_33_22H1NFb-5	65432	1798271	60	61
contig_34_22H1NFb-5	59611	1864815	60	61
contig_35_22H1NFb-5	152422	1925441	60	61
contig_36_22H1NFb-5	23424	2080425	60	61
contig_37_22H1NFb-5	95902	2104261	60	61
contig_38_22H1NFb-5	82522	2201783	60	61
contig_39_22H1NFb-5	47976	2285702	60	61
contig_4_22H1NFb-5	216507	2334498	60	61
contig_40_22H1NFb-5	57423	2554635	60	61
contig_5_22H1NFb-5	13208	2613036	60	61
contig_6_22H1NFb-5	41731	2626485	60	61
contig_7_22H1NFb-5	93941	2668932	60	61
contig_8_22H1NFb-5	91630	2764459	60	61
contig_9_22H1NFb-5	23529	2857637	60	61
contig_1_22H1NFb-6	49177	20	60	61
contig_2_22H1NFb-6	4138196	50037	60	61
contig_3_22H1NFb-6	24083	4257223	60	61
contig_1_22H1NFb-7	17394	20	60	61
contig_10_22H1NFb-7	230684	17725	60	61
contig_11_22H1NFb-7	21864	252275	60	61
contig_13_22H1NFb-7	456819	274525	60	61
contig_14_22H1NFb-7	150511	738979	60	61
contig_15_22H1NFb-7	131603	892020	60	61
contig_16_22H1NFb-7	8508	1025838	60	61
contig_17_22H1NFb-7	56532	1034509	60	61
contig_18_22H1NFb-7	7489	1092005	60	61
contig_19_22H1NFb-7	211269	1099640	60	61
contig_2_22H1NFb-7	348653	1314451	60	61
contig_20_22H1NFb-7	41513	1668936	60	61
contig_21_22H1NFb-7	549226	1711162	60	61
contig_22_22H1NFb-7	31083	2269563	60	61
contig_23_22H1NFb-7	85096	2301186	60	61
contig_24_22H1NFb-7	119342	2387722	60	61
contig_25_22H1NFb-7	19807	2509075	60	61
contig_26_22H1NFb-7	204869	2529234	60	61
contig_27_22H1NFb-7	53765	2737539	60	61
contig_28_22H1NFb-7	70444	2792222	60	61
contig_29_22H1NFb-7	89600	2863862	60	61
contig_3_22H1NFb-7	23360	2954976	60	61
contig_30_22H1NFb-7	4074	2978747	60	61
contig_31_22H1NFb-7	157376	2982910	60	61
contig_32_22H1NFb-7	6490	3142930	60	61
contig_33_22H1NFb-7	33281	3149550	60	61
contig_34_22H1NFb-7	50591	3183407	60	61
contig_35_22H1NFb-7	35723	3234863	60	61
contig_36_22H1NFb-7	146503	3271203	60	61
contig_37_22H1NFb-7	34063	3420169	60	61
contig_38_22H1NFb-7	50608	3454821	60	61
contig_39_22H1NFb-7	89785	3506294	60	61
contig_4_22H1NFb-7	63361	3597596	60	61
contig_40_22H1NFb-7	174226	3662035	60	61
contig_41_22H1NFb-7	2455	3839186	60	61
contig_42_22H1NFb-7	10472	3841703	60	61
contig_43_22H1NFb-7	179181	3852371	60	61
contig_44_22H1NFb-7	64841	4034560	60	61
contig_45_22H1NFb-7	3288	4100503	60	61
contig_46_22H1NFb-7	11695	4103867	60	61
contig_47_22H1NFb-7	6787	4115778	60	61
contig_48_22H1NFb-7	5744	4122700	60	61
contig_49_22H1NFb-7	95522	4128561	60	61
contig_5_22H1NFb-7	110087	4225696	60	61
contig_50_22H1NFb-7	147523	4337639	60	61
contig_51_22H1NFb-7	7352	4487642	60	61
contig_52_22H1NFb-7	296977	4495138	60	61
contig_53_22H1NFb-7	65700	4797086	60	61
contig_54_22H1NFb-7	41279	4863902	60	61
contig_55_22H1NFb-7	65965	4905890	60	61
contig_56_22H1NFb-7	67354	4972976	60	61
contig_57_22H1NFb-7	79025	5041474	60	61
contig_58_22H1NFb-7	82347	5121838	60	61
contig_59_22H1NFb-7	20773	5205579	60	61
contig_6_22H1NFb-7	156112	5226719	60	61
contig_60_22H1NFb-7	22186	5385454	60	61
contig_7_22H1NFb-7	78358	5408030	60	61
contig_8_22H1NFb-7	298246	5487714	60	61
contig_9_22H1NFb-7	9204	5790951	60	61
contig_1_22H1NFb-8	461842	20	60	61
contig_10_22H1NFb-8	26583	469581	60	61
contig_11_22H1NFb-8	134049	496629	60	61
contig_12_22H1NFb-8	31559	632934	60	61
contig_13_22H1NFb-8	5220	665040	60	61
contig_14_22H1NFb-8	157694	670368	60	61
contig_15_22H1NFb-8	237231	830712	60	61
contig_16_22H1NFb-8	303863	1071918	60	61
contig_17_22H1NFb-8	225289	1380867	60	61
contig_18_22H1NFb-8	266962	1609932	60	61
contig_19_22H1NFb-8	538420	1881365	60	61
contig_2_22H1NFb-8	220122	2428779	60	61
contig_20_22H1NFb-8	57436	2652591	60	61
contig_3_22H1NFb-8	136577	2711005	60	61
contig_5_22H1NFb-8	285439	2849879	60	61
contig_6_22H1NFb-8	133507	3140096	60	61
contig_7_22H1NFb-8	267336	3275849	60	61
contig_8_22H1NFb-8	231785	3547661	60	61
contig_9_22H1NFb-8	16997	3783330	60	61
contig_1_22H1NFb-9	3690243	20	60	61
contig_2_22H1NFb-9	57452	3751788	60	61
contig_1_22H1PE-10	5032510	20	60	61
contig_1_22H1PE-11	4401409	20	60	61
contig_1_22H1PE-12	2325891	20	60	61
contig_2_22H1PE-12	29741	2364696	60	61
contig_3_22H1PE-12	39148	2394953	60	61
contig_4_22H1PE-12	1120161	2434774	60	61
contig_5_22H1PE-12	22175	3573625	60	61
contig_1_22H1PE-13	3872955	20	60	61
contig_2_22H1PE-13	428356	3937545	60	61
contig_3_22H1PE-13	5527	4373061	60	61
contig_4_22H1PE-13	58446	4378701	60	61
contig_5_22H1PE-13	49129	4438142	60	61
contig_1_22H1PE-14	3407190	20	60	61
contig_1_22H1PE-15	507037	20	60	61
contig_2_22H1PE-15	4121045	515528	60	61
contig_3_22H1PE-15	26167	4705278	60	61
contig_4_22H1PE-15	21564	4731902	60	61
contig_5_22H1PE-15	38798	4753846	60	61
contig_1_22H1PE-1	4287	19	60	61
contig_10_22H1PE-1	17831	4398	60	61
contig_100_22H1PE-1	3301	22548	60	61
contig_101_22H1PE-1	49509	25926	60	61
contig_102_22H1PE-1	45778	76282	60	61
contig_103_22H1PE-1	66585	122844	60	61
contig_104_22H1PE-1	26532	190560	60	61
contig_105_22H1PE-1	18809	217556	60	61
contig_106_22H1PE-1	28877	236700	60	61
contig_107_22H1PE-1	20062	266080	60	61
contig_108_22H1PE-1	14499	286498	60	61
contig_109_22H1PE-1	5417	301260	60	61
contig_11_22H1PE-1	67831	306788	60	61
contig_110_22H1PE-1	10415	375771	60	61
contig_111_22H1PE-1	5259	386381	60	61
contig_112_22H1PE-1	50697	391749	60	61
contig_113_22H1PE-1	5089	443312	60	61
contig_114_22H1PE-1	12371	448507	60	61
contig_115_22H1PE-1	17599	461106	60	61
contig_116_22H1PE-1	6109	479020	60	61
contig_117_22H1PE-1	28901	485252	60	61
contig_118_22H1PE-1	73385	514656	60	61
contig_119_22H1PE-1	12541	589286	60	61
contig_12_22H1PE-1	11533	602057	60	61
contig_120_22H1PE-1	16124	613804	60	61
contig_121_22H1PE-1	19776	630218	60	61
contig_122_22H1PE-1	6823	650345	60	61
contig_123_22H1PE-1	19188	657303	60	61
contig_124_22H1PE-1	13323	676832	60	61
contig_125_22H1PE-1	2372	690399	60	61
contig_126_22H1PE-1	17199	692832	60	61
contig_127_22H1PE-1	56396	710339	60	61
contig_128_22H1PE-1	35737	767696	60	61
contig_129_22H1PE-1	17505	804050	60	61
contig_13_22H1PE-1	24664	821867	60	61
contig_130_22H1PE-1	48916	846964	60	61
contig_131_22H1PE-1	55688	896717	60	61
contig_132_22H1PE-1	44635	953355	60	61
contig_133_22H1PE-1	19982	998755	60	61
contig_134_22H1PE-1	15996	1019092	60	61
contig_135_22H1PE-1	28507	1035376	60	61
contig_136_22H1PE-1	11601	1064380	60	61
contig_137_22H1PE-1	33542	1076196	60	61
contig_138_22H1PE-1	26923	1110319	60	61
contig_139_22H1PE-1	8802	1137712	60	61
contig_14_22H1PE-1	13715	1146681	60	61
contig_140_22H1PE-1	7412	1160646	60	61
contig_141_22H1PE-1	50120	1168203	60	61
contig_142_22H1PE-1	3290	1219180	60	61
contig_143_22H1PE-1	105669	1222546	60	61
contig_144_22H1PE-1	9917	1329998	60	61
contig_146_22H1PE-1	50628	1340102	60	61
contig_147_22H1PE-1	37652	1391595	60	61
contig_148_22H1PE-1	8938	1429896	60	61
contig_149_22H1PE-1	6102	1439004	60	61
contig_15_22H1PE-1	37066	1445228	60	61
contig_150_22H1PE-1	32228	1482933	60	61
contig_151_22H1PE-1	5236	1515720	60	61
contig_152_22H1PE-1	84580	1521065	60	61
contig_153_22H1PE-1	20441	1607076	60	61
contig_154_22H1PE-1	27873	1627879	60	61
contig_155_22H1PE-1	17840	1656238	60	61
contig_156_22H1PE-1	27360	1674397	60	61
contig_157_22H1PE-1	28004	1702234	60	61
contig_158_22H1PE-1	80519	1730726	60	61
contig_159_22H1PE-1	24720	1812608	60	61
contig_16_22H1PE-1	7551	1837760	60	61
contig_160_22H1PE-1	41325	1845458	60	61
contig_161_22H1PE-1	49998	1887493	60	61
contig_162_22H1PE-1	166587	1938346	60	61
contig_163_22H1PE-1	19541	2107731	60	61
contig_164_22H1PE-1	16660	2127619	60	61
contig_165_22H1PE-1	25982	2144578	60	61
contig_166_22H1PE-1	25991	2171015	60	61
contig_167_22H1PE-1	104406	2197461	60	61
contig_168_22H1PE-1	25126	2303629	60	61
contig_169_22H1PE-1	29475	2329195	60	61
contig_17_22H1PE-1	18699	2359182	60	61
contig_170_22H1PE-1	11602	2378214	60	61
contig_171_22H1PE-1	11719	2390031	60	61
contig_172_22H1PE-1	33345	2401967	60	61
contig_173_22H1PE-1	2268	2435889	60	61
contig_174_22H1PE-1	39140	2438216	60	61
contig_175_22H1PE-1	16962	2478030	60	61
contig_176_22H1PE-1	18707	2495296	60	61
contig_177_22H1PE-1	14099	2514336	60	61
contig_178_22H1PE-1	7123	2528691	60	61
contig_179_22H1PE-1	10377	2535954	60	61
contig_18_22H1PE-1	8190	2546524	60	61
contig_180_22H1PE-1	33506	2554872	60	61
contig_181_22H1PE-1	4494	2588958	60	61
contig_182_22H1PE-1	30972	2593548	60	61
contig_183_22H1PE-1	37420	2625058	60	61
contig_184_22H1PE-1	18317	2663123	60	61
contig_185_22H1PE-1	25175	2681767	60	61
contig_186_22H1PE-1	11881	2707383	60	61
contig_187_22H1PE-1	17520	2719484	60	61
contig_188_22H1PE-1	21835	2737317	60	61
contig_189_22H1PE-1	9231	2759537	60	61
contig_19_22H1PE-1	33112	2768942	60	61
contig_190_22H1PE-1	19085	2802627	60	61
contig_191_22H1PE-1	57652	2822052	60	61
contig_192_22H1PE-1	24107	2880686	60	61
contig_193_22H1PE-1	7078	2905216	60	61
contig_194_22H1PE-1	2489	2912433	60	61
contig_195_22H1PE-1	2866	2914985	60	61
contig_196_22H1PE-1	6927	2917920	60	61
contig_197_22H1PE-1	6524	2924984	60	61
contig_198_22H1PE-1	30040	2931638	60	61
contig_199_22H1PE-1	30886	2962200	60	61
contig_2_22H1PE-1	45833	2993620	60	61
contig_20_22H1PE-1	5335	3040237	60	61
contig_200_22H1PE-1	19704	3045682	60	61
contig_201_22H1PE-1	6424	3065736	60	61
contig_202_22H1PE-1	26010	3072289	60	61
contig_203_22H1PE-1	28560	3098754	60	61
contig_204_22H1PE-1	28356	3127811	60	61
contig_205_22H1PE-1	6947	3156661	60	61
contig_206_22H1PE-1	35857	3163745	60	61
contig_207_22H1PE-1	6076	3200221	60	61
contig_208_22H1PE-1	32882	3206420	60	61
contig_209_22H1PE-1	6722	3239872	60	61
contig_21_22H1PE-1	10607	3246727	60	61
contig_210_22H1PE-1	90560	3257532	60	61
contig_211_22H1PE-1	18167	3349623	60	61
contig_212_22H1PE-1	18251	3368114	60	61
contig_213_22H1PE-1	12676	3386691	60	61
contig_214_22H1PE-1	9091	3399600	60	61
contig_215_22H1PE-1	31799	3408864	60	61
contig_216_22H1PE-1	38247	3441214	60	61
contig_217_22H1PE-1	20608	3480120	60	61
contig_218_22H1PE-1	4336	3501093	60	61
contig_219_22H1PE-1	9236	3505523	60	61
contig_22_22H1PE-1	15121	3514933	60	61
contig_220_22H1PE-1	23502	3530328	60	61
contig_221_22H1PE-1	3037	3554243	60	61
contig_222_22H1PE-1	10213	3557352	60	61
contig_223_22H1PE-1	53870	3567757	60	61
contig_224_22H1PE-1	13245	3622546	60	61
contig_225_22H1PE-1	3416	3636033	60	61
contig_226_22H1PE-1	15613	3639527	60	61
contig_227_22H1PE-1	39373	3655422	60	61
contig_228_22H1PE-1	6163	3695473	60	61
contig_229_22H1PE-1	10117	3701760	60	61
contig_23_22H1PE-1	76339	3712066	60	61
contig_230_22H1PE-1	21884	3789699	60	61
contig_231_22H1PE-1	17706	3811969	60	61
contig_232_22H1PE-1	33230	3829992	60	61
contig_233_22H1PE-1	23372	3863797	60	61
contig_234_22H1PE-1	6390	3887580	60	61
contig_235_22H1PE-1	25965	3894098	60	61
contig_236_22H1PE-1	12730	3920517	60	61
contig_237_22H1PE-1	2278	3933481	60	61
contig_238_22H1PE-1	4222	3935818	60	61
contig_239_22H1PE-1	16734	3940132	60	61
contig_24_22H1PE-1	10519	3957165	60	61
contig_240_22H1PE-1	77559	3967881	60	61
contig_241_22H1PE-1	2721	4046754	60	61
contig_242_22H1PE-1	4164	4049542	60	61
contig_243_22H1PE-1	27881	4053797	60	61
contig_244_22H1PE-1	6585	4082164	60	61
contig_245_22H1PE-1	29830	4088880	60	61
contig_246_22H1PE-1	9112	4119229	60	61
contig_247_22H1PE-1	19816	4128514	60	61
contig_248_22H1PE-1	26691	4148682	60	61
contig_249_22H1PE-1	43329	4175839	60	61
contig_25_22H1PE-1	53082	4219911	60	61
contig_250_22H1PE-1	5212	4273899	60	61
contig_251_22H1PE-1	12209	4279219	60	61
contig_252_22H1PE-1	2476	4291653	60	61
contig_253_22H1PE-1	22525	4294192	60	61
contig_254_22H1PE-1	6909	4317114	60	61
contig_255_22H1PE-1	9140	4324160	60	61
contig_256_22H1PE-1	9279	4333474	60	61
contig_257_22H1PE-1	2297	4342929	60	61
contig_258_22H1PE-1	14736	4345286	60	61
contig_259_22H1PE-1	61084	4360289	60	61
contig_26_22H1PE-1	18981	4422412	60	61
contig_260_22H1PE-1	9023	4441731	60	61
contig_261_22H1PE-1	67761	4450926	60	61
contig_263_22H1PE-1	2343	4519838	60	61
contig_264_22H1PE-1	15602	4522242	60	61
contig_265_22H1PE-1	22964	4538126	60	61
contig_266_22H1PE-1	9037	4561494	60	61
contig_267_22H1PE-1	3390	4570703	60	61
contig_268_22H1PE-1	52481	4574171	60	61
contig_269_22H1PE-1	12085	4627548	60	61
contig_27_22H1PE-1	61317	4639855	60	61
contig_270_22H1PE-1	2705	4702215	60	61
contig_271_22H1PE-1	103157	4704987	60	61
contig_272_22H1PE-1	2875	4809885	60	61
contig_273_22H1PE-1	14301	4812829	60	61
contig_274_22H1PE-1	16225	4827390	60	61
contig_275_22H1PE-1	58936	4843907	60	61
contig_276_22H1PE-1	3001	4903847	60	61
contig_277_22H1PE-1	8931	4906920	60	61
contig_278_22H1PE-1	10399	4916021	60	61
contig_279_22H1PE-1	7444	4926615	60	61
contig_28_22H1PE-1	5702	4934204	60	61
contig_280_22H1PE-1	8885	4940023	60	61
contig_281_22H1PE-1	11822	4949078	60	61
contig_282_22H1PE-1	17934	4961119	60	61
contig_283_22H1PE-1	77407	4979373	60	61
contig_284_22H1PE-1	4053	5058092	60	61
contig_285_22H1PE-1	5601	5062234	60	61
contig_286_22H1PE-1	34085	5067950	60	61
contig_287_22H1PE-1	25290	5102625	60	61
contig_288_22H1PE-1	13634	5128358	60	61
contig_289_22H1PE-1	38389	5142241	60	61
contig_29_22H1PE-1	8920	5181290	60	61
contig_290_22H1PE-1	63818	5190380	60	61
contig_291_22H1PE-1	20622	5255283	60	61
contig_292_22H1PE-1	8195	5276270	60	61
contig_293_22H1PE-1	18488	5284623	60	61
contig_294_22H1PE-1	45116	5303441	60	61
contig_295_22H1PE-1	13285	5349330	60	61
contig_296_22H1PE-1	44984	5362858	60	61
contig_297_22H1PE-1	36726	5408613	60	61
contig_298_22H1PE-1	20154	5445973	60	61
contig_299_22H1PE-1	42086	5466484	60	61
contig_3_22H1PE-1	32120	5509291	60	61
contig_30_22H1PE-1	59594	5541967	60	61
contig_300_22H1PE-1	7340	5602576	60	61
contig_301_22H1PE-1	40278	5610060	60	61
contig_302_22H1PE-1	25329	5651031	60	61
contig_303_22H1PE-1	18789	5676804	60	61
contig_304_22H1PE-1	43809	5695928	60	61
contig_31_22H1PE-1	15758	5740488	60	61
contig_32_22H1PE-1	32781	5756529	60	61
contig_33_22H1PE-1	43555	5789877	60	61
contig_34_22H1PE-1	10111	5834178	60	61
contig_35_22H1PE-1	2482	5844478	60	61
contig_36_22H1PE-1	27719	5847022	60	61
contig_37_22H1PE-1	90839	5875223	60	61
contig_38_22H1PE-1	25923	5967596	60	61
contig_39_22H1PE-1	2366	5993972	60	61
contig_4_22H1PE-1	59944	5996397	60	61
contig_40_22H1PE-1	27822	6057361	60	61
contig_41_22H1PE-1	6186	6085667	60	61
contig_42_22H1PE-1	17474	6091977	60	61
contig_43_22H1PE-1	37765	6109763	60	61
contig_44_22H1PE-1	19154	6148178	60	61
contig_45_22H1PE-1	14118	6167672	60	61
contig_46_22H1PE-1	25505	6182046	60	61
contig_47_22H1PE-1	52423	6207997	60	61
contig_49_22H1PE-1	20540	6261314	60	61
contig_5_22H1PE-1	59586	6282216	60	61
contig_50_22H1PE-1	5940	6342816	60	61
contig_51_22H1PE-1	89124	6348875	60	61
contig_52_22H1PE-1	14803	6439505	60	61
contig_53_22H1PE-1	5319	6454575	60	61
contig_54_22H1PE-1	33869	6460003	60	61
contig_55_22H1PE-1	12244	6494457	60	61
contig_56_22H1PE-1	117072	6506926	60	61
contig_57_22H1PE-1	8564	6625970	60	61
contig_58_22H1PE-1	12268	6634697	60	61
contig_59_22H1PE-1	17039	6647190	60	61
contig_6_22H1PE-1	11831	6664532	60	61
contig_60_22H1PE-1	5532	6676581	60	61
contig_61_22H1PE-1	46490	6682226	60	61
contig_62_22H1PE-1	43436	6729511	60	61
contig_63_22H1PE-1	12383	6773691	60	61
contig_64_22H1PE-1	54835	6786301	60	61
contig_65_22H1PE-1	39027	6842070	60	61
contig_66_22H1PE-1	9773	6881768	60	61
contig_67_22H1PE-1	50361	6891724	60	61
contig_68_22H1PE-1	64655	6942945	60	61
contig_69_22H1PE-1	3326	7008698	60	61
contig_7_22H1PE-1	16453	7012099	60	61
contig_70_22H1PE-1	6662	7028847	60	61
contig_71_22H1PE-1	56577	7035641	60	61
contig_72_22H1PE-1	12784	7093181	60	61
contig_73_22H1PE-1	70208	7106199	60	61
contig_74_22H1PE-1	19797	7177598	60	61
contig_75_22H1PE-1	75539	7197745	60	61
contig_76_22H1PE-1	55302	7274563	60	61
contig_77_22H1PE-1	15413	7330807	60	61
contig_78_22H1PE-1	20652	7346497	60	61
contig_79_22H1PE-1	51962	7367514	60	61
contig_8_22H1PE-1	45176	7420362	60	61
contig_80_22H1PE-1	9459	7466311	60	61
contig_81_22H1PE-1	13154	7475948	60	61
contig_82_22H1PE-1	25073	7489342	60	61
contig_83_22H1PE-1	30358	7514853	60	61
contig_84_22H1PE-1	28663	7545737	60	61
contig_85_22H1PE-1	18917	7574898	60	61
contig_86_22H1PE-1	33616	7594151	60	61
contig_87_22H1PE-1	14225	7628348	60	61
contig_88_22H1PE-1	40107	7642831	60	61
contig_89_22H1PE-1	34055	7683627	60	61
contig_9_22H1PE-1	26036	7718269	60	61
contig_90_22H1PE-1	31658	7744759	60	61
contig_91_22H1PE-1	48107	7776965	60	61
contig_92_22H1PE-1	37321	7825894	60	61
contig_93_22H1PE-1	38103	7863858	60	61
contig_94_22H1PE-1	38514	7902617	60	61
contig_95_22H1PE-1	14378	7941793	60	61
contig_96_22H1PE-1	29791	7956431	60	61
contig_97_22H1PE-1	32740	7986739	60	61
contig_98_22H1PE-1	2681	8020045	60	61
contig_99_22H1PE-1	8264	8022791	60	61
contig_1_22H1PE-2	3409531	19	60	61
contig_1_22H1PE-3	4144004	19	60	61
contig_1_22H1PE-4	4256482	19	60	61
contig_2_22H1PE-4	224137	4327462	60	61
contig_1_22H1PE-5	3409376	19	60	61
contig_1_22H1PE-6	4216814	19	60	61
contig_2_22H1PE-6	37631	4287133	60	61
contig_3_22H1PE-6	231974	4325411	60	61
contig_1_22H1PE-7	4001926	19	60	61
contig_2_22H1PE-7	92661	4068663	60	61
contig_3_22H1PE-7	56152	4162888	60	61
contig_1_22H1PE-8	3749454	19	60	61
contig_1_22H1PE-9	423631	19	60	61
contig_2_22H1PE-9	3812883	430730	60	61
contig_3_22H1PE-9	62987	4307181	60	61
contig_3_22H1R2A-10	3399929	21	60	61
contig_1_22H1R2A-11	3400002	21	60	61
contig_1_22H1R2A-12	27229	21	60	61
contig_2_22H1R2A-12	3399671	27725	60	61
contig_1_22H1R2A-13	3113031	21	60	61
contig_1_22H1R2A-14	3113017	21	60	61
contig_1_22H1R2A-15	167064	21	60	61
contig_10_22H1R2A-15	1146985	169892	60	61
contig_13_22H1R2A-15	61150	1336016	60	61
contig_14_22H1R2A-15	285968	1398208	60	61
contig_15_22H1R2A-15	8770	1688965	60	61
contig_16_22H1R2A-15	13705	1697904	60	61
contig_17_22H1R2A-15	21749	1711860	60	61
contig_18_22H1R2A-15	19530	1733994	60	61
contig_19_22H1R2A-15	6110	1753872	60	61
contig_20_22H1R2A-15	26529	1760106	60	61
contig_21_22H1R2A-15	12428	1787100	60	61
contig_22_22H1R2A-15	175902	1799758	60	61
contig_23_22H1R2A-15	24022	1978614	60	61
contig_24_22H1R2A-15	5525	2003059	60	61
contig_25_22H1R2A-15	5671	2008699	60	61
contig_26_22H1R2A-15	2302	2014487	60	61
contig_27_22H1R2A-15	2462	2016850	60	61
contig_28_22H1R2A-15	4524	2019376	60	61
contig_29_22H1R2A-15	8314	2023998	60	61
contig_30_22H1R2A-15	13614	2032473	60	61
contig_31_22H1R2A-15	445557	2046336	60	61
contig_32_22H1R2A-15	8319	2499341	60	61
contig_33_22H1R2A-15	405172	2507821	60	61
contig_34_22H1R2A-15	549506	2919768	60	61
contig_35_22H1R2A-15	9257	3478455	60	61
contig_36_22H1R2A-15	984	3487889	60	61
contig_37_22H1R2A-15	43536	3488912	60	61
contig_6_22H1R2A-15	5381	3533195	60	61
contig_7_22H1R2A-15	60844	3538687	60	61
contig_8_22H1R2A-15	75853	3600567	60	61
contig_9_22H1R2A-15	1443133	3677706	60	61
contig_1_22H1R2A-16	212997	21	60	61
contig_10_22H1R2A-16	9557	216590	60	61
contig_11_22H1R2A-16	102763	226329	60	61
contig_12_22H1R2A-16	168986	330827	60	61
contig_13_22H1R2A-16	37370	502652	60	61
contig_14_22H1R2A-16	2464	540667	60	61
contig_15_22H1R2A-16	14493	543195	60	61
contig_16_22H1R2A-16	119614	557952	60	61
contig_17_22H1R2A-16	153925	679582	60	61
contig_18_22H1R2A-16	81772	836095	60	61
contig_19_22H1R2A-16	244268	919252	60	61
contig_2_22H1R2A-16	24772	1167613	60	61
contig_20_22H1R2A-16	418406	1192820	60	61
contig_21_22H1R2A-16	96884	1618222	60	61
contig_22_22H1R2A-16	66562	1716743	60	61
contig_23_22H1R2A-16	194809	1784437	60	61
contig_24_22H1R2A-16	253369	1982515	60	61
contig_25_22H1R2A-16	118467	2240129	60	61
contig_26_22H1R2A-16	12991	2360593	60	61
contig_27_22H1R2A-16	54124	2373823	60	61
contig_28_22H1R2A-16	67706	2428872	60	61
contig_29_22H1R2A-16	241508	2497729	60	61
contig_3_22H1R2A-16	867786	2743284	60	61
contig_30_22H1R2A-16	6354	3625556	60	61
contig_31_22H1R2A-16	9974	3632038	60	61
contig_32_22H1R2A-16	1015811	3642201	60	61
contig_33_22H1R2A-16	646012	4674965	60	61
contig_34_22H1R2A-16	76509	5331766	60	61
contig_35_22H1R2A-16	58832	5409573	60	61
contig_4_22H1R2A-16	872818	5469407	60	61
contig_5_22H1R2A-16	25499	6356793	60	61
contig_6_22H1R2A-16	1154303	6382738	60	61
contig_7_22H1R2A-16	1718984	7556301	60	61
contig_8_22H1R2A-16	738200	9303956	60	61
contig_9_22H1R2A-16	15461	10054481	60	61
contig_1_22H1R2A-17	22839	21	60	61
contig_10_22H1R2A-17	9168	23263	60	61
contig_11_22H1R2A-17	9679	32606	60	61
contig_12_22H1R2A-17	57762	42469	60	61
contig_13_22H1R2A-17	71336	101216	60	61
contig_14_22H1R2A-17	33887	173763	60	61
contig_15_22H1R2A-17	21066	208237	60	61
contig_16_22H1R2A-17	6654	229677	60	61
contig_17_22H1R2A-17	9851	236464	60	61
contig_18_22H1R2A-17	19451	246502	60	61
contig_19_22H1R2A-17	18429	266300	60	61
contig_2_22H1R2A-17	49932	285058	60	61
contig_20_22H1R2A-17	16309	335845	60	61
contig_21_22H1R2A-17	28804	352448	60	61
contig_22_22H1R2A-17	4189	381755	60	61
contig_23_22H1R2A-17	20277	386036	60	61
contig_24_22H1R2A-17	28201	406673	60	61
contig_25_22H1R2A-17	52226	435367	60	61
contig_26_22H1R2A-17	19179	488486	60	61
contig_3_22H1R2A-17	31340	508006	60	61
contig_4_22H1R2A-17	15164	539890	60	61
contig_5_22H1R2A-17	37278	555328	60	61
contig_6_22H1R2A-17	13064	593249	60	61
contig_7_22H1R2A-17	25291	606552	60	61
contig_8_22H1R2A-17	6205	632286	60	61
contig_9_22H1R2A-17	2600	638616	60	61
contig_3_22H1R2A-18	4268530	21	60	61
contig_4_22H1R2A-18	99785	4339715	60	61
contig_6_22H1R2A-18	8555	4441185	60	61
contig_1_22H1R2A-19	3689112	21	60	61
contig_2_22H1R2A-19	57420	3750640	60	61
contig_1_22H1R2A-1	113169	20	60	61
contig_10_22H1R2A-1	17940	115097	60	61
contig_11_22H1R2A-1	65791	133357	60	61
contig_12_22H1R2A-1	19694	200266	60	61
contig_13_22H1R2A-1	29125	220310	60	61
contig_14_22H1R2A-1	20339	249942	60	61
contig_15_22H1R2A-1	47986	270641	60	61
contig_16_22H1R2A-1	9312	319448	60	61
contig_17_22H1R2A-1	76041	328937	60	61
contig_18_22H1R2A-1	11357	406267	60	61
contig_19_22H1R2A-1	91428	417835	60	61
contig_2_22H1R2A-1	122008	510807	60	61
contig_20_22H1R2A-1	6699	634870	60	61
contig_21_22H1R2A-1	37027	641702	60	61
contig_22_22H1R2A-1	11644	679368	60	61
contig_23_22H1R2A-1	60876	691228	60	61
contig_24_22H1R2A-1	9068	753140	60	61
contig_25_22H1R2A-1	10087	762381	60	61
contig_26_22H1R2A-1	21044	772658	60	61
contig_27_22H1R2A-1	69138	794074	60	61
contig_28_22H1R2A-1	184947	864386	60	61
contig_29_22H1R2A-1	22070	1052437	60	61
contig_30_22H1R2A-1	73258	1074896	60	61
contig_31_22H1R2A-1	50747	1149396	60	61
contig_32_22H1R2A-1	91038	1201010	60	61
contig_33_22H1R2A-1	42456	1293587	60	61
contig_34_22H1R2A-1	22893	1336772	60	61
contig_35_22H1R2A-1	66419	1360068	60	61
contig_36_22H1R2A-1	43385	1427615	60	61
contig_37_22H1R2A-1	35511	1471745	60	61
contig_38_22H1R2A-1	20383	1507869	60	61
contig_39_22H1R2A-1	39149	1528613	60	61
contig_4_22H1R2A-1	40519	1568435	60	61
contig_40_22H1R2A-1	63486	1609651	60	61
contig_41_22H1R2A-1	47203	1674217	60	61
contig_42_22H1R2A-1	13164	1722228	60	61
contig_43_22H1R2A-1	15671	1735633	60	61
contig_44_22H1R2A-1	31135	1751587	60	61
contig_45_22H1R2A-1	36500	1783262	60	61
contig_46_22H1R2A-1	31629	1820392	60	61
contig_47_22H1R2A-1	20138	1852570	60	61
contig_48_22H1R2A-1	49976	1873065	60	61
contig_49_22H1R2A-1	206487	1923895	60	61
contig_5_22H1R2A-1	24311	2133844	60	61
contig_50_22H1R2A-1	51662	2158582	60	61
contig_51_22H1R2A-1	20647	2211127	60	61
contig_52_22H1R2A-1	12462	2232140	60	61
contig_53_22H1R2A-1	36091	2244831	60	61
contig_54_22H1R2A-1	37645	2281545	60	61
contig_55_22H1R2A-1	21074	2319839	60	61
contig_56_22H1R2A-1	7645	2341286	60	61
contig_57_22H1R2A-1	31275	2349080	60	61
contig_58_22H1R2A-1	99251	2380898	60	61
contig_59_22H1R2A-1	54263	2481825	60	61
contig_6_22H1R2A-1	100309	2537013	60	61
contig_60_22H1R2A-1	25947	2639015	60	61
contig_61_22H1R2A-1	86778	2665416	60	61
contig_62_22H1R2A-1	26551	2753662	60	61
contig_63_22H1R2A-1	41852	2780677	60	61
contig_64_22H1R2A-1	12828	2823248	60	61
contig_65_22H1R2A-1	18811	2836311	60	61
contig_66_22H1R2A-1	49246	2855457	60	61
contig_67_22H1R2A-1	83762	2905545	60	61
contig_68_22H1R2A-1	66991	2990725	60	61
contig_69_22H1R2A-1	10719	3058854	60	61
contig_7_22H1R2A-1	11666	3069772	60	61
contig_70_22H1R2A-1	23210	3081654	60	61
contig_71_22H1R2A-1	44887	3105272	60	61
contig_72_22H1R2A-1	9306	3150929	60	61
contig_73_22H1R2A-1	85249	3160412	60	61
contig_74_22H1R2A-1	3605	3247103	60	61
contig_75_22H1R2A-1	23534	3250790	60	61
contig_76_22H1R2A-1	18148	3274738	60	61
contig_77_22H1R2A-1	47063	3293210	60	61
contig_78_22H1R2A-1	8076	3341079	60	61
contig_79_22H1R2A-1	24853	3349311	60	61
contig_8_22H1R2A-1	10449	3374599	60	61
contig_80_22H1R2A-1	56402	3385244	60	61
contig_81_22H1R2A-1	58474	3442608	60	61
contig_9_22H1R2A-1	10428	3502077	60	61
contig_1_22H1R2A-20	3427169	21	60	61
contig_3_22H1R2A-21	3112475	21	60	61
contig_1_22H1R2A-22	4267755	21	60	61
contig_2_22H1R2A-22	99767	4338927	60	61
contig_10_22H1R2A-24	1198910	22	60	61
contig_11_22H1R2A-24	696811	1218936	60	61
contig_3_22H1R2A-24	1707963	1927382	60	61
contig_4_22H1R2A-24	22682	3663833	60	61
contig_7_22H1R2A-24	7855	3686915	60	61
contig_1_22H1R2A-25	3112929	21	60	61
contig_1_22H1R2A-26	4268315	21	60	61
contig_2_22H1R2A-26	28131	4339496	60	61
contig_3_22H1R2A-26	99785	4368117	60	61
contig_1_22H1R2A-27	3112987	21	60	61
contig_1_22H1R2A-28	20340	21	60	61
contig_10_22H1R2A-28	2503	20722	60	61
contig_11_22H1R2A-28	31305	23289	60	61
contig_12_22H1R2A-28	11095	55138	60	61
contig_13_22H1R2A-28	10637	66440	60	61
contig_14_22H1R2A-28	14163	77277	60	61
contig_15_22H1R2A-28	20206	91699	60	61
contig_16_22H1R2A-28	10212	112264	60	61
contig_17_22H1R2A-28	19189	122669	60	61
contig_18_22H1R2A-28	9832	142200	60	61
contig_19_22H1R2A-28	9407	152218	60	61
contig_2_22H1R2A-28	6922	161803	60	61
contig_20_22H1R2A-28	15142	168863	60	61
contig_21_22H1R2A-28	9474	184280	60	61
contig_22_22H1R2A-28	124334	193934	60	61
contig_23_22H1R2A-28	6098	320363	60	61
contig_24_22H1R2A-28	10679	326585	60	61
contig_25_22H1R2A-28	2884	337464	60	61
contig_26_22H1R2A-28	20331	340419	60	61
contig_27_22H1R2A-28	8275	361111	60	61
contig_28_22H1R2A-28	16396	369546	60	61
contig_29_22H1R2A-28	15214	386238	60	61
contig_3_22H1R2A-28	36333	401727	60	61
contig_30_22H1R2A-28	4050	438688	60	61
contig_31_22H1R2A-28	17674	442828	60	61
contig_32_22H1R2A-28	3398	460819	60	61
contig_33_22H1R2A-28	7455	464296	60	61
contig_34_22H1R2A-28	2918	471898	60	61
contig_35_22H1R2A-28	11686	474887	60	61
contig_36_22H1R2A-28	18844	486790	60	61
contig_37_22H1R2A-28	20942	505971	60	61
contig_38_22H1R2A-28	12679	527285	60	61
contig_39_22H1R2A-28	7353	540198	60	61
contig_4_22H1R2A-28	12685	547695	60	61
contig_40_22H1R2A-28	12393	560614	60	61
contig_41_22H1R2A-28	28810	573236	60	61
contig_42_22H1R2A-28	7254	602549	60	61
contig_43_22H1R2A-28	4809	609946	60	61
contig_44_22H1R2A-28	7161	614858	60	61
contig_45_22H1R2A-28	22502	622161	60	61
contig_46_22H1R2A-28	16825	645061	60	61
contig_47_22H1R2A-28	7010	662189	60	61
contig_48_22H1R2A-28	12268	669338	60	61
contig_49_22H1R2A-28	4546	681833	60	61
contig_5_22H1R2A-28	17167	686476	60	61
contig_6_22H1R2A-28	8078	703951	60	61
contig_7_22H1R2A-28	6693	712185	60	61
contig_8_22H1R2A-28	30892	719011	60	61
contig_9_22H1R2A-28	24744	750439	60	61
contig_2_22H1R2A-2	14415	20	60	61
contig_3_22H1R2A-2	4110678	14696	60	61
contig_7_22H1R2A-2	345842	4193906	60	61
contig_1_22H1R2A-3	3113381	20	60	61
contig_1_22H1R2A-4	3696175	20	60	61
contig_1_22H1R2A-5	3426594	20	60	61
contig_2_22H1R2A-5	4139	3483744	60	61
contig_1_22H1R2A-6	3723385	20	60	61
contig_1_22H1R2A-7	312565	20	60	61
contig_10_22H1R2A-7	101587	317816	60	61
contig_11_22H1R2A-7	160519	421118	60	61
contig_12_22H1R2A-7	184744	584334	60	61
contig_13_22H1R2A-7	1925	772179	60	61
contig_14_22H1R2A-7	25368	774158	60	61
contig_15_22H1R2A-7	11919	799970	60	61
contig_16_22H1R2A-7	68465	812109	60	61
contig_17_22H1R2A-7	164682	881737	60	61
contig_18_22H1R2A-7	15664	1049185	60	61
contig_19_22H1R2A-7	14481	1065132	60	61
contig_20_22H1R2A-7	8928	1079876	60	61
contig_21_22H1R2A-7	206970	1088974	60	61
contig_22_22H1R2A-7	233115	1299415	60	61
contig_23_22H1R2A-7	258859	1536437	60	61
contig_24_22H1R2A-7	425360	1799632	60	61
contig_25_22H1R2A-7	130805	2232103	60	61
contig_4_22H1R2A-7	268086	2365109	60	61
contig_5_22H1R2A-7	596224	2637684	60	61
contig_6_22H1R2A-7	6659	3243866	60	61
contig_9_22H1R2A-7	239361	3250656	60	61
contig_1_22H1R2A-8	1671527	20	60	61
contig_4_22H1R2A-8	1713240	1699426	60	61
contig_1_22H1R2A-9	346163	20	60	61
contig_10_22H1R2A-9	964392	351974	60	61
contig_2_22H1R2A-9	1691859	1332460	60	61
contig_3_22H1R2A-9	677983	3052537	60	61
contig_4_22H1R2A-9	11856	3741840	60	61
contig_5_22H1R2A-9	15130	3753914	60	61
contig_6_22H1R2A-9	646468	3769317	60	61
contig_8_22H1R2A-9	66817	4426580	60	61
contig_9_22H1R2A-9	27577	4494531	60	61
contig_1_22H1VL55-1	4082617	21	60	61
contig_2_22H1VL55-1	126072	4150703	60	61
contig_3_22H1VL55-1	20223	4278898	60	61
contig_4_22H1VL55-1	66866	4299480	60	61
contig_5_22H1VL55-1	167065	4367482	60	61
contig_6_22H1VL55-1	557584	4537353	60	61
contig_1_22H1VL55-2	103624	21	60	61
contig_10_22H1VL55-2	18840	105395	60	61
contig_11_22H1VL55-2	7655	124571	60	61
contig_12_22H1VL55-2	8176	132376	60	61
contig_13_22H1VL55-2	1719780	140711	60	61
contig_14_22H1VL55-2	1146791	1889176	60	61
contig_15_22H1VL55-2	19660	3055103	60	61
contig_16_22H1VL55-2	248192	3075113	60	61
contig_17_22H1VL55-2	17385	3327464	60	61
contig_18_22H1VL55-2	82079	3345161	60	61
contig_2_22H1VL55-2	452066	3428629	60	61
contig_3_22H1VL55-2	63775	3888251	60	61
contig_4_22H1VL55-2	11485	3953110	60	61
contig_5_22H1VL55-2	64004	3964808	60	61
contig_6_22H1VL55-2	101852	4029900	60	61
contig_7_22H1VL55-2	60345	4133471	60	61
contig_8_22H1VL55-2	877056	4194843	60	61
contig_9_22H1VL55-2	7698	5086538	60	61
contig_1_22H1VL55-3	5749321	21	60	61
contig_1_22H1VL55-4	5737821	21	60	61
contig_1_22H1VL55-5	5754078	21	60	61
contig_1_22H2L9-1	1246278	19	60	61
contig_2_22H2L9-1	2795058	1267088	60	61
contig_3_22H2L9-1	39930	4108750	60	61
contig_4_22H2L9-1	102226	4149365	60	61
contig_5_22H2L9-1	62815	4253314	60	61
contig_1_22H2L9-2	37334	19	60	61
contig_10_22H2L9-2	89778	37996	60	61
contig_11_22H2L9-2	164217	129291	60	61
contig_12_22H2L9-2	18181	296265	60	61
contig_13_22H2L9-2	25388	314770	60	61
contig_14_22H2L9-2	30316	340602	60	61
contig_15_22H2L9-2	7763	371444	60	61
contig_16_22H2L9-2	329632	379357	60	61
contig_17_22H2L9-2	377200	714503	60	61
contig_18_22H2L9-2	52696	1098010	60	61
contig_19_22H2L9-2	498537	1151605	60	61
contig_2_22H2L9-2	579056	1658470	60	61
contig_20_22H2L9-2	38772	2247197	60	61
contig_21_22H2L9-2	229227	2286636	60	61
contig_22_22H2L9-2	30966	2519704	60	61
contig_3_22H2L9-2	193192	2551206	60	61
contig_4_22H2L9-2	422754	2747637	60	61
contig_5_22H2L9-2	303556	3177456	60	61
contig_6_22H2L9-2	208947	3486091	60	61
contig_7_22H2L9-2	131967	3698540	60	61
contig_8_22H2L9-2	10823	3832726	60	61
contig_9_22H2L9-2	11158	3843749	60	61
contig_1_22H2L9-3	3814791	19	60	61
contig_2_22H2L9-3	52141	3878409	60	61
contig_3_22H2L9-3	38762	3931439	60	61
contig_1_22H2L9-4	62439	19	60	61
contig_10_22H2L9-4	1060543	63519	60	61
contig_11_22H2L9-4	30286	1141758	60	61
contig_12_22H2L9-4	278943	1172569	60	61
contig_13_22H2L9-4	31859	1456182	60	61
contig_14_22H2L9-4	292881	1488592	60	61
contig_15_22H2L9-4	279807	1786375	60	61
contig_16_22H2L9-4	28851	2070866	60	61
contig_17_22H2L9-4	49185	2100218	60	61
contig_18_22H2L9-4	47793	2150243	60	61
contig_2_22H2L9-4	185730	2198852	60	61
contig_3_22H2L9-4	135143	2387697	60	61
contig_5_22H2L9-4	14179	2525112	60	61
contig_6_22H2L9-4	1566003	2539547	60	61
contig_7_22H2L9-4	33577	4131670	60	61
contig_8_22H2L9-4	291584	4165826	60	61
contig_9_22H2L9-4	395759	4462289	60	61
contig_1_22H2L9-5	304621	19	60	61
contig_2_22H2L9-5	3881881	309737	60	61
contig_3_22H2L9-5	49284	4256336	60	61
contig_4_22H2L9-5	164347	4306461	60	61
contig_1_22H2NFb-2	3644192	20	60	61
contig_1_22H2NFb-3	3645660	20	60	61
contig_1_22H2PE-10	3658942	20	60	61
contig_1_22H2PE-1	4357023	19	60	61
contig_1_22H2PE-2	48603	19	60	61
contig_2_22H2PE-2	3448910	49452	60	61
contig_3_22H2PE-2	22274	3555863	60	61
contig_1_22H2PE-3	4424386	19	60	61
contig_1_22H2PE-4	3736754	19	60	61
contig_1_22H2PE-5	38353	19	60	61
contig_11_22H2PE-5	37647	39032	60	61
contig_12_22H2PE-5	126575	77327	60	61
contig_13_22H2PE-5	89897	206032	60	61
contig_14_22H2PE-5	39502	297448	60	61
contig_15_22H2PE-5	29949	337629	60	61
contig_18_22H2PE-5	16977	368098	60	61
contig_2_22H2PE-5	3136169	385377	60	61
contig_21_22H2PE-5	46674	3573836	60	61
contig_24_22H2PE-5	59958	3621308	60	61
contig_25_22H2PE-5	14066	3682286	60	61
contig_26_22H2PE-5	72200	3696607	60	61
contig_28_22H2PE-5	43668	3770031	60	61
contig_29_22H2PE-5	43857	3814447	60	61
contig_3_22H2PE-5	6439	3859054	60	61
contig_30_22H2PE-5	32761	3865621	60	61
contig_31_22H2PE-5	210688	3898949	60	61
contig_32_22H2PE-5	78657	4113169	60	61
contig_33_22H2PE-5	78723	4193157	60	61
contig_34_22H2PE-5	61749	4273213	60	61
contig_35_22H2PE-5	121387	4336012	60	61
contig_36_22H2PE-5	46268	4459443	60	61
contig_37_22H2PE-5	91734	4506503	60	61
contig_4_22H2PE-5	106045	4599785	60	61
contig_5_22H2PE-5	15487	4707617	60	61
contig_6_22H2PE-5	38439	4723382	60	61
contig_7_22H2PE-5	21237	4762481	60	61
contig_9_22H2PE-5	37365	4784091	60	61
contig_1_22H2PE-6	32443	19	60	61
contig_12_22H2PE-6	6108	33023	60	61
contig_13_22H2PE-6	3568224	39253	60	61
contig_14_22H2PE-6	64282	3666968	60	61
contig_15_22H2PE-6	25456	3732342	60	61
contig_16_22H2PE-6	83624	3758243	60	61
contig_17_22H2PE-6	21929	3843281	60	61
contig_18_22H2PE-6	18297	3865596	60	61
contig_19_22H2PE-6	14308	3884218	60	61
contig_2_22H2PE-6	29976	3898784	60	61
contig_20_22H2PE-6	92334	3929280	60	61
contig_21_22H2PE-6	111059	4023173	60	61
contig_22_22H2PE-6	16531	4136103	60	61
contig_23_22H2PE-6	109450	4152930	60	61
contig_24_22H2PE-6	12460	4264225	60	61
contig_25_22H2PE-6	162604	4276913	60	61
contig_26_22H2PE-6	22386	4442248	60	61
contig_27_22H2PE-6	37884	4465028	60	61
contig_28_22H2PE-6	31116	4503564	60	61
contig_29_22H2PE-6	34173	4535219	60	61
contig_3_22H2PE-6	59357	4569981	60	61
contig_30_22H2PE-6	54321	4630348	60	61
contig_31_22H2PE-6	47278	4685595	60	61
contig_32_22H2PE-6	34489	4733681	60	61
contig_33_22H2PE-6	51060	4768765	60	61
contig_34_22H2PE-6	68332	4820696	60	61
contig_35_22H2PE-6	68544	4890187	60	61
contig_36_22H2PE-6	12045	4959894	60	61
contig_37_22H2PE-6	13063	4972160	60	61
contig_38_22H2PE-6	60243	4985461	60	61
contig_39_22H2PE-6	48045	5046729	60	61
contig_4_22H2PE-6	79280	5095594	60	61
contig_40_22H2PE-6	94656	5176216	60	61
contig_41_22H2PE-6	48333	5272470	60	61
contig_42_22H2PE-6	24881	5321629	60	61
contig_43_22H2PE-6	57080	5346945	60	61
contig_44_22H2PE-6	92099	5404997	60	61
contig_45_22H2PE-6	29467	5498651	60	61
contig_46_22H2PE-6	72420	5528630	60	61
contig_47_22H2PE-6	33149	5602277	60	61
contig_48_22H2PE-6	44517	5635999	60	61
contig_49_22H2PE-6	27534	5681278	60	61
contig_5_22H2PE-6	25802	5709290	60	61
contig_50_22H2PE-6	35543	5735543	60	61
contig_51_22H2PE-6	15932	5771699	60	61
contig_52_22H2PE-6	200279	5787917	60	61
contig_53_22H2PE-6	53516	5991554	60	61
contig_54_22H2PE-6	14173	6045982	60	61
contig_55_22H2PE-6	47147	6060412	60	61
contig_56_22H2PE-6	32206	6108365	60	61
contig_57_22H2PE-6	63228	6141128	60	61
contig_58_22H2PE-6	37405	6205430	60	61
contig_59_22H2PE-6	74348	6243479	60	61
contig_6_22H2PE-6	117982	6319086	60	61
contig_60_22H2PE-6	76672	6439055	60	61
contig_61_22H2PE-6	29238	6517025	60	61
contig_62_22H2PE-6	31893	6546771	60	61
contig_63_22H2PE-6	28571	6579216	60	61
contig_64_22H2PE-6	34341	6608284	60	61
contig_65_22H2PE-6	14766	6643218	60	61
contig_66_22H2PE-6	33771	6658251	60	61
contig_67_22H2PE-6	85213	6692605	60	61
contig_68_22H2PE-6	55387	6779259	60	61
contig_69_22H2PE-6	19255	6835590	60	61
contig_7_22H2PE-6	80307	6855185	60	61
contig_70_22H2PE-6	34533	6936851	60	61
contig_71_22H2PE-6	4907	6971980	60	61
contig_72_22H2PE-6	28208	6976989	60	61
contig_73_22H2PE-6	50487	7005688	60	61
contig_74_22H2PE-6	26754	7057037	60	61
contig_75_22H2PE-6	23196	7084257	60	61
contig_76_22H2PE-6	27012	7107860	60	61
contig_77_22H2PE-6	61639	7135343	60	61
contig_78_22H2PE-6	50245	7198030	60	61
contig_79_22H2PE-6	14839	7249133	60	61
contig_8_22H2PE-6	61133	7264239	60	61
contig_80_22H2PE-6	89705	7326411	60	61
contig_81_22H2PE-6	10263	7417632	60	61
contig_82_22H2PE-6	45584	7428087	60	61
contig_83_22H2PE-6	76871	7474451	60	61
contig_84_22H2PE-6	31690	7552624	60	61
contig_85_22H2PE-6	300735	7584863	60	61
contig_86_22H2PE-6	94212	7890631	60	61
contig_87_22H2PE-6	134436	7986434	60	61
contig_88_22H2PE-6	64013	8123131	60	61
contig_89_22H2PE-6	65083	8188231	60	61
contig_9_22H2PE-6	10491	8254418	60	61
scaffold_11_22H2PE-6	156002	8265106	60	61
contig_1_22H2PE-7	4077499	19	60	61
contig_2_22H2PE-7	91064	4145496	60	61
contig_3_22H2PE-7	103866	4238097	60	61
contig_1_22H2PE-8	5619	19	60	61
contig_10_22H2PE-8	20395	5752	60	61
contig_100_22H2PE-8	7824	26508	60	61
contig_101_22H2PE-8	8494	34484	60	61
contig_102_22H2PE-8	3139	43141	60	61
contig_103_22H2PE-8	4512	46354	60	61
contig_104_22H2PE-8	10954	50963	60	61
contig_105_22H2PE-8	19764	62121	60	61
contig_106_22H2PE-8	2638	82236	60	61
contig_107_22H2PE-8	2512	84939	60	61
contig_108_22H2PE-8	3483	87514	60	61
contig_109_22H2PE-8	11955	91077	60	61
contig_110_22H2PE-8	8692	103253	60	61
contig_111_22H2PE-8	11405	112111	60	61
contig_112_22H2PE-8	2191	123728	60	61
contig_113_22H2PE-8	9230	125977	60	61
contig_114_22H2PE-8	3283	135382	60	61
contig_115_22H2PE-8	7335	138741	60	61
contig_116_22H2PE-8	8213	146220	60	61
contig_117_22H2PE-8	2459	154591	60	61
contig_118_22H2PE-8	14597	157112	60	61
contig_119_22H2PE-8	19777	171974	60	61
contig_12_22H2PE-8	3765	192101	60	61
contig_120_22H2PE-8	11866	195950	60	61
contig_121_22H2PE-8	16040	208035	60	61
contig_122_22H2PE-8	11967	224364	60	61
contig_123_22H2PE-8	2559	236552	60	61
contig_124_22H2PE-8	8518	239175	60	61
contig_125_22H2PE-8	7637	247856	60	61
contig_126_22H2PE-8	22016	255642	60	61
contig_127_22H2PE-8	12321	278046	60	61
contig_128_22H2PE-8	2927	290594	60	61
contig_129_22H2PE-8	2280	293591	60	61
contig_13_22H2PE-8	3574	295929	60	61
contig_130_22H2PE-8	13306	299584	60	61
contig_131_22H2PE-8	10149	313133	60	61
contig_132_22H2PE-8	9688	323473	60	61
contig_133_22H2PE-8	6434	333344	60	61
contig_134_22H2PE-8	9064	339907	60	61
contig_135_22H2PE-8	10242	349144	60	61
contig_136_22H2PE-8	2756	359578	60	61
contig_137_22H2PE-8	18791	362401	60	61
contig_138_22H2PE-8	2922	381527	60	61
contig_139_22H2PE-8	1910	384519	60	61
contig_14_22H2PE-8	2675	386481	60	61
contig_140_22H2PE-8	5846	389222	60	61
contig_141_22H2PE-8	4713	395187	60	61
contig_142_22H2PE-8	11416	400000	60	61
contig_143_22H2PE-8	11588	411628	60	61
contig_144_22H2PE-8	3552	423431	60	61
contig_145_22H2PE-8	4797	427064	60	61
contig_146_22H2PE-8	2688	431962	60	61
contig_147_22H2PE-8	6906	434716	60	61
contig_148_22H2PE-8	2355	441759	60	61
contig_149_22H2PE-8	2695	444175	60	61
contig_15_22H2PE-8	8672	446935	60	61
contig_150_22H2PE-8	2424	455773	60	61
contig_151_22H2PE-8	7242	458259	60	61
contig_152_22H2PE-8	10648	465643	60	61
contig_153_22H2PE-8	2690	476490	60	61
contig_154_22H2PE-8	17493	479246	60	61
contig_155_22H2PE-8	2266	497052	60	61
contig_156_22H2PE-8	16922	499377	60	61
contig_157_22H2PE-8	4079	516603	60	61
contig_158_22H2PE-8	14488	520771	60	61
contig_159_22H2PE-8	2318	535522	60	61
contig_16_22H2PE-8	4959	537899	60	61
contig_160_22H2PE-8	2745	542962	60	61
contig_161_22H2PE-8	6245	545774	60	61
contig_162_22H2PE-8	2211	552145	60	61
contig_163_22H2PE-8	6253	554414	60	61
contig_164_22H2PE-8	6071	560793	60	61
contig_165_22H2PE-8	18519	566987	60	61
contig_166_22H2PE-8	2505	585836	60	61
contig_167_22H2PE-8	9173	588404	60	61
contig_168_22H2PE-8	5747	597751	60	61
contig_169_22H2PE-8	3771	603615	60	61
contig_17_22H2PE-8	10388	607469	60	61
contig_170_22H2PE-8	4574	618052	60	61
contig_171_22H2PE-8	17542	622724	60	61
contig_172_22H2PE-8	8496	640580	60	61
contig_173_22H2PE-8	2448	649239	60	61
contig_174_22H2PE-8	16408	651749	60	61
contig_175_22H2PE-8	2653	668452	60	61
contig_176_22H2PE-8	9029	671171	60	61
contig_177_22H2PE-8	7508	680372	60	61
contig_178_22H2PE-8	3635	688027	60	61
contig_179_22H2PE-8	17790	691744	60	61
contig_18_22H2PE-8	2537	709851	60	61
contig_180_22H2PE-8	10415	712452	60	61
contig_181_22H2PE-8	4334	723062	60	61
contig_182_22H2PE-8	15348	727490	60	61
contig_183_22H2PE-8	7074	743115	60	61
contig_184_22H2PE-8	2398	750328	60	61
contig_185_22H2PE-8	5340	752787	60	61
contig_186_22H2PE-8	3257	758237	60	61
contig_187_22H2PE-8	9577	761570	60	61
contig_188_22H2PE-8	4630	771328	60	61
contig_189_22H2PE-8	3697	776057	60	61
contig_19_22H2PE-8	6826	779836	60	61
contig_190_22H2PE-8	7000	786797	60	61
contig_191_22H2PE-8	2186	793935	60	61
contig_192_22H2PE-8	12469	796179	60	61
contig_193_22H2PE-8	49380	808877	60	61
contig_194_22H2PE-8	7542	859101	60	61
contig_195_22H2PE-8	2435	866790	60	61
contig_196_22H2PE-8	3350	869287	60	61
contig_197_22H2PE-8	9692	872714	60	61
contig_198_22H2PE-8	20114	882589	60	61
contig_199_22H2PE-8	19373	903060	60	61
contig_2_22H2PE-8	14873	922775	60	61
contig_20_22H2PE-8	3530	937916	60	61
contig_200_22H2PE-8	3348	941526	60	61
contig_201_22H2PE-8	7529	944951	60	61
contig_202_22H2PE-8	20872	952627	60	61
contig_203_22H2PE-8	5937	973868	60	61
contig_204_22H2PE-8	16041	979925	60	61
contig_205_22H2PE-8	6499	996255	60	61
contig_206_22H2PE-8	3226	1002884	60	61
contig_207_22H2PE-8	9318	1006185	60	61
contig_208_22H2PE-8	2607	1015680	60	61
contig_209_22H2PE-8	10964	1018352	60	61
contig_21_22H2PE-8	4897	1029519	60	61
contig_210_22H2PE-8	5014	1034519	60	61
contig_211_22H2PE-8	5396	1039638	60	61
contig_212_22H2PE-8	3854	1045145	60	61
contig_213_22H2PE-8	3110	1049085	60	61
contig_214_22H2PE-8	2668	1052268	60	61
contig_215_22H2PE-8	8695	1055002	60	61
contig_216_22H2PE-8	12243	1063863	60	61
contig_217_22H2PE-8	2517	1076332	60	61
contig_218_22H2PE-8	4075	1078912	60	61
contig_219_22H2PE-8	3239	1083076	60	61
contig_22_22H2PE-8	13560	1086389	60	61
contig_220_22H2PE-8	16488	1100196	60	61
contig_221_22H2PE-8	2592	1116980	60	61
contig_222_22H2PE-8	2449	1119637	60	61
contig_223_22H2PE-8	3756	1122148	60	61
contig_224_22H2PE-8	4064	1125988	60	61
contig_225_22H2PE-8	5451	1130141	60	61
contig_226_22H2PE-8	9602	1135704	60	61
contig_227_22H2PE-8	12062	1145488	60	61
contig_228_22H2PE-8	2669	1157773	60	61
contig_229_22H2PE-8	2294	1160508	60	61
contig_23_22H2PE-8	10756	1162861	60	61
contig_230_22H2PE-8	2902	1173818	60	61
contig_231_22H2PE-8	8492	1176790	60	61
contig_232_22H2PE-8	3780	1185445	60	61
contig_233_22H2PE-8	8448	1189309	60	61
contig_234_22H2PE-8	6633	1197919	60	61
contig_235_22H2PE-8	3167	1204684	60	61
contig_236_22H2PE-8	4257	1207925	60	61
contig_237_22H2PE-8	5788	1212274	60	61
contig_238_22H2PE-8	7134	1218180	60	61
contig_239_22H2PE-8	3313	1225454	60	61
contig_24_22H2PE-8	4665	1228843	60	61
contig_240_22H2PE-8	7999	1233607	60	61
contig_241_22H2PE-8	4144	1241761	60	61
contig_242_22H2PE-8	8631	1245996	60	61
contig_244_22H2PE-8	13274	1254792	60	61
contig_245_22H2PE-8	5174	1268309	60	61
contig_246_22H2PE-8	4968	1273591	60	61
contig_247_22H2PE-8	51331	1278663	60	61
contig_248_22H2PE-8	10929	1330871	60	61
contig_249_22H2PE-8	4070	1342004	60	61
contig_25_22H2PE-8	2701	1346162	60	61
contig_250_22H2PE-8	2339	1348930	60	61
contig_251_22H2PE-8	3211	1351329	60	61
contig_252_22H2PE-8	2502	1354615	60	61
contig_253_22H2PE-8	2694	1357180	60	61
contig_254_22H2PE-8	5699	1359940	60	61
contig_255_22H2PE-8	2844	1365755	60	61
contig_256_22H2PE-8	12304	1368668	60	61
contig_257_22H2PE-8	2875	1381199	60	61
contig_258_22H2PE-8	2922	1384143	60	61
contig_259_22H2PE-8	4318	1387135	60	61
contig_26_22H2PE-8	16339	1391545	60	61
contig_260_22H2PE-8	2397	1408178	60	61
contig_261_22H2PE-8	11149	1410636	60	61
contig_262_22H2PE-8	35062	1421992	60	61
contig_263_22H2PE-8	4207	1457660	60	61
contig_264_22H2PE-8	16357	1461959	60	61
contig_265_22H2PE-8	5944	1478610	60	61
contig_266_22H2PE-8	9166	1484675	60	61
contig_267_22H2PE-8	7147	1494015	60	61
contig_268_22H2PE-8	9437	1501303	60	61
contig_269_22H2PE-8	14909	1510919	60	61
contig_27_22H2PE-8	12721	1526097	60	61
contig_270_22H2PE-8	4038	1539052	60	61
contig_271_22H2PE-8	2815	1543179	60	61
contig_272_22H2PE-8	10280	1546062	60	61
contig_273_22H2PE-8	3775	1556535	60	61
contig_274_22H2PE-8	2229	1560394	60	61
contig_275_22H2PE-8	7695	1562682	60	61
contig_276_22H2PE-8	4895	1570527	60	61
contig_277_22H2PE-8	2319	1575525	60	61
contig_278_22H2PE-8	7012	1577904	60	61
contig_279_22H2PE-8	17191	1585054	60	61
contig_28_22H2PE-8	5156	1602552	60	61
contig_280_22H2PE-8	6101	1607815	60	61
contig_281_22H2PE-8	2922	1614039	60	61
contig_283_22H2PE-8	3333	1617031	60	61
contig_284_22H2PE-8	19671	1620441	60	61
contig_285_22H2PE-8	5475	1640461	60	61
contig_286_22H2PE-8	5014	1646049	60	61
contig_287_22H2PE-8	11122	1651168	60	61
contig_288_22H2PE-8	4767	1662497	60	61
contig_289_22H2PE-8	2534	1667365	60	61
contig_29_22H2PE-8	6687	1669962	60	61
contig_290_22H2PE-8	4249	1676782	60	61
contig_291_22H2PE-8	3814	1681123	60	61
contig_292_22H2PE-8	7372	1685022	60	61
contig_293_22H2PE-8	16218	1692538	60	61
contig_294_22H2PE-8	3464	1709048	60	61
contig_295_22H2PE-8	6337	1712591	60	61
contig_296_22H2PE-8	2982	1719055	60	61
contig_297_22H2PE-8	3141	1722108	60	61
contig_298_22H2PE-8	3212	1725323	60	61
contig_299_22H2PE-8	9705	1728610	60	61
contig_3_22H2PE-8	21965	1738496	60	61
contig_30_22H2PE-8	10647	1760848	60	61
contig_300_22H2PE-8	3385	1771694	60	61
contig_301_22H2PE-8	5685	1775157	60	61
contig_302_22H2PE-8	2812	1780958	60	61
contig_303_22H2PE-8	8395	1783838	60	61
contig_304_22H2PE-8	3698	1792394	60	61
contig_305_22H2PE-8	18145	1796175	60	61
contig_306_22H2PE-8	5871	1814644	60	61
contig_307_22H2PE-8	4610	1820634	60	61
contig_308_22H2PE-8	2675	1825342	60	61
contig_309_22H2PE-8	4201	1828083	60	61
contig_31_22H2PE-8	6950	1832375	60	61
contig_310_22H2PE-8	7263	1839462	60	61
contig_311_22H2PE-8	3383	1846868	60	61
contig_312_22H2PE-8	2992	1850329	60	61
contig_313_22H2PE-8	3780	1853392	60	61
contig_314_22H2PE-8	5712	1857256	60	61
contig_315_22H2PE-8	25223	1863085	60	61
contig_316_22H2PE-8	2621	1888750	60	61
contig_317_22H2PE-8	4708	1891436	60	61
contig_318_22H2PE-8	8578	1896244	60	61
contig_319_22H2PE-8	3273	1904986	60	61
contig_32_22H2PE-8	5135	1908334	60	61
contig_320_22H2PE-8	4711	1913576	60	61
contig_321_22H2PE-8	2352	1918387	60	61
contig_322_22H2PE-8	2460	1920800	60	61
contig_323_22H2PE-8	6311	1923322	60	61
contig_324_22H2PE-8	5386	1929760	60	61
contig_325_22H2PE-8	5669	1935257	60	61
contig_326_22H2PE-8	4522	1941042	60	61
contig_327_22H2PE-8	2422	1945661	60	61
contig_328_22H2PE-8	2354	1948145	60	61
contig_329_22H2PE-8	3844	1950560	60	61
contig_33_22H2PE-8	6956	1954489	60	61
contig_330_22H2PE-8	5009	1961582	60	61
contig_331_22H2PE-8	2934	1966696	60	61
contig_332_22H2PE-8	4326	1969700	60	61
contig_333_22H2PE-8	2377	1974120	60	61
contig_334_22H2PE-8	11589	1976558	60	61
contig_335_22H2PE-8	3558	1988362	60	61
contig_336_22H2PE-8	5528	1992001	60	61
contig_337_22H2PE-8	7056	1997643	60	61
contig_338_22H2PE-8	4126	2004838	60	61
contig_339_22H2PE-8	2434	2009054	60	61
contig_34_22H2PE-8	10863	2011549	60	61
contig_340_22H2PE-8	5178	2022615	60	61
contig_341_22H2PE-8	4555	2027901	60	61
contig_342_22H2PE-8	2682	2032553	60	61
contig_343_22H2PE-8	8984	2035301	60	61
contig_344_22H2PE-8	2512	2044456	60	61
contig_345_22H2PE-8	2751	2047031	60	61
contig_346_22H2PE-8	5966	2049849	60	61
contig_347_22H2PE-8	2506	2055936	60	61
contig_348_22H2PE-8	5390	2058505	60	61
contig_349_22H2PE-8	5176	2064006	60	61
contig_35_22H2PE-8	5653	2069289	60	61
contig_350_22H2PE-8	5390	2075058	60	61
contig_351_22H2PE-8	2994	2080559	60	61
contig_352_22H2PE-8	4413	2083624	60	61
contig_353_22H2PE-8	5867	2088132	60	61
contig_354_22H2PE-8	10592	2094118	60	61
contig_355_22H2PE-8	40434	2104908	60	61
contig_356_22H2PE-8	2916	2146037	60	61
contig_357_22H2PE-8	2246	2149023	60	61
contig_358_22H2PE-8	2465	2151328	60	61
contig_359_22H2PE-8	3805	2153856	60	61
contig_36_22H2PE-8	2523	2157745	60	61
contig_360_22H2PE-8	5395	2160332	60	61
contig_361_22H2PE-8	3058	2165838	60	61
contig_362_22H2PE-8	8411	2168968	60	61
contig_363_22H2PE-8	2477	2177541	60	61
contig_364_22H2PE-8	3552	2180081	60	61
contig_365_22H2PE-8	5083	2183714	60	61
contig_366_22H2PE-8	4485	2188903	60	61
contig_367_22H2PE-8	17056	2193484	60	61
contig_368_22H2PE-8	3451	2210846	60	61
contig_369_22H2PE-8	3348	2214376	60	61
contig_37_22H2PE-8	2594	2217800	60	61
contig_370_22H2PE-8	10560	2220459	60	61
contig_371_22H2PE-8	3448	2231216	60	61
contig_372_22H2PE-8	2536	2234743	60	61
contig_373_22H2PE-8	5194	2237343	60	61
contig_374_22H2PE-8	11383	2242645	60	61
contig_375_22H2PE-8	4897	2254239	60	61
contig_376_22H2PE-8	3784	2259239	60	61
contig_377_22H2PE-8	2513	2263108	60	61
contig_378_22H2PE-8	6238	2265684	60	61
contig_379_22H2PE-8	2562	2272047	60	61
contig_38_22H2PE-8	2340	2274672	60	61
contig_380_22H2PE-8	3823	2277072	60	61
contig_381_22H2PE-8	9626	2280980	60	61
contig_382_22H2PE-8	2240	2290788	60	61
contig_383_22H2PE-8	2905	2293087	60	61
contig_384_22H2PE-8	2205	2296062	60	61
contig_385_22H2PE-8	3187	2298325	60	61
contig_386_22H2PE-8	4344	2301587	60	61
contig_387_22H2PE-8	11182	2306025	60	61
contig_388_22H2PE-8	4503	2317415	60	61
contig_389_22H2PE-8	6326	2322015	60	61
contig_39_22H2PE-8	21851	2328467	60	61
contig_390_22H2PE-8	8189	2350704	60	61
contig_391_22H2PE-8	8149	2359051	60	61
contig_392_22H2PE-8	4161	2367357	60	61
contig_393_22H2PE-8	2671	2371609	60	61
contig_394_22H2PE-8	2626	2374346	60	61
contig_395_22H2PE-8	13433	2377037	60	61
contig_396_22H2PE-8	2541	2390715	60	61
contig_397_22H2PE-8	7336	2393320	60	61
contig_398_22H2PE-8	5894	2400800	60	61
contig_399_22H2PE-8	3747	2406814	60	61
contig_4_22H2PE-8	5232	2410643	60	61
contig_40_22H2PE-8	9562	2415983	60	61
contig_400_22H2PE-8	4395	2425726	60	61
contig_401_22H2PE-8	5062	2430216	60	61
contig_402_22H2PE-8	9624	2435384	60	61
contig_403_22H2PE-8	2365	2445190	60	61
contig_404_22H2PE-8	3272	2447616	60	61
contig_405_22H2PE-8	5160	2450964	60	61
contig_406_22H2PE-8	5275	2456231	60	61
contig_407_22H2PE-8	10397	2461615	60	61
contig_408_22H2PE-8	2316	2472207	60	61
contig_409_22H2PE-8	22439	2474583	60	61
contig_41_22H2PE-8	5476	2497416	60	61
contig_410_22H2PE-8	6648	2503005	60	61
contig_411_22H2PE-8	3226	2509785	60	61
contig_412_22H2PE-8	2854	2513086	60	61
contig_413_22H2PE-8	2609	2516009	60	61
contig_414_22H2PE-8	2240	2518683	60	61
contig_415_22H2PE-8	2360	2520982	60	61
contig_416_22H2PE-8	2836	2523403	60	61
contig_417_22H2PE-8	7514	2526308	60	61
contig_418_22H2PE-8	2482	2533969	60	61
contig_419_22H2PE-8	3935	2536514	60	61
contig_42_22H2PE-8	1042	2540535	60	61
contig_420_22H2PE-8	2298	2541616	60	61
contig_421_22H2PE-8	27620	2543974	60	61
contig_422_22H2PE-8	2294	2572076	60	61
contig_423_22H2PE-8	2279	2574430	60	61
contig_424_22H2PE-8	2548	2576768	60	61
contig_425_22H2PE-8	2598	2579380	60	61
contig_426_22H2PE-8	2432	2582043	60	61
contig_427_22H2PE-8	6994	2584537	60	61
contig_428_22H2PE-8	2713	2591669	60	61
contig_429_22H2PE-8	3811	2594449	60	61
contig_43_22H2PE-8	2548	2598344	60	61
contig_430_22H2PE-8	2664	2600956	60	61
contig_431_22H2PE-8	5330	2603686	60	61
contig_432_22H2PE-8	2351	2609126	60	61
contig_433_22H2PE-8	2254	2611538	60	61
contig_434_22H2PE-8	3293	2613851	60	61
contig_435_22H2PE-8	3221	2617220	60	61
contig_436_22H2PE-8	2814	2620516	60	61
contig_437_22H2PE-8	3697	2623398	60	61
contig_438_22H2PE-8	3890	2627178	60	61
contig_439_22H2PE-8	4359	2631154	60	61
contig_44_22H2PE-8	5309	2635606	60	61
contig_440_22H2PE-8	3439	2641025	60	61
contig_441_22H2PE-8	2388	2644543	60	61
contig_442_22H2PE-8	3711	2646992	60	61
contig_443_22H2PE-8	5893	2650786	60	61
contig_444_22H2PE-8	5806	2656799	60	61
contig_445_22H2PE-8	3006	2662723	60	61
contig_446_22H2PE-8	2306	2665801	60	61
contig_447_22H2PE-8	25065	2668167	60	61
contig_448_22H2PE-8	2408	2693671	60	61
contig_449_22H2PE-8	2914	2696141	60	61
contig_45_22H2PE-8	14924	2699124	60	61
contig_450_22H2PE-8	2241	2714318	60	61
contig_451_22H2PE-8	2327	2716618	60	61
contig_452_22H2PE-8	8633	2719005	60	61
contig_453_22H2PE-8	9673	2727803	60	61
contig_454_22H2PE-8	2965	2737659	60	61
contig_455_22H2PE-8	2432	2740695	60	61
contig_456_22H2PE-8	2520	2743189	60	61
contig_457_22H2PE-8	5186	2745772	60	61
contig_458_22H2PE-8	36687	2751066	60	61
contig_459_22H2PE-8	22023	2788386	60	61
contig_46_22H2PE-8	3953	2810797	60	61
contig_460_22H2PE-8	2783	2814837	60	61
contig_461_22H2PE-8	2657	2817688	60	61
contig_462_22H2PE-8	19679	2820411	60	61
contig_463_22H2PE-8	4386	2840439	60	61
contig_464_22H2PE-8	35305	2844920	60	61
contig_465_22H2PE-8	11782	2880835	60	61
contig_466_22H2PE-8	5441	2892835	60	61
contig_467_22H2PE-8	11249	2898388	60	61
contig_468_22H2PE-8	3489	2909846	60	61
contig_469_22H2PE-8	3562	2913415	60	61
contig_47_22H2PE-8	5354	2917057	60	61
contig_470_22H2PE-8	12812	2922522	60	61
contig_471_22H2PE-8	9229	2935569	60	61
contig_472_22H2PE-8	17652	2944973	60	61
contig_473_22H2PE-8	22775	2962941	60	61
contig_474_22H2PE-8	14172	2986117	60	61
contig_475_22H2PE-8	20575	3000547	60	61
contig_476_22H2PE-8	15930	3021486	60	61
contig_477_22H2PE-8	20257	3037703	60	61
contig_478_22H2PE-8	27055	3058319	60	61
contig_479_22H2PE-8	25742	3085846	60	61
contig_48_22H2PE-8	8339	3112038	60	61
contig_480_22H2PE-8	9978	3120537	60	61
contig_481_22H2PE-8	20574	3130703	60	61
contig_482_22H2PE-8	32441	3151641	60	61
contig_483_22H2PE-8	14224	3184644	60	61
contig_484_22H2PE-8	8919	3199127	60	61
contig_485_22H2PE-8	8195	3208216	60	61
contig_486_22H2PE-8	13922	3216569	60	61
contig_487_22H2PE-8	23144	3230745	60	61
contig_488_22H2PE-8	15385	3254296	60	61
contig_489_22H2PE-8	6953	3269959	60	61
contig_49_22H2PE-8	9890	3277048	60	61
contig_490_22H2PE-8	18004	3287124	60	61
contig_491_22H2PE-8	18383	3305450	60	61
contig_492_22H2PE-8	12208	3324161	60	61
contig_493_22H2PE-8	23857	3336594	60	61
contig_494_22H2PE-8	3532	3360870	60	61
contig_495_22H2PE-8	20849	3364482	60	61
contig_496_22H2PE-8	19494	3385700	60	61
contig_497_22H2PE-8	25418	3405540	60	61
contig_498_22H2PE-8	13314	3431403	60	61
contig_499_22H2PE-8	8987	3444960	60	61
contig_5_22H2PE-8	3544	3454116	60	61
contig_50_22H2PE-8	11582	3457740	60	61
contig_500_22H2PE-8	32041	3469537	60	61
contig_501_22H2PE-8	6938	3502134	60	61
contig_502_22H2PE-8	11825	3509209	60	61
contig_503_22H2PE-8	11229	3521253	60	61
contig_504_22H2PE-8	10573	3532691	60	61
contig_505_22H2PE-8	8287	3543462	60	61
contig_506_22H2PE-8	20234	3551909	60	61
contig_507_22H2PE-8	5007	3572502	60	61
contig_508_22H2PE-8	8314	3577614	60	61
contig_509_22H2PE-8	13084	3586088	60	61
contig_51_22H2PE-8	6068	3599411	60	61
contig_510_22H2PE-8	21852	3605602	60	61
contig_511_22H2PE-8	7307	3627840	60	61
contig_512_22H2PE-8	19329	3635290	60	61
contig_513_22H2PE-8	13244	3654963	60	61
contig_514_22H2PE-8	22152	3668449	60	61
contig_515_22H2PE-8	7955	3690992	60	61
contig_516_22H2PE-8	26072	3699101	60	61
contig_517_22H2PE-8	8647	3725629	60	61
contig_518_22H2PE-8	12009	3734442	60	61
contig_519_22H2PE-8	56384	3746673	60	61
contig_52_22H2PE-8	5009	3804017	60	61
contig_53_22H2PE-8	5626	3809130	60	61
contig_54_22H2PE-8	20155	3814870	60	61
contig_55_22H2PE-8	12094	3835381	60	61
contig_56_22H2PE-8	9871	3847697	60	61
contig_57_22H2PE-8	3300	3857753	60	61
contig_58_22H2PE-8	8791	3861128	60	61
contig_59_22H2PE-8	7128	3870086	60	61
contig_6_22H2PE-8	5257	3877352	60	61
contig_60_22H2PE-8	10588	3882717	60	61
contig_61_22H2PE-8	11906	3893502	60	61
contig_62_22H2PE-8	8513	3905627	60	61
contig_63_22H2PE-8	12119	3914302	60	61
contig_64_22H2PE-8	8995	3926643	60	61
contig_65_22H2PE-8	2755	3935808	60	61
contig_66_22H2PE-8	2802	3938629	60	61
contig_67_22H2PE-8	14607	3941498	60	61
contig_68_22H2PE-8	17573	3956369	60	61
contig_69_22H2PE-8	2562	3974255	60	61
contig_7_22H2PE-8	6709	3976879	60	61
contig_70_22H2PE-8	16805	3983720	60	61
contig_71_22H2PE-8	10349	4000826	60	61
contig_72_22H2PE-8	2326	4011368	60	61
contig_73_22H2PE-8	3398	4013753	60	61
contig_74_22H2PE-8	3289	4017228	60	61
contig_75_22H2PE-8	2945	4020592	60	61
contig_76_22H2PE-8	5276	4023607	60	61
contig_77_22H2PE-8	44893	4028991	60	61
contig_78_22H2PE-8	4878	4074653	60	61
contig_79_22H2PE-8	2035	4079633	60	61
contig_8_22H2PE-8	5140	4081721	60	61
contig_80_22H2PE-8	17265	4086967	60	61
contig_81_22H2PE-8	16623	4104540	60	61
contig_82_22H2PE-8	5980	4121461	60	61
contig_83_22H2PE-8	12519	4127561	60	61
contig_84_22H2PE-8	3029	4140309	60	61
contig_85_22H2PE-8	2468	4143409	60	61
contig_86_22H2PE-8	5298	4145939	60	61
contig_87_22H2PE-8	4327	4151346	60	61
contig_88_22H2PE-8	2265	4155766	60	61
contig_89_22H2PE-8	4815	4158089	60	61
contig_9_22H2PE-8	16738	4163004	60	61
contig_90_22H2PE-8	35447	4180041	60	61
contig_91_22H2PE-8	3659	4216099	60	61
contig_92_22H2PE-8	4548	4219839	60	61
contig_93_22H2PE-8	9105	4224483	60	61
contig_94_22H2PE-8	2633	4233760	60	61
contig_95_22H2PE-8	17540	4236457	60	61
contig_96_22H2PE-8	9717	4254310	60	61
contig_97_22H2PE-8	10443	4264209	60	61
contig_98_22H2PE-8	4193	4274847	60	61
contig_99_22H2PE-8	22169	4279130	60	61
contig_1_22H2PE-9	4058255	19	60	61
contig_2_22H2PE-9	126428	4125931	60	61
contig_3_22H2PE-9	29639	4254486	60	61
contig_4_22H2PE-9	157425	4284638	60	61
contig_1_22H2R2A-10	1657230	21	60	61
contig_10_22H2R2A-10	5166	1684894	60	61
contig_2_22H2R2A-10	2228016	1690168	60	61
contig_3_22H2R2A-10	95190	3955339	60	61
contig_4_22H2R2A-10	159701	4052137	60	61
contig_5_22H2R2A-10	6594	4214521	60	61
contig_6_22H2R2A-10	56849	4221246	60	61
contig_7_22H2R2A-10	36420	4279064	60	61
contig_8_22H2R2A-10	6225	4316112	60	61
contig_9_22H2R2A-10	45628	4322462	60	61
contig_1_22H2R2A-11	4741789	21	60	61
contig_2_22H2R2A-11	62143	4820861	60	61
contig_3_22H2R2A-11	132111	4884061	60	61
contig_1_22H2R2A-12	24520	21	60	61
contig_10_22H2R2A-12	160368	24972	60	61
contig_11_22H2R2A-12	149207	188035	60	61
contig_12_22H2R2A-12	26063	339751	60	61
contig_13_22H2R2A-12	78962	366271	60	61
contig_14_22H2R2A-12	133399	446572	60	61
contig_15_22H2R2A-12	26314	582217	60	61
contig_16_22H2R2A-12	42756	608992	60	61
contig_17_22H2R2A-12	290442	652483	60	61
contig_18_22H2R2A-12	120757	947788	60	61
contig_2_22H2R2A-12	96620	1070579	60	61
contig_20_22H2R2A-12	11322	1168832	60	61
contig_21_22H2R2A-12	29925	1180365	60	61
contig_22_22H2R2A-12	90987	1210811	60	61
contig_23_22H2R2A-12	10291	1303337	60	61
contig_24_22H2R2A-12	55717	1313822	60	61
contig_25_22H2R2A-12	102623	1370490	60	61
contig_26_22H2R2A-12	89744	1474846	60	61
contig_27_22H2R2A-12	115568	1566108	60	61
contig_28_22H2R2A-12	42385	1683625	60	61
contig_29_22H2R2A-12	6018	1726739	60	61
contig_3_22H2R2A-12	117534	1732879	60	61
contig_30_22H2R2A-12	4030178	1852394	60	61
contig_31_22H2R2A-12	82134	5949764	60	61
contig_32_22H2R2A-12	10629	6033289	60	61
contig_33_22H2R2A-12	34631	6044118	60	61
contig_34_22H2R2A-12	57342	6079349	60	61
contig_35_22H2R2A-12	57026	6137669	60	61
contig_36_22H2R2A-12	88698	6195668	60	61
contig_37_22H2R2A-12	13837	6285867	60	61
contig_38_22H2R2A-12	29881	6299957	60	61
contig_39_22H2R2A-12	56426	6330359	60	61
contig_4_22H2R2A-12	81039	6387747	60	61
contig_40_22H2R2A-12	5548	6470159	60	61
contig_41_22H2R2A-12	23515	6475822	60	61
contig_42_22H2R2A-12	144852	6499751	60	61
contig_43_22H2R2A-12	17183	6647040	60	61
contig_44_22H2R2A-12	156071	6664532	60	61
contig_45_22H2R2A-12	34748	6823227	60	61
contig_46_22H2R2A-12	93355	6858577	60	61
contig_47_22H2R2A-12	32254	6953510	60	61
contig_48_22H2R2A-12	12229	6986324	60	61
contig_49_22H2R2A-12	42212	6998779	60	61
contig_5_22H2R2A-12	167263	7041716	60	61
contig_50_22H2R2A-12	37656	7211789	60	61
contig_51_22H2R2A-12	13275	7250095	60	61
contig_54_22H2R2A-12	70272	7263614	60	61
contig_55_22H2R2A-12	80043	7335080	60	61
contig_56_22H2R2A-12	8214	7416480	60	61
contig_57_22H2R2A-12	50149	7424853	60	61
contig_58_22H2R2A-12	38117	7475860	60	61
contig_59_22H2R2A-12	14943	7514635	60	61
contig_6_22H2R2A-12	24214	7529849	60	61
contig_60_22H2R2A-12	51154	7554489	60	61
contig_61_22H2R2A-12	11526	7606518	60	61
contig_62_22H2R2A-12	69133	7618259	60	61
contig_63_22H2R2A-12	34923	7688567	60	61
contig_64_22H2R2A-12	5281	7724095	60	61
contig_65_22H2R2A-12	28528	7729487	60	61
contig_66_22H2R2A-12	48369	7758513	60	61
contig_67_22H2R2A-12	21683	7807711	60	61
contig_68_22H2R2A-12	32468	7829778	60	61
contig_69_22H2R2A-12	14600	7862810	60	61
contig_7_22H2R2A-12	6532	7877675	60	61
contig_70_22H2R2A-12	20783	7884338	60	61
contig_71_22H2R2A-12	53196	7905490	60	61
contig_72_22H2R2A-12	8858	7959595	60	61
contig_73_22H2R2A-12	4131	7968623	60	61
contig_74_22H2R2A-12	31975	7972845	60	61
contig_75_22H2R2A-12	37184	8005375	60	61
contig_76_22H2R2A-12	36854	8043201	60	61
contig_77_22H2R2A-12	71481	8080692	60	61
contig_78_22H2R2A-12	8324	8153387	60	61
contig_79_22H2R2A-12	11621	8161872	60	61
contig_8_22H2R2A-12	119321	8173708	60	61
contig_80_22H2R2A-12	9978	8295040	60	61
contig_81_22H2R2A-12	11011	8305207	60	61
contig_82_22H2R2A-12	87742	8316424	60	61
contig_83_22H2R2A-12	357496	8405651	60	61
contig_9_22H2R2A-12	40469	8769127	60	61
contig_1_22H2R2A-13	4029639	21	60	61
contig_2_22H2R2A-13	357368	4096842	60	61
contig_1_22H2R2A-14	3477981	21	60	61
contig_1_22H2R2A-15	41385	21	60	61
contig_100_22H2R2A-15	57442	42119	60	61
contig_101_22H2R2A-15	73960	100542	60	61
contig_102_22H2R2A-15	17768	175758	60	61
contig_103_22H2R2A-15	60524	193846	60	61
contig_104_22H2R2A-15	52566	255402	60	61
contig_105_22H2R2A-15	146967	308868	60	61
contig_107_22H2R2A-15	15739	458308	60	61
contig_108_22H2R2A-15	14081	474333	60	61
contig_109_22H2R2A-15	9415	488672	60	61
contig_11_22H2R2A-15	30031	498266	60	61
contig_110_22H2R2A-15	104596	528821	60	61
contig_111_22H2R2A-15	41754	635184	60	61
contig_112_22H2R2A-15	101795	677657	60	61
contig_113_22H2R2A-15	59612	781172	60	61
contig_114_22H2R2A-15	22702	841801	60	61
contig_115_22H2R2A-15	107546	864905	60	61
contig_116_22H2R2A-15	26683	974267	60	61
contig_117_22H2R2A-15	2702	1001418	60	61
contig_118_22H2R2A-15	18247	1004189	60	61
contig_119_22H2R2A-15	39632	1022764	60	61
contig_12_22H2R2A-15	25795	1063079	60	61
contig_120_22H2R2A-15	22842	1089327	60	61
contig_121_22H2R2A-15	46856	1112573	60	61
contig_122_22H2R2A-15	32941	1160233	60	61
contig_123_22H2R2A-15	40395	1193747	60	61
contig_124_22H2R2A-15	19424	1234839	60	61
contig_125_22H2R2A-15	10312	1254610	60	61
contig_126_22H2R2A-15	73536	1265117	60	61
contig_127_22H2R2A-15	13774	1339902	60	61
contig_128_22H2R2A-15	58326	1353929	60	61
contig_129_22H2R2A-15	12802	1413251	60	61
contig_13_22H2R2A-15	13671	1426289	60	61
contig_130_22H2R2A-15	118906	1440211	60	61
contig_131_22H2R2A-15	91729	1561122	60	61
contig_132_22H2R2A-15	3652	1654403	60	61
contig_133_22H2R2A-15	31828	1658139	60	61
contig_134_22H2R2A-15	45160	1690521	60	61
contig_135_22H2R2A-15	35332	1736457	60	61
contig_136_22H2R2A-15	20852	1772401	60	61
contig_137_22H2R2A-15	2571	1793624	60	61
contig_138_22H2R2A-15	55380	1796261	60	61
contig_139_22H2R2A-15	29887	1852587	60	61
contig_14_22H2R2A-15	69794	1882995	60	61
contig_140_22H2R2A-15	26799	1953976	60	61
contig_141_22H2R2A-15	36891	1981245	60	61
contig_142_22H2R2A-15	12159	2018774	60	61
contig_143_22H2R2A-15	63182	2031159	60	61
contig_144_22H2R2A-15	42008	2095418	60	61
contig_146_22H2R2A-15	33391	2138150	60	61
contig_147_22H2R2A-15	32856	2172121	60	61
contig_148_22H2R2A-15	28317	2205548	60	61
contig_149_22H2R2A-15	16698	2234360	60	61
contig_15_22H2R2A-15	16086	2251359	60	61
contig_150_22H2R2A-15	65384	2267737	60	61
contig_18_22H2R2A-15	14738	2334233	60	61
contig_19_22H2R2A-15	16371	2349239	60	61
contig_2_22H2R2A-15	4332	2365904	60	61
contig_20_22H2R2A-15	21497	2370331	60	61
contig_21_22H2R2A-15	39242	2392209	60	61
contig_22_22H2R2A-15	18109	2432128	60	61
contig_23_22H2R2A-15	18526	2450561	60	61
contig_24_22H2R2A-15	32232	2469418	60	61
contig_25_22H2R2A-15	80195	2502210	60	61
contig_26_22H2R2A-15	8816	2583764	60	61
contig_27_22H2R2A-15	29587	2592749	60	61
contig_28_22H2R2A-15	14566	2622852	60	61
contig_29_22H2R2A-15	26079	2637683	60	61
contig_3_22H2R2A-15	62736	2664218	60	61
contig_30_22H2R2A-15	22794	2728022	60	61
contig_31_22H2R2A-15	15253	2751218	60	61
contig_32_22H2R2A-15	14999	2766748	60	61
contig_33_22H2R2A-15	11833	2782019	60	61
contig_34_22H2R2A-15	5766	2794072	60	61
contig_35_22H2R2A-15	18062	2799957	60	61
contig_36_22H2R2A-15	14294	2818343	60	61
contig_37_22H2R2A-15	42822	2832898	60	61
contig_38_22H2R2A-15	26395	2876456	60	61
contig_39_22H2R2A-15	31561	2903313	60	61
contig_4_22H2R2A-15	53083	2935422	60	61
contig_40_22H2R2A-15	21378	2989412	60	61
contig_41_22H2R2A-15	2287	3011169	60	61
contig_42_22H2R2A-15	20981	3013517	60	61
contig_43_22H2R2A-15	8868	3034870	60	61
contig_44_22H2R2A-15	6920	3043908	60	61
contig_45_22H2R2A-15	58366	3050966	60	61
contig_46_22H2R2A-15	7093	3110327	60	61
contig_47_22H2R2A-15	23541	3117561	60	61
contig_48_22H2R2A-15	36914	3141517	60	61
contig_49_22H2R2A-15	4788	3179069	60	61
contig_50_22H2R2A-15	3612	3183959	60	61
contig_51_22H2R2A-15	15170	3187654	60	61
contig_52_22H2R2A-15	44503	3203099	60	61
contig_53_22H2R2A-15	12429	3248366	60	61
contig_55_22H2R2A-15	22676	3261025	60	61
contig_56_22H2R2A-15	5294	3284101	60	61
contig_58_22H2R2A-15	52950	3289506	60	61
contig_6_22H2R2A-15	18053	3343360	60	61
contig_60_22H2R2A-15	67810	3361736	60	61
contig_61_22H2R2A-15	45070	3430699	60	61
contig_62_22H2R2A-15	5581	3476543	60	61
contig_63_22H2R2A-15	109371	3482240	60	61
contig_64_22H2R2A-15	77348	3593456	60	61
contig_65_22H2R2A-15	58210	3672116	60	61
contig_66_22H2R2A-15	50144	3731319	60	61
contig_67_22H2R2A-15	11826	3782321	60	61
contig_68_22H2R2A-15	9163	3794367	60	61
contig_69_22H2R2A-15	2807	3803705	60	61
contig_7_22H2R2A-15	11533	3806580	60	61
contig_70_22H2R2A-15	2588	3818328	60	61
contig_71_22H2R2A-15	19387	3820982	60	61
contig_72_22H2R2A-15	53024	3840715	60	61
contig_73_22H2R2A-15	6327	3894645	60	61
contig_74_22H2R2A-15	4626	3901100	60	61
contig_75_22H2R2A-15	13006	3905826	60	61
contig_76_22H2R2A-15	71759	3919071	60	61
contig_77_22H2R2A-15	88214	3992048	60	61
contig_78_22H2R2A-15	18276	4081755	60	61
contig_79_22H2R2A-15	38264	4100358	60	61
contig_8_22H2R2A-15	88695	4139281	60	61
contig_80_22H2R2A-15	3289	4229477	60	61
contig_81_22H2R2A-15	99680	4232843	60	61
contig_82_22H2R2A-15	29781	4334207	60	61
contig_83_22H2R2A-15	32854	4364507	60	61
contig_84_22H2R2A-15	36688	4397931	60	61
contig_85_22H2R2A-15	23439	4435253	60	61
contig_86_22H2R2A-15	58393	4459105	60	61
contig_87_22H2R2A-15	86099	4518494	60	61
contig_88_22H2R2A-15	52615	4606050	60	61
contig_89_22H2R2A-15	32020	4659564	60	61
contig_9_22H2R2A-15	24553	4692139	60	61
contig_90_22H2R2A-15	33318	4717124	60	61
contig_91_22H2R2A-15	80719	4751020	60	61
contig_92_22H2R2A-15	9536	4833107	60	61
contig_93_22H2R2A-15	3217	4842824	60	61
contig_94_22H2R2A-15	11273	4846117	60	61
contig_95_22H2R2A-15	6053	4857600	60	61
contig_96_22H2R2A-15	47615	4863776	60	61
contig_97_22H2R2A-15	53042	4912207	60	61
contig_98_22H2R2A-15	34982	4966156	60	61
contig_99_22H2R2A-15	21753	5001744	60	61
contig_1_22H2R2A-16	4412284	21	60	61
contig_12_22H2R2A-16	2795	4485866	60	61
contig_16_22H2R2A-16	4202	4488730	60	61
contig_2_22H2R2A-16	23516	4493024	60	61
contig_3_22H2R2A-16	1916358	4516953	60	61
contig_4_22H2R2A-16	47026	6465272	60	61
contig_6_22H2R2A-16	5946	6513103	60	61
contig_9_22H2R2A-16	5554	6519170	60	61
contig_1_22H2R2A-17	21019	21	60	61
contig_2_22H2R2A-17	3231106	21412	60	61
contig_3_22H2R2A-17	134055	3306391	60	61
contig_4_22H2R2A-17	164001	3442702	60	61
contig_5_22H2R2A-17	131106	3609458	60	61
contig_6_22H2R2A-17	35445	3742771	60	61
contig_1_22H2R2A-1	326890	20	60	61
contig_15_22H2R2A-1	4791	332380	60	61
contig_18_22H2R2A-1	128249	337272	60	61
contig_19_22H2R2A-1	789927	467680	60	61
contig_2_22H2R2A-1	523100	1270793	60	61
contig_3_22H2R2A-1	851889	1802632	60	61
contig_4_22H2R2A-1	2226625	2668740	60	61
contig_5_22H2R2A-1	6189	4932496	60	61
contig_6_22H2R2A-1	31299	4938809	60	61
contig_7_22H2R2A-1	7528	4970650	60	61
contig_8_22H2R2A-1	11546	4978324	60	61
contig_9_22H2R2A-1	15799	4990083	60	61
contig_1_22H2R2A-2	5575	20	60	61
contig_10_22H2R2A-2	211555	5709	60	61
contig_11_22H2R2A-2	4793	220811	60	61
contig_12_22H2R2A-2	2353	225705	60	61
contig_13_22H2R2A-2	205564	228119	60	61
contig_14_22H2R2A-2	43575	437131	60	61
contig_17_22H2R2A-2	88630	481454	60	61
contig_18_22H2R2A-2	25310	571583	60	61
contig_19_22H2R2A-2	12382	597336	60	61
contig_2_22H2R2A-2	124278	609945	60	61
contig_20_22H2R2A-2	153002	736316	60	61
contig_21_22H2R2A-2	25738	891890	60	61
contig_23_22H2R2A-2	7878	918078	60	61
contig_26_22H2R2A-2	29401	926109	60	61
contig_27_22H2R2A-2	150809	956022	60	61
contig_28_22H2R2A-2	5966	1109366	60	61
contig_29_22H2R2A-2	289146	1115453	60	61
contig_3_22H2R2A-2	2777	1409439	60	61
contig_30_22H2R2A-2	56941	1412284	60	61
contig_31_22H2R2A-2	22960	1470196	60	61
contig_32_22H2R2A-2	105573	1493560	60	61
contig_33_22H2R2A-2	12732	1600914	60	61
contig_34_22H2R2A-2	123941	1613880	60	61
contig_35_22H2R2A-2	58695	1739908	60	61
contig_36_22H2R2A-2	52763	1799603	60	61
contig_37_22H2R2A-2	15050	1853267	60	61
contig_38_22H2R2A-2	22606	1868589	60	61
contig_39_22H2R2A-2	18399	1891593	60	61
contig_4_22H2R2A-2	5205	1910319	60	61
contig_40_22H2R2A-2	126017	1915632	60	61
contig_41_22H2R2A-2	10675	2043771	60	61
contig_42_22H2R2A-2	72839	2054645	60	61
contig_43_22H2R2A-2	6408	2128719	60	61
contig_44_22H2R2A-2	70746	2135255	60	61
contig_45_22H2R2A-2	76193	2207202	60	61
contig_46_22H2R2A-2	56395	2284686	60	61
contig_47_22H2R2A-2	104845	2342042	60	61
contig_48_22H2R2A-2	27519	2448656	60	61
contig_49_22H2R2A-2	48328	2476655	60	61
contig_5_22H2R2A-2	69245	2525809	60	61
contig_50_22H2R2A-2	124390	2596230	60	61
contig_51_22H2R2A-2	13401	2722715	60	61
contig_52_22H2R2A-2	60443	2736361	60	61
contig_53_22H2R2A-2	19031	2797833	60	61
contig_54_22H2R2A-2	34390	2817203	60	61
contig_55_22H2R2A-2	34657	2852188	60	61
contig_56_22H2R2A-2	77384	2887444	60	61
contig_57_22H2R2A-2	70175	2966139	60	61
contig_58_22H2R2A-2	25750	3037505	60	61
contig_59_22H2R2A-2	93349	3063706	60	61
contig_6_22H2R2A-2	14439	3158631	60	61
contig_60_22H2R2A-2	40212	3173332	60	61
contig_61_22H2R2A-2	23171	3214236	60	61
contig_62_22H2R2A-2	105152	3237815	60	61
contig_63_22H2R2A-2	28430	3344741	60	61
contig_64_22H2R2A-2	38727	3373666	60	61
contig_65_22H2R2A-2	57144	3413060	60	61
contig_66_22H2R2A-2	117133	3471178	60	61
contig_67_22H2R2A-2	69792	3590285	60	61
contig_69_22H2R2A-2	95684	3661262	60	61
contig_7_22H2R2A-2	10913	3758561	60	61
contig_70_22H2R2A-2	37068	3769677	60	61
contig_72_22H2R2A-2	15134	3807384	60	61
contig_73_22H2R2A-2	17111	3822792	60	61
contig_74_22H2R2A-2	50232	3840210	60	61
contig_75_22H2R2A-2	39713	3891301	60	61
contig_76_22H2R2A-2	9413	3931697	60	61
contig_77_22H2R2A-2	38134	3941288	60	61
contig_78_22H2R2A-2	39801	3980079	60	61
contig_79_22H2R2A-2	20742	4020565	60	61
contig_8_22H2R2A-2	9578	4041673	60	61
contig_80_22H2R2A-2	28939	4051432	60	61
contig_81_22H2R2A-2	17998	4080875	60	61
contig_82_22H2R2A-2	6917	4099194	60	61
contig_83_22H2R2A-2	2220	4106248	60	61
contig_84_22H2R2A-2	31066	4108526	60	61
contig_85_22H2R2A-2	61589	4140131	60	61
contig_86_22H2R2A-2	19714	4202768	60	61
contig_87_22H2R2A-2	5704	4222832	60	61
contig_88_22H2R2A-2	52943	4228653	60	61
contig_89_22H2R2A-2	2558	4282500	60	61
contig_9_22H2R2A-2	7843	4285121	60	61
contig_90_22H2R2A-2	16912	4293116	60	61
contig_91_22H2R2A-2	41540	4310331	60	61
contig_92_22H2R2A-2	4580	4352585	60	61
contig_93_22H2R2A-2	36789	4357263	60	61
contig_94_22H2R2A-2	108308	4394687	60	61
contig_95_22H2R2A-2	51825	4504822	60	61
contig_1_22H2R2A-3	20878	20	60	61
contig_10_22H2R2A-3	82682	21267	60	61
contig_11_22H2R2A-3	19255	105349	60	61
contig_12_22H2R2A-3	9485	124946	60	61
contig_13_22H2R2A-3	24086	134611	60	61
contig_14_22H2R2A-3	12966	159120	60	61
contig_15_22H2R2A-3	143574	172324	60	61
contig_16_22H2R2A-3	31923	318312	60	61
contig_17_22H2R2A-3	10825	350789	60	61
contig_18_22H2R2A-3	6356	361816	60	61
contig_19_22H2R2A-3	14160	368299	60	61
contig_2_22H2R2A-3	28520	382715	60	61
contig_20_22H2R2A-3	19706	411732	60	61
contig_21_22H2R2A-3	11896	431788	60	61
contig_22_22H2R2A-3	60008	443904	60	61
contig_23_22H2R2A-3	14376	504934	60	61
contig_24_22H2R2A-3	1087918	519571	60	61
contig_25_22H2R2A-3	19829	1625642	60	61
contig_26_22H2R2A-3	26074	1645823	60	61
contig_27_22H2R2A-3	782390	1672353	60	61
contig_28_22H2R2A-3	1154867	2467804	60	61
contig_29_22H2R2A-3	13060	3641940	60	61
contig_3_22H2R2A-3	119665	3655238	60	61
contig_30_22H2R2A-3	20080	3776919	60	61
contig_31_22H2R2A-3	31015	3797355	60	61
contig_32_22H2R2A-3	75727	3828908	60	61
contig_33_22H2R2A-3	12854	3905919	60	61
contig_34_22H2R2A-3	14716	3919009	60	61
contig_35_22H2R2A-3	32499	3933992	60	61
contig_36_22H2R2A-3	14268	3967054	60	61
contig_37_22H2R2A-3	8260	3981581	60	61
contig_38_22H2R2A-3	13758	3990000	60	61
contig_39_22H2R2A-3	32153	4004009	60	61
contig_4_22H2R2A-3	18062	4036718	60	61
contig_40_22H2R2A-3	21488	4055103	60	61
contig_5_22H2R2A-3	6202	4076970	60	61
contig_6_22H2R2A-3	354781	4083296	60	61
contig_8_22H2R2A-3	429282	4444011	60	61
contig_1_22H2R2A-4	103513	20	60	61
contig_10_22H2R2A-4	108487	105280	60	61
contig_11_22H2R2A-4	8938	215597	60	61
contig_12_22H2R2A-4	98597	224705	60	61
contig_13_22H2R2A-4	72185	324967	60	61
contig_14_22H2R2A-4	304485	398377	60	61
contig_15_22H2R2A-4	246410	707958	60	61
contig_16_22H2R2A-4	6042	958496	60	61
contig_18_22H2R2A-4	113652	964660	60	61
contig_19_22H2R2A-4	23203	1080228	60	61
contig_20_22H2R2A-4	52116	1103839	60	61
contig_21_22H2R2A-4	69194	1156845	60	61
contig_22_22H2R2A-4	75549	1227214	60	61
contig_23_22H2R2A-4	204060	1304044	60	61
contig_24_22H2R2A-4	107078	1511526	60	61
contig_25_22H2R2A-4	144126	1620410	60	61
contig_26_22H2R2A-4	6357	1766960	60	61
contig_27_22H2R2A-4	49057	1773444	60	61
contig_29_22H2R2A-4	184396	1823340	60	61
contig_3_22H2R2A-4	486674	2010830	60	61
contig_30_22H2R2A-4	10995	2505637	60	61
contig_31_22H2R2A-4	27657	2516837	60	61
contig_32_22H2R2A-4	4367	2544976	60	61
contig_33_22H2R2A-4	96514	2549437	60	61
contig_4_22H2R2A-4	25570	2647580	60	61
contig_40_22H2R2A-4	131176	2673598	60	61
contig_41_22H2R2A-4	49728	2806982	60	61
contig_42_22H2R2A-4	53060	2857560	60	61
contig_43_22H2R2A-4	217637	2911526	60	61
contig_44_22H2R2A-4	27397	3132812	60	61
contig_45_22H2R2A-4	11237	3160687	60	61
contig_48_22H2R2A-4	15280	3172133	60	61
contig_49_22H2R2A-4	6732	3187689	60	61
contig_5_22H2R2A-4	554941	3194554	60	61
contig_50_22H2R2A-4	30990	3758766	60	61
contig_51_22H2R2A-4	106898	3790294	60	61
contig_52_22H2R2A-4	339123	3898995	60	61
contig_53_22H2R2A-4	106819	4243792	60	61
contig_54_22H2R2A-4	254366	4352413	60	61
contig_55_22H2R2A-4	30625	4611040	60	61
contig_56_22H2R2A-4	16760	4642197	60	61
contig_57_22H2R2A-4	23298	4659258	60	61
contig_58_22H2R2A-4	37050	4682966	60	61
contig_59_22H2R2A-4	10825	4720655	60	61
contig_60_22H2R2A-4	8921	4731682	60	61
contig_61_22H2R2A-4	23885	4740773	60	61
contig_62_22H2R2A-4	19695	4765078	60	61
contig_63_22H2R2A-4	10167	4785123	60	61
contig_64_22H2R2A-4	56341	4795481	60	61
contig_65_22H2R2A-4	10714	4852783	60	61
contig_66_22H2R2A-4	60797	4863697	60	61
contig_67_22H2R2A-4	118693	4925529	60	61
contig_68_22H2R2A-4	19861	5046222	60	61
contig_69_22H2R2A-4	34369	5066436	60	61
contig_70_22H2R2A-4	15573	5101399	60	61
contig_73_22H2R2A-4	141141	5117253	60	61
contig_76_22H2R2A-4	6986	5260768	60	61
contig_77_22H2R2A-4	92426	5267892	60	61
contig_79_22H2R2A-4	14642	5361880	60	61
contig_8_22H2R2A-4	112544	5376787	60	61
contig_80_22H2R2A-4	34423	5491228	60	61
contig_9_22H2R2A-4	142624	5526245	60	61
contig_1_22H2R2A-5	140413	20	60	61
contig_2_22H2R2A-5	4000592	142794	60	61
contig_3_22H2R2A-5	66100	4210083	60	61
contig_5_22H2R2A-5	6377	4277305	60	61
contig_1_22H2R2A-6	7359	20	60	61
contig_10_22H2R2A-6	13634	7523	60	61
contig_11_22H2R2A-6	14082	21406	60	61
contig_12_22H2R2A-6	5677	35744	60	61
contig_13_22H2R2A-6	3742	41537	60	61
contig_14_22H2R2A-6	22464	45363	60	61
contig_15_22H2R2A-6	9473	68223	60	61
contig_16_22H2R2A-6	14811	77875	60	61
contig_17_22H2R2A-6	5145	92954	60	61
contig_18_22H2R2A-6	5160	98206	60	61
contig_19_22H2R2A-6	5780	103473	60	61
contig_2_22H2R2A-6	5778	109370	60	61
contig_20_22H2R2A-6	23906	115266	60	61
contig_21_22H2R2A-6	11920	139592	60	61
contig_22_22H2R2A-6	9156	151732	60	61
contig_23_22H2R2A-6	7945	161062	60	61
contig_24_22H2R2A-6	7869	169161	60	61
contig_25_22H2R2A-6	13945	177183	60	61
contig_26_22H2R2A-6	6247	191382	60	61
contig_27_22H2R2A-6	8715	197755	60	61
contig_28_22H2R2A-6	2345	206637	60	61
contig_29_22H2R2A-6	5429	209043	60	61
contig_3_22H2R2A-6	9614	214583	60	61
contig_30_22H2R2A-6	7963	224379	60	61
contig_31_22H2R2A-6	5045	232496	60	61
contig_32_22H2R2A-6	12050	237647	60	61
contig_33_22H2R2A-6	5178	249919	60	61
contig_34_22H2R2A-6	2328	255205	60	61
contig_35_22H2R2A-6	14876	257593	60	61
contig_36_22H2R2A-6	5095	272738	60	61
contig_37_22H2R2A-6	7033	277939	60	61
contig_38_22H2R2A-6	2846	285111	60	61
contig_39_22H2R2A-6	2757	288026	60	61
contig_4_22H2R2A-6	34582	290849	60	61
contig_40_22H2R2A-6	7046	326029	60	61
contig_41_22H2R2A-6	9956	333214	60	61
contig_42_22H2R2A-6	10564	343357	60	61
contig_43_22H2R2A-6	20467	354119	60	61
contig_44_22H2R2A-6	2367	374949	60	61
contig_45_22H2R2A-6	9201	377377	60	61
contig_46_22H2R2A-6	20040	386753	60	61
contig_49_22H2R2A-6	4902	407148	60	61
contig_5_22H2R2A-6	3691	412152	60	61
contig_50_22H2R2A-6	10534	415926	60	61
contig_51_22H2R2A-6	6984	426657	60	61
contig_52_22H2R2A-6	11595	433779	60	61
contig_53_22H2R2A-6	23011	445589	60	61
contig_54_22H2R2A-6	21431	469005	60	61
contig_55_22H2R2A-6	16119	490815	60	61
contig_56_22H2R2A-6	8462	507224	60	61
contig_57_22H2R2A-6	10918	515849	60	61
contig_58_22H2R2A-6	34794	526970	60	61
contig_59_22H2R2A-6	11836	562365	60	61
contig_6_22H2R2A-6	16066	574419	60	61
contig_60_22H2R2A-6	12620	590774	60	61
contig_61_22H2R2A-6	14626	603626	60	61
contig_62_22H2R2A-6	7448	618517	60	61
contig_63_22H2R2A-6	15413	626111	60	61
contig_64_22H2R2A-6	4543	641802	60	61
contig_65_22H2R2A-6	3686	646442	60	61
contig_66_22H2R2A-6	4405	650211	60	61
contig_67_22H2R2A-6	14899	654711	60	61
contig_68_22H2R2A-6	10033	669880	60	61
contig_7_22H2R2A-6	8514	680101	60	61
contig_8_22H2R2A-6	2733	688777	60	61
contig_9_22H2R2A-6	7211	691576	60	61
contig_1_22H2R2A-7	4145	20	60	61
contig_10_22H2R2A-7	24586	4256	60	61
contig_100_22H2R2A-7	11078	29274	60	61
contig_101_22H2R2A-7	9233	40559	60	61
contig_102_22H2R2A-7	5341	49968	60	61
contig_103_22H2R2A-7	17606	55421	60	61
contig_104_22H2R2A-7	8646	73343	60	61
contig_105_22H2R2A-7	11700	82156	60	61
contig_106_22H2R2A-7	6356	94073	60	61
contig_107_22H2R2A-7	4924	100557	60	61
contig_108_22H2R2A-7	7531	105586	60	61
contig_109_22H2R2A-7	22027	113265	60	61
contig_11_22H2R2A-7	11998	135681	60	61
contig_110_22H2R2A-7	10118	147901	60	61
contig_111_22H2R2A-7	9560	158210	60	61
contig_112_22H2R2A-7	17482	167952	60	61
contig_113_22H2R2A-7	8624	185748	60	61
contig_114_22H2R2A-7	10040	194538	60	61
contig_115_22H2R2A-7	4797	204768	60	61
contig_116_22H2R2A-7	5927	209667	60	61
contig_117_22H2R2A-7	5021	215715	60	61
contig_118_22H2R2A-7	8918	220842	60	61
contig_119_22H2R2A-7	6112	229931	60	61
contig_12_22H2R2A-7	8222	236166	60	61
contig_120_22H2R2A-7	4484	244548	60	61
contig_121_22H2R2A-7	3955	249129	60	61
contig_122_22H2R2A-7	18216	253172	60	61
contig_123_22H2R2A-7	18913	271714	60	61
contig_124_22H2R2A-7	20703	290965	60	61
contig_125_22H2R2A-7	3287	312036	60	61
contig_126_22H2R2A-7	17948	315400	60	61
contig_127_22H2R2A-7	17646	333670	60	61
contig_128_22H2R2A-7	18007	351633	60	61
contig_129_22H2R2A-7	2732	369963	60	61
contig_13_22H2R2A-7	16266	372762	60	61
contig_130_22H2R2A-7	6340	389322	60	61
contig_131_22H2R2A-7	16104	395790	60	61
contig_132_22H2R2A-7	19692	412185	60	61
contig_133_22H2R2A-7	6932	432228	60	61
contig_134_22H2R2A-7	9239	439298	60	61
contig_135_22H2R2A-7	13934	448713	60	61
contig_136_22H2R2A-7	11213	462902	60	61
contig_137_22H2R2A-7	2914	474324	60	61
contig_14_22H2R2A-7	7376	477308	60	61
contig_15_22H2R2A-7	14221	484828	60	61
contig_16_22H2R2A-7	6710	499308	60	61
contig_17_22H2R2A-7	14646	506151	60	61
contig_18_22H2R2A-7	2294	521063	60	61
contig_19_22H2R2A-7	16572	523417	60	61
contig_2_22H2R2A-7	7311	540286	60	61
contig_20_22H2R2A-7	17251	547740	60	61
contig_21_22H2R2A-7	2285	565300	60	61
contig_22_22H2R2A-7	7027	567645	60	61
contig_23_22H2R2A-7	2752	574811	60	61
contig_24_22H2R2A-7	9953	577630	60	61
contig_25_22H2R2A-7	11655	587770	60	61
contig_26_22H2R2A-7	10300	599641	60	61
contig_27_22H2R2A-7	29564	610134	60	61
contig_28_22H2R2A-7	8430	640212	60	61
contig_29_22H2R2A-7	5939	648804	60	61
contig_3_22H2R2A-7	8522	654862	60	61
contig_30_22H2R2A-7	6151	663548	60	61
contig_31_22H2R2A-7	2918	669823	60	61
contig_32_22H2R2A-7	7292	672811	60	61
contig_33_22H2R2A-7	8843	680246	60	61
contig_34_22H2R2A-7	3007	689258	60	61
contig_35_22H2R2A-7	2515	692337	60	61
contig_36_22H2R2A-7	5984	694915	60	61
contig_37_22H2R2A-7	6670	701020	60	61
contig_38_22H2R2A-7	16889	707823	60	61
contig_39_22H2R2A-7	23301	725015	60	61
contig_4_22H2R2A-7	9626	748725	60	61
contig_40_22H2R2A-7	10731	758533	60	61
contig_41_22H2R2A-7	11862	769464	60	61
contig_42_22H2R2A-7	9073	781545	60	61
contig_43_22H2R2A-7	10474	790791	60	61
contig_44_22H2R2A-7	5707	801461	60	61
contig_45_22H2R2A-7	5906	807285	60	61
contig_46_22H2R2A-7	2884	813311	60	61
contig_47_22H2R2A-7	44679	816265	60	61
contig_48_22H2R2A-7	11975	861710	60	61
contig_49_22H2R2A-7	5053	873906	60	61
contig_5_22H2R2A-7	9721	879064	60	61
contig_50_22H2R2A-7	4770	888969	60	61
contig_51_22H2R2A-7	22798	893840	60	61
contig_52_22H2R2A-7	5941	917039	60	61
contig_53_22H2R2A-7	12791	923101	60	61
contig_54_22H2R2A-7	6203	936127	60	61
contig_55_22H2R2A-7	16934	942455	60	61
contig_56_22H2R2A-7	8467	959693	60	61
contig_57_22H2R2A-7	5374	968323	60	61
contig_58_22H2R2A-7	2475	973808	60	61
contig_59_22H2R2A-7	2948	976346	60	61
contig_6_22H2R2A-7	28998	979364	60	61
contig_60_22H2R2A-7	9432	1008867	60	61
contig_61_22H2R2A-7	7031	1018478	60	61
contig_62_22H2R2A-7	2430	1025648	60	61
contig_63_22H2R2A-7	15961	1028140	60	61
contig_64_22H2R2A-7	6199	1044389	60	61
contig_65_22H2R2A-7	5112	1050713	60	61
contig_66_22H2R2A-7	23131	1055932	60	61
contig_67_22H2R2A-7	5606	1079470	60	61
contig_68_22H2R2A-7	3259	1085191	60	61
contig_69_22H2R2A-7	4146	1088526	60	61
contig_7_22H2R2A-7	7204	1092762	60	61
contig_70_22H2R2A-7	4624	1100108	60	61
contig_71_22H2R2A-7	4099	1104831	60	61
contig_72_22H2R2A-7	5300	1109020	60	61
contig_73_22H2R2A-7	14216	1114430	60	61
contig_74_22H2R2A-7	2757	1128904	60	61
contig_75_22H2R2A-7	4250	1131728	60	61
contig_76_22H2R2A-7	5915	1136070	60	61
contig_77_22H2R2A-7	3496	1142105	60	61
contig_78_22H2R2A-7	4657	1145681	60	61
contig_79_22H2R2A-7	3033	1150437	60	61
contig_8_22H2R2A-7	17271	1153541	60	61
contig_80_22H2R2A-7	2709	1171121	60	61
contig_81_22H2R2A-7	2333	1173897	60	61
contig_82_22H2R2A-7	2664	1176290	60	61
contig_83_22H2R2A-7	3332	1179020	60	61
contig_84_22H2R2A-7	6325	1182429	60	61
contig_85_22H2R2A-7	5481	1188881	60	61
contig_86_22H2R2A-7	13985	1194475	60	61
contig_87_22H2R2A-7	2922	1208715	60	61
contig_88_22H2R2A-7	8494	1211707	60	61
contig_89_22H2R2A-7	10121	1220364	60	61
contig_9_22H2R2A-7	2289	1230674	60	61
contig_90_22H2R2A-7	3716	1233023	60	61
contig_91_22H2R2A-7	4436	1236822	60	61
contig_92_22H2R2A-7	9797	1241353	60	61
contig_93_22H2R2A-7	18154	1251335	60	61
contig_94_22H2R2A-7	2997	1269813	60	61
contig_95_22H2R2A-7	7204	1272881	60	61
contig_96_22H2R2A-7	2631	1280227	60	61
contig_97_22H2R2A-7	5698	1282923	60	61
contig_98_22H2R2A-7	3089	1288737	60	61
contig_99_22H2R2A-7	10018	1291899	60	61
contig_1_22H2R2A-8	3916094	20	60	61
contig_2_22H2R2A-8	122399	3981403	60	61
contig_4_22H2R2A-8	18009	4105862	60	61
contig_5_22H2R2A-8	197590	4124192	60	61
contig_1_22H2S1G-1	61820	20	60	61
contig_10_22H2S1G-1	237985	62892	60	61
contig_11_22H2S1G-1	9609	304865	60	61
contig_12_22H2S1G-1	331688	314656	60	61
contig_13_22H2S1G-1	214270	651894	60	61
contig_14_22H2S1G-1	32047	869757	60	61
contig_15_22H2S1G-1	228270	902360	60	61
contig_3_22H2S1G-1	2150346	1134455	60	61
contig_4_22H2S1G-1	713670	3320661	60	61
contig_5_22H2S1G-1	96671	4046246	60	61
contig_6_22H2S1G-1	1178484	4144549	60	61
contig_7_22H2S1G-1	92450	5342695	60	61
contig_8_22H2S1G-1	15346	5436706	60	61
contig_9_22H2S1G-1	95678	5452328	60	61
contig_1_22H2S1G-2	869635	20	60	61
contig_10_22H2S1G-2	202381	884170	60	61
contig_11_22H2S1G-2	4055	1089946	60	61
contig_12_22H2S1G-2	295821	1094090	60	61
contig_13_22H2S1G-2	93151	1394863	60	61
contig_14_22H2S1G-2	202933	1489588	60	61
contig_15_22H2S1G-2	363051	1695925	60	61
contig_16_22H2S1G-2	181695	2065048	60	61
contig_17_22H2S1G-2	6998	2249793	60	61
contig_18_22H2S1G-2	35608	2256929	60	61
contig_19_22H2S1G-2	14503	2293152	60	61
contig_2_22H2S1G-2	52252	2307917	60	61
contig_3_22H2S1G-2	528113	2361060	60	61
contig_4_22H2S1G-2	612480	2897995	60	61
contig_5_22H2S1G-2	4734	3520703	60	61
contig_6_22H2S1G-2	109185	3525536	60	61
contig_7_22H2S1G-2	951997	3636561	60	61
contig_8_22H2S1G-2	260400	4604445	60	61
contig_9_22H2S1G-2	131342	4869205	60	61
contig_1_22H2VL55-1	29622	21	60	61
contig_2_22H2VL55-1	4732415	30158	60	61
contig_3_22H2VL55-1	4048	4841468	60	61
contig_4_22H2VL55-1	132091	4845605	60	61
contig_5_22H2VL55-1	51838	4979919	60	61
contig_1_22H2VL55-2	5675391	21	60	61
contig_1_22H2VL55-3	2655966	21	60	61
contig_2_22H2VL55-3	3017975	2700275	60	61
contig_1_22H2VL55-4	42856	21	60	61
contig_10_22H2VL55-4	3606	43614	60	61
contig_11_22H2VL55-4	9645	47303	60	61
contig_12_22H2VL55-4	24102	57131	60	61
contig_2_22H2VL55-4	5968	81656	60	61
contig_3_22H2VL55-4	10869	87745	60	61
contig_4_22H2VL55-4	7763	98817	60	61
contig_5_22H2VL55-4	43259	106731	60	61
contig_6_22H2VL55-4	82583	150732	60	61
contig_7_22H2VL55-4	15067	234713	60	61
contig_8_22H2VL55-4	11449	250053	60	61
contig_9_22H2VL55-4	20004	261714	60	61
contig_1_22H2VL55-5	44866	21	60	61
contig_2_22H2VL55-5	1005256	45656	60	61
contig_3_22H2VL55-5	955458	1067688	60	61
contig_4_22H2VL55-5	1124685	2039092	60	61
contig_5_22H2VL55-5	544484	3182543	60	61
contig_6_22H2VL55-5	19386	3736123	60	61
contig_7_22H2VL55-5	74021	3755854	60	61
contig_8_22H2VL55-5	297831	3831130	60	61
contig_9_22H2VL55-5	358503	4133946	60	61
contig_1_22H2VL55-6	471801	21	60	61
contig_10_22H2VL55-6	5239	479708	60	61
contig_11_22H2VL55-6	260835	485057	60	61
contig_12_22H2VL55-6	719180	750262	60	61
contig_13_22H2VL55-6	554861	1481451	60	61
contig_14_22H2VL55-6	287145	2045582	60	61
contig_15_22H2VL55-6	778529	2337535	60	61
contig_16_22H2VL55-6	282297	3129062	60	61
contig_2_22H2VL55-6	823800	3416085	60	61
contig_3_22H2VL55-6	479479	4253636	60	61
contig_4_22H2VL55-6	877761	4741128	60	61
contig_5_22H2VL55-6	104546	5633540	60	61
contig_6_22H2VL55-6	2595	5739850	60	61
contig_7_22H2VL55-6	5917	5742510	60	61
contig_8_22H2VL55-6	65418	5748547	60	61
contig_9_22H2VL55-6	3339	5815077	60	61
contig_1_22H2VL55-7	1010678	21	60	61
contig_2_22H2VL55-7	21529	1027565	60	61
contig_3_22H2VL55-7	2156924	1049474	60	61
contig_4_22H2VL55-7	1106630	3242368	60	61
contig_5_22H2VL55-7	272701	4367463	60	61
contig_6_22H2VL55-7	56211	4644731	60	61
contig_7_22H2VL55-7	150564	4701900	60	61
contig_8_22H2VL55-7	74387	4854995	60	61
contig_9_22H2VL55-7	51947	4930643	60	61
contig_1_22H3L9-1	4042601	19	60	61
contig_10_22H3L9-1	24760	4110017	60	61
contig_2_22H3L9-1	470148	4135209	60	61
contig_3_22H3L9-1	10132	4613212	60	61
contig_4_22H3L9-1	6781	4623532	60	61
contig_5_22H3L9-1	18273	4630446	60	61
contig_6_22H3L9-1	69592	4649043	60	61
contig_7_22H3L9-1	59556	4719814	60	61
contig_8_22H3L9-1	61976	4780382	60	61
contig_9_22H3L9-1	39097	4843410	60	61
contig_1_22H3L9-3	71303	19	60	61
contig_10_22H3L9-3	53140	72531	60	61
contig_11_22H3L9-3	14053	126577	60	61
contig_12_22H3L9-3	61961	140885	60	61
contig_13_22H3L9-3	24491	203899	60	61
contig_14_22H3L9-3	15367	228819	60	61
contig_15_22H3L9-3	537680	244463	60	61
contig_16_22H3L9-3	12375	791125	60	61
contig_17_22H3L9-3	179354	803727	60	61
contig_18_22H3L9-3	59588	986091	60	61
contig_2_22H3L9-3	1132439	1046692	60	61
contig_3_22H3L9-3	9259	2198024	60	61
contig_4_22H3L9-3	69597	2207457	60	61
contig_5_22H3L9-3	15413	2278233	60	61
contig_6_22H3L9-3	5985	2293922	60	61
contig_7_22H3L9-3	1930879	2300026	60	61
contig_8_22H3L9-3	9510	4263106	60	61
contig_9_22H3L9-3	544520	4272794	60	61
contig_1_22H3L9-4	4233148	19	60	61
contig_2_22H3L9-4	46131	4303739	60	61
contig_1_22H3L9-5	4233161	19	60	61
contig_1_22H3PE-1	1168953	19	60	61
contig_2_22H3PE-1	2452750	1188474	60	61
contig_1_22H3PE-2	3625287	19	60	61
contig_2_22H3PE-2	12667	3685747	60	61
contig_1_22H3PE-3	16490	19	60	61
contig_10_22H3PE-3	38339	16804	60	61
contig_100_22H3PE-3	53610	55803	60	61
contig_101_22H3PE-3	6293	110328	60	61
contig_102_22H3PE-3	45966	116747	60	61
contig_103_22H3PE-3	32734	163501	60	61
contig_104_22H3PE-3	39800	196802	60	61
contig_105_22H3PE-3	30631	237287	60	61
contig_106_22H3PE-3	36937	268450	60	61
contig_107_22H3PE-3	2242	306024	60	61
contig_108_22H3PE-3	47661	308325	60	61
contig_109_22H3PE-3	36991	356802	60	61
contig_11_22H3PE-3	6451	394430	60	61
contig_110_22H3PE-3	92700	401010	60	61
contig_111_22H3PE-3	77619	495276	60	61
contig_112_22H3PE-3	101502	574210	60	61
contig_113_22H3PE-3	29987	677425	60	61
contig_114_22H3PE-3	24785	707933	60	61
contig_115_22H3PE-3	278117	733153	60	61
contig_116_22H3PE-3	22504	1015927	60	61
contig_117_22H3PE-3	80388	1038828	60	61
contig_118_22H3PE-3	80261	1120577	60	61
contig_119_22H3PE-3	32802	1202197	60	61
contig_12_22H3PE-3	4259	1235566	60	61
contig_120_22H3PE-3	55470	1239917	60	61
contig_121_22H3PE-3	44701	1296333	60	61
contig_122_22H3PE-3	86270	1341801	60	61
contig_123_22H3PE-3	160645	1429530	60	61
contig_124_22H3PE-3	88764	1592874	60	61
contig_125_22H3PE-3	78485	1683139	60	61
contig_13_22H3PE-3	10093	1762953	60	61
contig_14_22H3PE-3	13289	1773235	60	61
contig_15_22H3PE-3	79664	1786766	60	61
contig_16_22H3PE-3	17702	1867778	60	61
contig_17_22H3PE-3	7322	1885796	60	61
contig_18_22H3PE-3	18508	1893261	60	61
contig_19_22H3PE-3	15423	1912098	60	61
contig_2_22H3PE-3	115580	1927798	60	61
contig_20_22H3PE-3	37374	2045325	60	61
contig_21_22H3PE-3	22333	2083342	60	61
contig_22_22H3PE-3	45124	2106068	60	61
contig_23_22H3PE-3	4880	2151965	60	61
contig_24_22H3PE-3	109101	2156947	60	61
contig_25_22H3PE-3	8415	2267887	60	61
contig_26_22H3PE-3	5198	2276463	60	61
contig_27_22H3PE-3	16917	2281768	60	61
contig_28_22H3PE-3	6833	2298987	60	61
contig_29_22H3PE-3	22108	2305954	60	61
contig_3_22H3PE-3	25588	2328450	60	61
contig_30_22H3PE-3	68529	2354485	60	61
contig_31_22H3PE-3	24299	2424177	60	61
contig_32_22H3PE-3	179945	2448901	60	61
contig_33_22H3PE-3	37534	2631866	60	61
contig_34_22H3PE-3	15192	2670046	60	61
contig_35_22H3PE-3	53530	2685512	60	61
contig_36_22H3PE-3	38948	2739955	60	61
contig_37_22H3PE-3	9429	2779573	60	61
contig_38_22H3PE-3	7354	2789180	60	61
contig_39_22H3PE-3	8184	2796677	60	61
contig_4_22H3PE-3	52385	2805017	60	61
contig_40_22H3PE-3	5501	2858296	60	61
contig_41_22H3PE-3	239729	2863909	60	61
contig_42_22H3PE-3	3812	3107654	60	61
contig_43_22H3PE-3	3994	3111550	60	61
contig_44_22H3PE-3	115088	3115631	60	61
contig_46_22H3PE-3	30488	3232658	60	61
contig_47_22H3PE-3	8491	3263675	60	61
contig_48_22H3PE-3	9443	3272328	60	61
contig_49_22H3PE-3	4222	3281949	60	61
contig_5_22H3PE-3	18619	3286261	60	61
contig_50_22H3PE-3	7577	3305211	60	61
contig_51_22H3PE-3	14799	3312935	60	61
contig_52_22H3PE-3	18112	3328001	60	61
contig_53_22H3PE-3	17646	3346435	60	61
contig_54_22H3PE-3	82785	3364396	60	61
contig_55_22H3PE-3	2922	3448581	60	61
contig_56_22H3PE-3	4826	3451572	60	61
contig_57_22H3PE-3	3092	3456499	60	61
contig_58_22H3PE-3	35931	3459663	60	61
contig_59_22H3PE-3	10846	3496213	60	61
contig_6_22H3PE-3	18575	3507259	60	61
contig_60_22H3PE-3	5179	3526164	60	61
contig_61_22H3PE-3	2394	3531450	60	61
contig_62_22H3PE-3	16724	3533904	60	61
contig_63_22H3PE-3	3578	3550927	60	61
contig_64_22H3PE-3	168439	3554585	60	61
contig_65_22H3PE-3	138939	3725852	60	61
contig_66_22H3PE-3	18113	3867127	60	61
contig_67_22H3PE-3	79657	3885562	60	61
contig_68_22H3PE-3	9966	3966567	60	61
contig_69_22H3PE-3	27263	3976720	60	61
contig_7_22H3PE-3	60406	4004457	60	61
contig_70_22H3PE-3	19655	4065890	60	61
contig_71_22H3PE-3	94546	4085893	60	61
contig_72_22H3PE-3	9886	4182035	60	61
contig_73_22H3PE-3	19886	4192106	60	61
contig_74_22H3PE-3	14311	4212344	60	61
contig_75_22H3PE-3	21114	4226914	60	61
contig_76_22H3PE-3	10544	4248400	60	61
contig_77_22H3PE-3	37522	4259140	60	61
contig_78_22H3PE-3	10738	4297308	60	61
contig_79_22H3PE-3	21008	4308245	60	61
contig_8_22H3PE-3	5048	4329623	60	61
contig_80_22H3PE-3	61567	4334776	60	61
contig_81_22H3PE-3	18630	4397390	60	61
contig_82_22H3PE-3	17956	4416351	60	61
contig_83_22H3PE-3	28317	4434627	60	61
contig_84_22H3PE-3	61017	4463436	60	61
contig_85_22H3PE-3	22263	4525490	60	61
contig_86_22H3PE-3	19438	4548145	60	61
contig_87_22H3PE-3	19378	4567927	60	61
contig_88_22H3PE-3	80988	4587648	60	61
contig_89_22H3PE-3	35990	4670006	60	61
contig_9_22H3PE-3	34657	4706615	60	61
contig_90_22H3PE-3	33189	4741870	60	61
contig_91_22H3PE-3	66637	4775633	60	61
contig_92_22H3PE-3	16387	4843401	60	61
contig_93_22H3PE-3	10046	4860082	60	61
contig_94_22H3PE-3	25922	4870316	60	61
contig_95_22H3PE-3	47201	4896691	60	61
contig_96_22H3PE-3	13724	4944699	60	61
contig_97_22H3PE-3	56966	4958672	60	61
contig_98_22H3PE-3	7553	5016608	60	61
contig_99_22H3PE-3	51904	5024307	60	61
contig_1_22H3PE-5	23088	19	60	61
contig_10_22H3PE-5	130774	23512	60	61
contig_11_22H3PE-5	762135	156486	60	61
contig_12_22H3PE-5	20681	931344	60	61
contig_13_22H3PE-5	25574	952390	60	61
contig_14_22H3PE-5	97252	978411	60	61
contig_15_22H3PE-5	46426	1077304	60	61
contig_16_22H3PE-5	63505	1124524	60	61
contig_17_22H3PE-5	36465	1189108	60	61
contig_18_22H3PE-5	48752	1226201	60	61
contig_19_22H3PE-5	94247	1275786	60	61
contig_2_22H3PE-5	71824	1371623	60	61
contig_20_22H3PE-5	86311	1444665	60	61
contig_21_22H3PE-5	116096	1532435	60	61
contig_22_22H3PE-5	46163	1650486	60	61
contig_23_22H3PE-5	24185	1697439	60	61
contig_24_22H3PE-5	38422	1722048	60	61
contig_25_22H3PE-5	33088	1761131	60	61
contig_26_22H3PE-5	234259	1794791	60	61
contig_27_22H3PE-5	443506	2032975	60	61
contig_28_22H3PE-5	266902	2483893	60	61
contig_29_22H3PE-5	87015	2755264	60	61
contig_3_22H3PE-5	85088	2843749	60	61
contig_30_22H3PE-5	36515	2930276	60	61
contig_31_22H3PE-5	91089	2967420	60	61
contig_32_22H3PE-5	383577	3060048	60	61
contig_33_22H3PE-5	76521	3450038	60	61
contig_4_22H3PE-5	46554	3527854	60	61
contig_5_22H3PE-5	329667	3575203	60	61
contig_6_22H3PE-5	18479	3910384	60	61
contig_7_22H3PE-5	84893	3929190	60	61
contig_8_22H3PE-5	408472	4015517	60	61
contig_9_22H3PE-5	80285	4430816	60	61
contig_1_22H3PE-6	48047	19	60	61
contig_10_22H3PE-6	172864	48887	60	61
contig_11_22H3PE-6	125332	224653	60	61
contig_12_22H3PE-6	48578	352094	60	61
contig_13_22H3PE-6	167575	401502	60	61
contig_14_22H3PE-6	82379	571890	60	61
contig_15_22H3PE-6	89116	655662	60	61
contig_16_22H3PE-6	234455	746284	60	61
contig_17_22H3PE-6	83274	984667	60	61
contig_18_22H3PE-6	841669	1069349	60	61
contig_19_22H3PE-6	146084	1925066	60	61
contig_2_22H3PE-6	314782	2073604	60	61
contig_20_22H3PE-6	358536	2393653	60	61
contig_3_22H3PE-6	446608	2758184	60	61
contig_4_22H3PE-6	21948	3212255	60	61
contig_6_22H3PE-6	220871	3234588	60	61
contig_7_22H3PE-6	24786	3459160	60	61
contig_8_22H3PE-6	76777	3484379	60	61
contig_9_22H3PE-6	70729	3562455	60	61
contig_1_22H3PE-7	1527146	19	60	61
contig_10_22H3PE-7	22883	1552638	60	61
contig_11_22H3PE-7	495166	1575923	60	61
contig_12_22H3PE-7	184089	2079362	60	61
contig_13_22H3PE-7	14373	2266540	60	61
contig_14_22H3PE-7	18377	2281173	60	61
contig_15_22H3PE-7	13226	2299877	60	61
contig_16_22H3PE-7	14219	2313344	60	61
contig_17_22H3PE-7	14279	2327820	60	61
contig_18_22H3PE-7	87602	2342357	60	61
contig_19_22H3PE-7	186886	2431440	60	61
contig_2_22H3PE-7	651349	2621460	60	61
contig_20_22H3PE-7	181945	3283685	60	61
contig_21_22H3PE-7	18130	3468683	60	61
contig_22_22H3PE-7	168565	3487136	60	61
contig_23_22H3PE-7	1444	3658531	60	61
contig_24_22H3PE-7	754088	3660020	60	61
contig_25_22H3PE-7	950307	4426697	60	61
contig_26_22H3PE-7	15144	5392863	60	61
contig_27_22H3PE-7	676368	5408280	60	61
contig_28_22H3PE-7	37155	6095941	60	61
contig_29_22H3PE-7	115726	6133736	60	61
contig_3_22H3PE-7	395892	6251410	60	61
contig_30_22H3PE-7	286594	6653921	60	61
contig_31_22H3PE-7	20385	6945312	60	61
contig_33_22H3PE-7	2800	6966057	60	61
contig_34_22H3PE-7	22652	6968924	60	61
contig_35_22H3PE-7	6370	6991974	60	61
contig_36_22H3PE-7	3177	6998471	60	61
contig_37_22H3PE-7	5769554	7001721	60	61
contig_38_22H3PE-7	329592	12867455	60	61
contig_4_22H3PE-7	86334	13202560	60	61
contig_40_22H3PE-7	1348166	13290353	60	61
contig_41_22H3PE-7	60258	14661009	60	61
contig_42_22H3PE-7	122471	14722292	60	61
contig_43_22H3PE-7	38125	14846825	60	61
contig_44_22H3PE-7	568299	14885606	60	61
contig_45_22H3PE-7	554190	15463397	60	61
contig_46_22H3PE-7	81685	16026844	60	61
contig_47_22H3PE-7	16831	16109911	60	61
contig_48_22H3PE-7	63890	16127043	60	61
contig_49_22H3PE-7	45722	16192018	60	61
contig_5_22H3PE-7	335423	16238522	60	61
contig_6_22H3PE-7	556872	16579555	60	61
contig_7_22H3PE-7	274268	17145728	60	61
contig_8_22H3PE-7	932920	17424587	60	61
contig_9_22H3PE-7	618836	18373075	60	61
contig_1_22H3PE-8	76086	19	60	61
contig_10_22H3PE-8	21667	77394	60	61
contig_11_22H3PE-8	25252	99443	60	61
contig_12_22H3PE-8	4527	125136	60	61
contig_14_22H3PE-8	190896	129759	60	61
contig_15_22H3PE-8	21627	323857	60	61
contig_16_22H3PE-8	239040	345865	60	61
contig_17_22H3PE-8	98817	588909	60	61
contig_18_22H3PE-8	49569	689393	60	61
contig_19_22H3PE-8	459620	739809	60	61
contig_2_22H3PE-8	18538	1207109	60	61
contig_20_22H3PE-8	80384	1225976	60	61
contig_21_22H3PE-8	41020	1307720	60	61
contig_22_22H3PE-8	204838	1349444	60	61
contig_23_22H3PE-8	15655	1557716	60	61
contig_24_22H3PE-8	12629	1573652	60	61
contig_25_22H3PE-8	19754	1586512	60	61
contig_26_22H3PE-8	524749	1606616	60	61
contig_27_22H3PE-8	31777	2140131	60	61
contig_28_22H3PE-8	26689	2172458	60	61
contig_29_22H3PE-8	6331	2199612	60	61
contig_3_22H3PE-8	805309	2206068	60	61
contig_30_22H3PE-8	98352	3024819	60	61
contig_31_22H3PE-8	10575	3124831	60	61
contig_32_22H3PE-8	18720	3135603	60	61
contig_33_22H3PE-8	20235	3154655	60	61
contig_34_22H3PE-8	5583	3175248	60	61
contig_35_22H3PE-8	9742	3180945	60	61
contig_36_22H3PE-8	9291	3190870	60	61
contig_37_22H3PE-8	84438	3200336	60	61
contig_38_22H3PE-8	370154	3286202	60	61
contig_39_22H3PE-8	362479	3662546	60	61
contig_4_22H3PE-8	1393781	4031086	60	61
contig_40_22H3PE-8	90418	5448117	60	61
contig_41_22H3PE-8	50126	5540062	60	61
contig_42_22H3PE-8	72390	5591044	60	61
contig_43_22H3PE-8	1736	5664661	60	61
contig_44_22H3PE-8	1750	5666446	60	61
contig_45_22H3PE-8	40616	5668246	60	61
contig_46_22H3PE-8	190015	5709559	60	61
contig_47_22H3PE-8	21289	5902761	60	61
contig_48_22H3PE-8	22662	5924425	60	61
contig_49_22H3PE-8	6830	5947485	60	61
contig_5_22H3PE-8	22774	5954448	60	61
contig_50_22H3PE-8	5237	5977622	60	61
contig_53_22H3PE-8	102842	5982967	60	61
contig_54_22H3PE-8	19940	6087544	60	61
contig_55_22H3PE-8	46986	6107837	60	61
contig_56_22H3PE-8	8607	6155627	60	61
contig_57_22H3PE-8	36836	6164398	60	61
contig_58_22H3PE-8	49903	6201868	60	61
contig_59_22H3PE-8	94578	6252623	60	61
contig_6_22H3PE-8	634693	6348797	60	61
contig_60_22H3PE-8	2594	6994089	60	61
contig_61_22H3PE-8	20859	6996747	60	61
contig_62_22H3PE-8	8882	7017974	60	61
contig_63_22H3PE-8	1341979	7027025	60	61
contig_64_22H3PE-8	30344	8391391	60	61
contig_65_22H3PE-8	25906	8422261	60	61
contig_66_22H3PE-8	22476	8448619	60	61
contig_67_22H3PE-8	10296	8471490	60	61
contig_68_22H3PE-8	36542	8481978	60	61
contig_7_22H3PE-8	5067	8519149	60	61
contig_70_22H3PE-8	28828	8524321	60	61
contig_71_22H3PE-8	8082	8553650	60	61
contig_72_22H3PE-8	78106	8561887	60	61
contig_73_22H3PE-8	325219	8641315	60	61
contig_74_22H3PE-8	39299	8971975	60	61
contig_75_22H3PE-8	49129	9011949	60	61
contig_76_22H3PE-8	18013	9061917	60	61
contig_77_22H3PE-8	14648	9080251	60	61
contig_78_22H3PE-8	63680	9095164	60	61
contig_79_22H3PE-8	29331	9159926	60	61
contig_8_22H3PE-8	5072	9189765	60	61
contig_80_22H3PE-8	12060	9194942	60	61
contig_81_22H3PE-8	23202	9207223	60	61
contig_82_22H3PE-8	89262	9230832	60	61
contig_83_22H3PE-8	27727	9321602	60	61
contig_84_22H3PE-8	28448	9349812	60	61
contig_9_22H3PE-8	6779	9378754	60	61
contig_1_22H3R2A-10	3591456	21	60	61
contig_1_22H3R2A-1	2576	20	60	61
contig_10_22H3R2A-1	9362	2660	60	61
contig_11_22H3R2A-1	8412	12200	60	61
contig_12_22H3R2A-1	18510	20774	60	61
contig_13_22H3R2A-1	6458	39614	60	61
contig_14_22H3R2A-1	4180	46201	60	61
contig_15_22H3R2A-1	14211	50472	60	61
contig_16_22H3R2A-1	17791	64941	60	61
contig_17_22H3R2A-1	16346	83050	60	61
contig_18_22H3R2A-1	7767	99690	60	61
contig_19_22H3R2A-1	33372	107608	60	61
contig_2_22H3R2A-1	9236	141557	60	61
contig_20_22H3R2A-1	14165	150968	60	61
contig_21_22H3R2A-1	15188	165391	60	61
contig_22_22H3R2A-1	20303	180854	60	61
contig_23_22H3R2A-1	38021	201517	60	61
contig_24_22H3R2A-1	4508	240193	60	61
contig_25_22H3R2A-1	13807	244798	60	61
contig_26_22H3R2A-1	10445	258857	60	61
contig_27_22H3R2A-1	18489	269498	60	61
contig_28_22H3R2A-1	2801	288317	60	61
contig_29_22H3R2A-1	7015	291186	60	61
contig_3_22H3R2A-1	17069	298338	60	61
contig_30_22H3R2A-1	12748	315713	60	61
contig_31_22H3R2A-1	2494	328695	60	61
contig_32_22H3R2A-1	47205	331252	60	61
contig_33_22H3R2A-1	8604	379265	60	61
contig_34_22H3R2A-1	9586	388034	60	61
contig_35_22H3R2A-1	6422	397801	60	61
contig_36_22H3R2A-1	10880	404352	60	61
contig_37_22H3R2A-1	16498	415435	60	61
contig_38_22H3R2A-1	19409	432229	60	61
contig_39_22H3R2A-1	15787	451983	60	61
contig_4_22H3R2A-1	12245	468054	60	61
contig_40_22H3R2A-1	6753	480525	60	61
contig_41_22H3R2A-1	8204	487412	60	61
contig_42_22H3R2A-1	4333	495774	60	61
contig_43_22H3R2A-1	20155	500201	60	61
contig_44_22H3R2A-1	14765	520713	60	61
contig_45_22H3R2A-1	6673	535746	60	61
contig_46_22H3R2A-1	7466	542552	60	61
contig_47_22H3R2A-1	13370	550164	60	61
contig_48_22H3R2A-1	2202	563778	60	61
contig_49_22H3R2A-1	73106	566038	60	61
contig_5_22H3R2A-1	11897	640383	60	61
contig_50_22H3R2A-1	21662	652500	60	61
contig_51_22H3R2A-1	13724	674545	60	61
contig_52_22H3R2A-1	7447	688519	60	61
contig_53_22H3R2A-1	27293	696112	60	61
contig_54_22H3R2A-1	9892	723881	60	61
contig_55_22H3R2A-1	14242	733959	60	61
contig_56_22H3R2A-1	31322	748460	60	61
contig_57_22H3R2A-1	45638	780326	60	61
contig_58_22H3R2A-1	56805	826746	60	61
contig_59_22H3R2A-1	10387	884519	60	61
contig_6_22H3R2A-1	7678	895100	60	61
contig_60_22H3R2A-1	15900	902927	60	61
contig_61_22H3R2A-1	17135	919113	60	61
contig_62_22H3R2A-1	7340	936555	60	61
contig_63_22H3R2A-1	14667	944039	60	61
contig_64_22H3R2A-1	26606	958972	60	61
contig_65_22H3R2A-1	12121	986043	60	61
contig_66_22H3R2A-1	19051	998388	60	61
contig_67_22H3R2A-1	9616	1017778	60	61
contig_68_22H3R2A-1	20911	1027576	60	61
contig_69_22H3R2A-1	19776	1048857	60	61
contig_7_22H3R2A-1	17805	1068983	60	61
contig_70_22H3R2A-1	26795	1087106	60	61
contig_71_22H3R2A-1	19931	1114369	60	61
contig_72_22H3R2A-1	28501	1134654	60	61
contig_73_22H3R2A-1	12548	1163652	60	61
contig_74_22H3R2A-1	21884	1176431	60	61
contig_75_22H3R2A-1	13004	1198701	60	61
contig_76_22H3R2A-1	23096	1211943	60	61
contig_77_22H3R2A-1	21908	1235445	60	61
contig_78_22H3R2A-1	7578	1257740	60	61
contig_79_22H3R2A-1	39501	1265466	60	61
contig_8_22H3R2A-1	22922	1305646	60	61
contig_80_22H3R2A-1	15148	1328972	60	61
contig_81_22H3R2A-1	6270	1344394	60	61
contig_82_22H3R2A-1	9814	1350790	60	61
contig_83_22H3R2A-1	2362	1360789	60	61
contig_84_22H3R2A-1	2449	1363212	60	61
contig_85_22H3R2A-1	12791	1365723	60	61
contig_86_22H3R2A-1	10990	1378749	60	61
contig_87_22H3R2A-1	13173	1389944	60	61
contig_88_22H3R2A-1	23453	1403358	60	61
contig_89_22H3R2A-1	7481	1427223	60	61
contig_9_22H3R2A-1	29510	1434849	60	61
contig_90_22H3R2A-1	3459	1464872	60	61
contig_91_22H3R2A-1	6222	1468410	60	61
contig_92_22H3R2A-1	11471	1474757	60	61
contig_93_22H3R2A-1	8173	1486441	60	61
contig_94_22H3R2A-1	9256	1494772	60	61
contig_95_22H3R2A-1	5099	1504204	60	61
contig_96_22H3R2A-1	17806	1509409	60	61
contig_2_22H3R2A-2	3084	20	60	61
contig_3_22H3R2A-2	4399579	3176	60	61
contig_4_22H3R2A-2	5643	4476102	60	61
contig_6_22H3R2A-2	95827	4481860	60	61
contig_1_22H3R2A-3	4652144	20	60	61
contig_2_22H3R2A-3	2620	4729720	60	61
contig_3_22H3R2A-4	4151018	20	60	61
contig_6_22H3R2A-4	113713	4220242	60	61
contig_7_22H3R2A-4	71907	4335871	60	61
contig_1_22H3R2A-5	3591067	20	60	61
contig_1_22H3R2A-6	1260850	20	60	61
contig_2_22H3R2A-6	2215924	1281905	60	61
contig_3_22H3R2A-6	2647326	3534782	60	61
contig_6_22H3R2A-6	1123	6226251	60	61
contig_7_22H3R2A-6	61402	6227413	60	61
contig_8_22H3R2A-6	31097	6289859	60	61
contig_1_22H3R2A-7	40602	20	60	61
contig_10_22H3R2A-7	306113	41320	60	61
contig_11_22H3R2A-7	22608	352556	60	61
contig_12_22H3R2A-7	118035	375562	60	61
contig_13_22H3R2A-7	196675	495586	60	61
contig_14_22H3R2A-7	169347	695560	60	61
contig_15_22H3R2A-7	180735	867751	60	61
contig_16_22H3R2A-7	44666	1051520	60	61
contig_17_22H3R2A-7	7741	1096952	60	61
contig_18_22H3R2A-7	31772	1104844	60	61
contig_19_22H3R2A-7	45051	1137167	60	61
contig_2_22H3R2A-7	462121	1182989	60	61
contig_20_22H3R2A-7	84821	1652834	60	61
contig_21_22H3R2A-7	243485	1739090	60	61
contig_22_22H3R2A-7	130675	1986655	60	61
contig_23_22H3R2A-7	82936	2119529	60	61
contig_24_22H3R2A-7	40208	2203869	60	61
contig_25_22H3R2A-7	96671	2244769	60	61
contig_28_22H3R2A-7	161272	2343073	60	61
contig_29_22H3R2A-7	245171	2507054	60	61
contig_3_22H3R2A-7	292848	2756332	60	61
contig_32_22H3R2A-7	47079	3054082	60	61
contig_33_22H3R2A-7	9201	3101967	60	61
contig_34_22H3R2A-7	56730	3111343	60	61
contig_35_22H3R2A-7	92310	3169040	60	61
contig_36_22H3R2A-7	53950	3262910	60	61
contig_37_22H3R2A-7	3049	3317781	60	61
contig_38_22H3R2A-7	72357	3320902	60	61
contig_39_22H3R2A-7	13366	3394486	60	61
contig_4_22H3R2A-7	70136	3408095	60	61
contig_40_22H3R2A-7	7114	3479421	60	61
contig_41_22H3R2A-7	2809	3486675	60	61
contig_42_22H3R2A-7	28316	3489552	60	61
contig_44_22H3R2A-7	6054	3518361	60	61
contig_45_22H3R2A-7	19576	3524537	60	61
contig_46_22H3R2A-7	57626	3544461	60	61
contig_47_22H3R2A-7	85631	3603069	60	61
contig_48_22H3R2A-7	120979	3690149	60	61
contig_49_22H3R2A-7	10526	3813166	60	61
contig_5_22H3R2A-7	17890	3823888	60	61
contig_50_22H3R2A-7	26956	3842098	60	61
contig_51_22H3R2A-7	49025	3869525	60	61
contig_52_22H3R2A-7	8045	3919389	60	61
contig_53_22H3R2A-7	13899	3927590	60	61
contig_54_22H3R2A-7	9708	3941742	60	61
contig_55_22H3R2A-7	16721	3951633	60	61
contig_56_22H3R2A-7	80582	3968654	60	61
contig_57_22H3R2A-7	15782	4050601	60	61
contig_58_22H3R2A-7	28592	4066668	60	61
contig_59_22H3R2A-7	7628	4095758	60	61
contig_6_22H3R2A-7	5162	4103534	60	61
contig_60_22H3R2A-7	5056	4108804	60	61
contig_61_22H3R2A-7	2526	4113966	60	61
contig_62_22H3R2A-7	2619	4116556	60	61
contig_63_22H3R2A-7	49455	4119240	60	61
contig_7_22H3R2A-7	46986	4169540	60	61
contig_8_22H3R2A-7	138461	4217330	60	61
contig_9_22H3R2A-7	32505	4358119	60	61
contig_1_22H3R2A-8	3643339	20	60	61
contig_1_22H3R2A-9	3590736	20	60	61
contig_1_22H3S1G-1	43383	20	60	61
contig_10_22H3S1G-1	4506	44148	60	61
contig_100_22H3S1G-1	8362	48752	60	61
contig_101_22H3S1G-1	2352	57276	60	61
contig_102_22H3S1G-1	2876	59690	60	61
contig_103_22H3S1G-1	9679	62636	60	61
contig_104_22H3S1G-1	2275	72499	60	61
contig_105_22H3S1G-1	25669	74834	60	61
contig_106_22H3S1G-1	3151	100953	60	61
contig_107_22H3S1G-1	7394	104179	60	61
contig_108_22H3S1G-1	8549	111719	60	61
contig_109_22H3S1G-1	5484	120433	60	61
contig_11_22H3S1G-1	30328	126030	60	61
contig_110_22H3S1G-1	4758	156886	60	61
contig_111_22H3S1G-1	5340	161746	60	61
contig_113_22H3S1G-1	20265	167197	60	61
contig_114_22H3S1G-1	2858	187822	60	61
contig_115_22H3S1G-1	2307	190750	60	61
contig_116_22H3S1G-1	2765	193118	60	61
contig_117_22H3S1G-1	2843	195952	60	61
contig_118_22H3S1G-1	3666	198865	60	61
contig_119_22H3S1G-1	38867	202615	60	61
contig_12_22H3S1G-1	22576	242151	60	61
contig_120_22H3S1G-1	3411	265126	60	61
contig_121_22H3S1G-1	8029	268616	60	61
contig_122_22H3S1G-1	2620	276801	60	61
contig_123_22H3S1G-1	3428	279487	60	61
contig_124_22H3S1G-1	13372	282995	60	61
contig_125_22H3S1G-1	26045	296612	60	61
contig_126_22H3S1G-1	14082	323114	60	61
contig_127_22H3S1G-1	26819	337453	60	61
contig_128_22H3S1G-1	44888	364741	60	61
contig_129_22H3S1G-1	6922	410400	60	61
contig_13_22H3S1G-1	7298	417459	60	61
contig_130_22H3S1G-1	78227	424901	60	61
contig_131_22H3S1G-1	7999	504454	60	61
contig_132_22H3S1G-1	13676	512609	60	61
contig_133_22H3S1G-1	59284	526535	60	61
contig_134_22H3S1G-1	18243	586830	60	61
contig_135_22H3S1G-1	57048	605400	60	61
contig_136_22H3S1G-1	35355	663421	60	61
contig_137_22H3S1G-1	4190	699388	60	61
contig_138_22H3S1G-1	1808	703670	60	61
contig_14_22H3S1G-1	18996	705530	60	61
contig_140_22H3S1G-1	6257	724865	60	61
contig_141_22H3S1G-1	39710	731249	60	61
contig_142_22H3S1G-1	34081	771643	60	61
contig_143_22H3S1G-1	51276	806315	60	61
contig_144_22H3S1G-1	6318	858468	60	61
contig_145_22H3S1G-1	41436	864914	60	61
contig_146_22H3S1G-1	4433	907063	60	61
contig_147_22H3S1G-1	12086	911592	60	61
contig_148_22H3S1G-1	16588	923902	60	61
contig_149_22H3S1G-1	22611	940789	60	61
contig_15_22H3S1G-1	11275	963798	60	61
contig_150_22H3S1G-1	14284	975283	60	61
contig_151_22H3S1G-1	24902	989828	60	61
contig_152_22H3S1G-1	18374	1015168	60	61
contig_153_22H3S1G-1	34371	1033871	60	61
contig_154_22H3S1G-1	67398	1068837	60	61
contig_155_22H3S1G-1	29846	1137381	60	61
contig_156_22H3S1G-1	23029	1167747	60	61
contig_157_22H3S1G-1	8245	1191182	60	61
contig_158_22H3S1G-1	10520	1199587	60	61
contig_159_22H3S1G-1	14095	1210305	60	61
contig_16_22H3S1G-1	4318	1224656	60	61
contig_160_22H3S1G-1	33408	1229068	60	61
contig_161_22H3S1G-1	30177	1263055	60	61
contig_162_22H3S1G-1	82523	1293757	60	61
contig_163_22H3S1G-1	40415	1377678	60	61
contig_164_22H3S1G-1	69053	1418789	60	61
contig_165_22H3S1G-1	8105	1489015	60	61
contig_166_22H3S1G-1	6381	1497278	60	61
contig_167_22H3S1G-1	19634	1503788	60	61
contig_168_22H3S1G-1	20428	1523772	60	61
contig_169_22H3S1G-1	25309	1544563	60	61
contig_17_22H3S1G-1	25714	1570315	60	61
contig_170_22H3S1G-1	23267	1596480	60	61
contig_171_22H3S1G-1	48034	1620157	60	61
contig_172_22H3S1G-1	23478	1669014	60	61
contig_173_22H3S1G-1	18650	1692906	60	61
contig_174_22H3S1G-1	23130	1711889	60	61
contig_175_22H3S1G-1	110019	1735427	60	61
contig_176_22H3S1G-1	21922	1847302	60	61
contig_177_22H3S1G-1	67353	1869612	60	61
contig_178_22H3S1G-1	12528	1938110	60	61
contig_179_22H3S1G-1	39358	1950869	60	61
contig_18_22H3S1G-1	11961	1990904	60	61
contig_180_22H3S1G-1	25835	2003087	60	61
contig_181_22H3S1G-1	71825	2029375	60	61
contig_182_22H3S1G-1	20955	2102420	60	61
contig_183_22H3S1G-1	43111	2123747	60	61
contig_184_22H3S1G-1	68679	2167599	60	61
contig_185_22H3S1G-1	78790	2237445	60	61
contig_186_22H3S1G-1	37596	2317571	60	61
contig_187_22H3S1G-1	26120	2355816	60	61
contig_188_22H3S1G-1	12302	2382394	60	61
contig_189_22H3S1G-1	20920	2394924	60	61
contig_19_22H3S1G-1	26846	2416214	60	61
contig_190_22H3S1G-1	93945	2443530	60	61
contig_191_22H3S1G-1	18171	2539063	60	61
contig_192_22H3S1G-1	35515	2557559	60	61
contig_193_22H3S1G-1	18619	2593688	60	61
contig_194_22H3S1G-1	32371	2612640	60	61
contig_195_22H3S1G-1	72791	2645573	60	61
contig_196_22H3S1G-1	29659	2719600	60	61
contig_197_22H3S1G-1	32710	2749776	60	61
contig_198_22H3S1G-1	47977	2783054	60	61
contig_199_22H3S1G-1	19772	2831853	60	61
contig_2_22H3S1G-1	3273	2851975	60	61
contig_20_22H3S1G-1	8245	2855324	60	61
contig_200_22H3S1G-1	30743	2863729	60	61
contig_201_22H3S1G-1	71261	2895007	60	61
contig_202_22H3S1G-1	21803	2967478	60	61
contig_203_22H3S1G-1	22633	2989667	60	61
contig_204_22H3S1G-1	89987	3012700	60	61
contig_205_22H3S1G-1	27081	3104209	60	61
contig_206_22H3S1G-1	20861	3131764	60	61
contig_207_22H3S1G-1	47392	3152995	60	61
contig_208_22H3S1G-1	54233	3201199	60	61
contig_209_22H3S1G-1	20739	3256358	60	61
contig_21_22H3S1G-1	15516	3277464	60	61
contig_210_22H3S1G-1	65484	3293261	60	61
contig_211_22H3S1G-1	47510	3359859	60	61
contig_212_22H3S1G-1	7471	3408183	60	61
contig_213_22H3S1G-1	23676	3415801	60	61
contig_214_22H3S1G-1	53402	3439894	60	61
contig_22_22H3S1G-1	7065	3494208	60	61
contig_23_22H3S1G-1	22931	3501412	60	61
contig_24_22H3S1G-1	4224	3524747	60	61
contig_25_22H3S1G-1	12678	3529063	60	61
contig_26_22H3S1G-1	48917	3541974	60	61
contig_27_22H3S1G-1	3625	3591728	60	61
contig_28_22H3S1G-1	15294	3595435	60	61
contig_29_22H3S1G-1	1532	3611005	60	61
contig_3_22H3S1G-1	27030	3612583	60	61
contig_30_22H3S1G-1	990	3640085	60	61
contig_31_22H3S1G-1	5388	3641113	60	61
contig_32_22H3S1G-1	21833	3646612	60	61
contig_33_22H3S1G-1	8657	3668830	60	61
contig_34_22H3S1G-1	9806	3677653	60	61
contig_35_22H3S1G-1	19942	3687644	60	61
contig_36_22H3S1G-1	18790	3707940	60	61
contig_37_22H3S1G-1	15018	3727065	60	61
contig_38_22H3S1G-1	18931	3742355	60	61
contig_39_22H3S1G-1	13581	3761623	60	61
contig_4_22H3S1G-1	13443	3775451	60	61
contig_40_22H3S1G-1	30217	3789140	60	61
contig_41_22H3S1G-1	10310	3819882	60	61
contig_42_22H3S1G-1	79537	3830385	60	61
contig_43_22H3S1G-1	57867	3911269	60	61
contig_44_22H3S1G-1	22012	3970122	60	61
contig_45_22H3S1G-1	20604	3992522	60	61
contig_46_22H3S1G-1	19327	4013491	60	61
contig_47_22H3S1G-1	3006	4033162	60	61
contig_48_22H3S1G-1	8704	4036240	60	61
contig_49_22H3S1G-1	38207	4045111	60	61
contig_5_22H3S1G-1	16847	4083975	60	61
contig_50_22H3S1G-1	16992	4101124	60	61
contig_51_22H3S1G-1	10364	4118421	60	61
contig_52_22H3S1G-1	8021	4128979	60	61
contig_53_22H3S1G-1	11640	4137155	60	61
contig_54_22H3S1G-1	8112	4149010	60	61
contig_55_22H3S1G-1	11260	4157279	60	61
contig_56_22H3S1G-1	3251	4168748	60	61
contig_57_22H3S1G-1	18255	4172075	60	61
contig_58_22H3S1G-1	2462	4190656	60	61
contig_59_22H3S1G-1	4262	4193181	60	61
contig_6_22H3S1G-1	44709	4197535	60	61
contig_60_22H3S1G-1	5787	4243011	60	61
contig_61_22H3S1G-1	9031	4248916	60	61
contig_62_22H3S1G-1	5312	4258119	60	61
contig_63_22H3S1G-1	5548	4263541	60	61
contig_64_22H3S1G-1	4854	4269203	60	61
contig_65_22H3S1G-1	12715	4274159	60	61
contig_66_22H3S1G-1	13274	4287107	60	61
contig_67_22H3S1G-1	20066	4300624	60	61
contig_68_22H3S1G-1	2462	4321046	60	61
contig_69_22H3S1G-1	5865	4323571	60	61
contig_7_22H3S1G-1	38535	4329554	60	61
contig_70_22H3S1G-1	51448	4368753	60	61
contig_71_22H3S1G-1	12136	4421080	60	61
contig_72_22H3S1G-1	2778	4433440	60	61
contig_73_22H3S1G-1	9508	4436286	60	61
contig_74_22H3S1G-1	27875	4445974	60	61
contig_75_22H3S1G-1	10356	4474335	60	61
contig_76_22H3S1G-1	6807	4484885	60	61
contig_77_22H3S1G-1	6573	4491827	60	61
contig_78_22H3S1G-1	14983	4498531	60	61
contig_79_22H3S1G-1	35838	4513785	60	61
contig_8_22H3S1G-1	1321	4550241	60	61
contig_80_22H3S1G-1	4286	4551606	60	61
contig_81_22H3S1G-1	18765	4555985	60	61
contig_82_22H3S1G-1	3893	4575084	60	61
contig_83_22H3S1G-1	4293	4579063	60	61
contig_84_22H3S1G-1	2463	4583449	60	61
contig_85_22H3S1G-1	3069	4585975	60	61
contig_86_22H3S1G-1	18363	4589117	60	61
contig_87_22H3S1G-1	7553	4607808	60	61
contig_88_22H3S1G-1	2621	4615508	60	61
contig_89_22H3S1G-1	7607	4618194	60	61
contig_9_22H3S1G-1	38352	4625948	60	61
contig_90_22H3S1G-1	11499	4664961	60	61
contig_91_22H3S1G-1	2734	4676673	60	61
contig_92_22H3S1G-1	12877	4679474	60	61
contig_93_22H3S1G-1	5707	4692587	60	61
contig_94_22H3S1G-1	15253	4698411	60	61
contig_95_22H3S1G-1	3236	4713940	60	61
contig_96_22H3S1G-1	5136	4717251	60	61
contig_97_22H3S1G-1	2760	4722494	60	61
contig_98_22H3S1G-1	2364	4725321	60	61
contig_99_22H3S1G-1	4916	4727746	60	61
contig_1_22H3S1G-2	37875	20	60	61
contig_10_22H3S1G-2	57947	38548	60	61
contig_11_22H3S1G-2	20203	97482	60	61
contig_12_22H3S1G-2	149338	118043	60	61
contig_13_22H3S1G-2	397607	269891	60	61
contig_14_22H3S1G-2	215314	674146	60	61
contig_15_22H3S1G-2	568276	893070	60	61
contig_16_22H3S1G-2	63835	1470839	60	61
contig_17_22H3S1G-2	152678	1535759	60	61
contig_18_22H3S1G-2	3880	1691003	60	61
contig_19_22H3S1G-2	3397	1694969	60	61
contig_2_22H3S1G-2	15635	1698443	60	61
contig_20_22H3S1G-2	124221	1714360	60	61
contig_21_22H3S1G-2	78910	1840673	60	61
contig_22_22H3S1G-2	44304	1920920	60	61
contig_23_22H3S1G-2	142611	1965984	60	61
contig_24_22H3S1G-2	61813	2110993	60	61
contig_25_22H3S1G-2	66432	2173858	60	61
contig_26_22H3S1G-2	10938	2241419	60	61
contig_27_22H3S1G-2	68093	2252561	60	61
contig_28_22H3S1G-2	26592	2321810	60	61
contig_29_22H3S1G-2	72642	2348867	60	61
contig_3_22H3S1G-2	5039	2422740	60	61
contig_30_22H3S1G-2	17348	2427884	60	61
contig_31_22H3S1G-2	12298	2445543	60	61
contig_32_22H3S1G-2	98710	2458067	60	61
contig_33_22H3S1G-2	39822	2558444	60	61
contig_34_22H3S1G-2	25778	2598951	60	61
contig_35_22H3S1G-2	8155	2625180	60	61
contig_36_22H3S1G-2	83338	2633492	60	61
contig_37_22H3S1G-2	8490	2718240	60	61
contig_38_22H3S1G-2	2556	2726893	60	61
contig_39_22H3S1G-2	16209	2729513	60	61
contig_4_22H3S1G-2	155375	2746013	60	61
contig_40_22H3S1G-2	8199	2903999	60	61
contig_41_22H3S1G-2	2962	2912356	60	61
contig_42_22H3S1G-2	130043	2915389	60	61
contig_43_22H3S1G-2	2387	3047621	60	61
contig_44_22H3S1G-2	2502	3050069	60	61
contig_45_22H3S1G-2	2559	3052634	60	61
contig_46_22H3S1G-2	4636	3055257	60	61
contig_47_22H3S1G-2	61191	3059992	60	61
contig_48_22H3S1G-2	67660	3122224	60	61
contig_49_22H3S1G-2	97358	3191033	60	61
contig_5_22H3S1G-2	603172	3290034	60	61
contig_50_22H3S1G-2	144911	3903280	60	61
contig_51_22H3S1G-2	286083	4050628	60	61
contig_52_22H3S1G-2	91199	4341501	60	61
contig_53_22H3S1G-2	96341	4434241	60	61
contig_54_22H3S1G-2	33849	4532209	60	61
contig_55_22H3S1G-2	16918	4566644	60	61
contig_56_22H3S1G-2	62200	4583865	60	61
contig_57_22H3S1G-2	132224	4647123	60	61
contig_58_22H3S1G-2	51939	4781572	60	61
contig_59_22H3S1G-2	5436	4834398	60	61
contig_6_22H3S1G-2	65267	4839945	60	61
contig_60_22H3S1G-2	2842	4906321	60	61
contig_7_22H3S1G-2	7465	4909231	60	61
contig_9_22H3S1G-2	157466	4916841	60	61
contig_1_22H3S1G-3	4995	20	60	61
contig_10_22H3S1G-3	1441	5120	60	61
contig_100_22H3S1G-3	27590	6608	60	61
contig_101_22H3S1G-3	3717	34680	60	61
contig_102_22H3S1G-3	9870	38481	60	61
contig_103_22H3S1G-3	5695	48538	60	61
contig_104_22H3S1G-3	14285	54350	60	61
contig_105_22H3S1G-3	12240	68896	60	61
contig_106_22H3S1G-3	25458	81362	60	61
contig_107_22H3S1G-3	26514	107267	60	61
contig_108_22H3S1G-3	3561	134245	60	61
contig_109_22H3S1G-3	5897	137888	60	61
contig_11_22H3S1G-3	10968	143905	60	61
contig_110_22H3S1G-3	3842	155078	60	61
contig_111_22H3S1G-3	6952	159007	60	61
contig_112_22H3S1G-3	10408	166097	60	61
contig_113_22H3S1G-3	23388	176701	60	61
contig_114_22H3S1G-3	13342	200501	60	61
contig_115_22H3S1G-3	3789	214088	60	61
contig_116_22H3S1G-3	17387	217963	60	61
contig_117_22H3S1G-3	8090	235662	60	61
contig_118_22H3S1G-3	2614	243909	60	61
contig_119_22H3S1G-3	6927	246589	60	61
contig_12_22H3S1G-3	1905	253653	60	61
contig_120_22H3S1G-3	7864	255612	60	61
contig_121_22H3S1G-3	5534	263630	60	61
contig_122_22H3S1G-3	20823	269279	60	61
contig_123_22H3S1G-3	12452	290472	60	61
contig_124_22H3S1G-3	9890	303154	60	61
contig_125_22H3S1G-3	33744	313231	60	61
contig_126_22H3S1G-3	9705	347560	60	61
contig_127_22H3S1G-3	5593	357449	60	61
contig_128_22H3S1G-3	33880	363158	60	61
contig_129_22H3S1G-3	21921	397625	60	61
contig_13_22H3S1G-3	12185	419933	60	61
contig_130_22H3S1G-3	2748	432344	60	61
contig_131_22H3S1G-3	11106	435160	60	61
contig_132_22H3S1G-3	3165	446474	60	61
contig_133_22H3S1G-3	14032	449714	60	61
contig_134_22H3S1G-3	20640	464002	60	61
contig_135_22H3S1G-3	8969	485008	60	61
contig_136_22H3S1G-3	4398	494149	60	61
contig_137_22H3S1G-3	19314	498643	60	61
contig_138_22H3S1G-3	17386	518301	60	61
contig_139_22H3S1G-3	11684	535999	60	61
contig_14_22H3S1G-3	11649	547899	60	61
contig_140_22H3S1G-3	4164	559765	60	61
contig_141_22H3S1G-3	26265	564021	60	61
contig_142_22H3S1G-3	24067	590746	60	61
contig_143_22H3S1G-3	13378	615237	60	61
contig_144_22H3S1G-3	15319	628860	60	61
contig_15_22H3S1G-3	4993	644456	60	61
contig_16_22H3S1G-3	6290	649554	60	61
contig_17_22H3S1G-3	18755	655970	60	61
contig_18_22H3S1G-3	22656	675059	60	61
contig_19_22H3S1G-3	8793	698114	60	61
contig_2_22H3S1G-3	3955	707074	60	61
contig_20_22H3S1G-3	11313	711116	60	61
contig_21_22H3S1G-3	15253	722639	60	61
contig_22_22H3S1G-3	7193	738168	60	61
contig_23_22H3S1G-3	2774	745502	60	61
contig_24_22H3S1G-3	8776	748344	60	61
contig_25_22H3S1G-3	16456	757288	60	61
contig_26_22H3S1G-3	2422	774040	60	61
contig_27_22H3S1G-3	2563	776524	60	61
contig_28_22H3S1G-3	5980	779151	60	61
contig_29_22H3S1G-3	4147	785252	60	61
contig_3_22H3S1G-3	9399	789489	60	61
contig_30_22H3S1G-3	4749	799066	60	61
contig_31_22H3S1G-3	36749	803916	60	61
contig_32_22H3S1G-3	2815	841299	60	61
contig_33_22H3S1G-3	7701	844182	60	61
contig_34_22H3S1G-3	3539	852033	60	61
contig_35_22H3S1G-3	2245	855652	60	61
contig_36_22H3S1G-3	10328	857956	60	61
contig_37_22H3S1G-3	2287	868478	60	61
contig_38_22H3S1G-3	3910	870825	60	61
contig_39_22H3S1G-3	17652	874822	60	61
contig_4_22H3S1G-3	11262	892789	60	61
contig_40_22H3S1G-3	12646	904260	60	61
contig_41_22H3S1G-3	4316	917138	60	61
contig_42_22H3S1G-3	3738	921547	60	61
contig_43_22H3S1G-3	4694	925369	60	61
contig_44_22H3S1G-3	17270	930163	60	61
contig_45_22H3S1G-3	14167	947742	60	61
contig_46_22H3S1G-3	19885	962167	60	61
contig_47_22H3S1G-3	5180	982405	60	61
contig_48_22H3S1G-3	2345	987693	60	61
contig_49_22H3S1G-3	18089	990099	60	61
contig_5_22H3S1G-3	6654	1008510	60	61
contig_50_22H3S1G-3	8613	1015296	60	61
contig_51_22H3S1G-3	4852	1024074	60	61
contig_52_22H3S1G-3	5489	1029028	60	61
contig_53_22H3S1G-3	4041	1034630	60	61
contig_54_22H3S1G-3	12439	1038760	60	61
contig_55_22H3S1G-3	2614	1051428	60	61
contig_56_22H3S1G-3	2463	1054107	60	61
contig_57_22H3S1G-3	4089	1056633	60	61
contig_58_22H3S1G-3	15838	1060812	60	61
contig_59_22H3S1G-3	9487	1076935	60	61
contig_6_22H3S1G-3	24046	1086601	60	61
contig_60_22H3S1G-3	3040	1111069	60	61
contig_61_22H3S1G-3	6656	1114181	60	61
contig_62_22H3S1G-3	16274	1120969	60	61
contig_63_22H3S1G-3	7608	1137536	60	61
contig_64_22H3S1G-3	2864	1145292	60	61
contig_65_22H3S1G-3	2452	1148225	60	61
contig_66_22H3S1G-3	9119	1150739	60	61
contig_67_22H3S1G-3	2445	1160031	60	61
contig_68_22H3S1G-3	2256	1162538	60	61
contig_69_22H3S1G-3	4449	1164853	60	61
contig_7_22H3S1G-3	8129	1169397	60	61
contig_70_22H3S1G-3	4345	1177683	60	61
contig_71_22H3S1G-3	22989	1182122	60	61
contig_72_22H3S1G-3	3033	1205516	60	61
contig_73_22H3S1G-3	2333	1208621	60	61
contig_74_22H3S1G-3	11787	1211014	60	61
contig_75_22H3S1G-3	2987	1223019	60	61
contig_76_22H3S1G-3	5890	1226077	60	61
contig_77_22H3S1G-3	6049	1232087	60	61
contig_78_22H3S1G-3	6651	1238258	60	61
contig_79_22H3S1G-3	4423	1245041	60	61
contig_8_22H3S1G-3	37548	1249558	60	61
contig_80_22H3S1G-3	6532	1287753	60	61
contig_81_22H3S1G-3	6453	1294415	60	61
contig_82_22H3S1G-3	19002	1300997	60	61
contig_83_22H3S1G-3	3193	1320337	60	61
contig_84_22H3S1G-3	10847	1323605	60	61
contig_85_22H3S1G-3	4215	1334654	60	61
contig_86_22H3S1G-3	5515	1338961	60	61
contig_87_22H3S1G-3	9085	1344589	60	61
contig_88_22H3S1G-3	38223	1353847	60	61
contig_89_22H3S1G-3	5419	1392729	60	61
contig_9_22H3S1G-3	3815	1398259	60	61
contig_90_22H3S1G-3	3562	1402159	60	61
contig_91_22H3S1G-3	6220	1405802	60	61
contig_92_22H3S1G-3	3667	1412147	60	61
contig_93_22H3S1G-3	17395	1415897	60	61
contig_94_22H3S1G-3	2699	1433603	60	61
contig_95_22H3S1G-3	2398	1436368	60	61
contig_96_22H3S1G-3	9855	1438827	60	61
contig_97_22H3S1G-3	8485	1448868	60	61
contig_98_22H3S1G-3	13598	1457516	60	61
contig_99_22H3S1G-3	2737	1471362	60	61
contig_1_22H3VL55-1	10229	21	60	61
contig_10_22H3VL55-1	39139	10443	60	61
contig_11_22H3VL55-1	15098	50257	60	61
contig_12_22H3VL55-1	55301	65629	60	61
contig_13_22H3VL55-1	31659	121874	60	61
contig_14_22H3VL55-1	13755	154083	60	61
contig_2_22H3VL55-1	12423	168089	60	61
contig_3_22H3VL55-1	34293	180741	60	61
contig_4_22H3VL55-1	51890	215627	60	61
contig_5_22H3VL55-1	7151	268403	60	61
contig_6_22H3VL55-1	31427	275695	60	61
contig_7_22H3VL55-1	20502	307667	60	61
contig_8_22H3VL55-1	4155	328532	60	61
contig_9_22H3VL55-1	8937	332778	60	61
contig_1_22H3VL55-2	4158	21	60	61
contig_10_22H3VL55-2	4357	4271	60	61
contig_100_22H3VL55-2	273951	8724	60	61
contig_101_22H3VL55-2	119383	287264	60	61
contig_11_22H3VL55-2	131120	408659	60	61
contig_12_22H3VL55-2	6774	541987	60	61
contig_13_22H3VL55-2	5784	548896	60	61
contig_14_22H3VL55-2	5067	554799	60	61
contig_15_22H3VL55-2	53391	559973	60	61
contig_16_22H3VL55-2	57319	614276	60	61
contig_17_22H3VL55-2	192755	672573	60	61
contig_18_22H3VL55-2	11469	868563	60	61
contig_19_22H3VL55-2	13780	880246	60	61
contig_2_22H3VL55-2	41391	894277	60	61
contig_20_22H3VL55-2	69268	936380	60	61
contig_21_22H3VL55-2	30370	1006825	60	61
contig_22_22H3VL55-2	9601	1037724	60	61
contig_23_22H3VL55-2	145877	1047508	60	61
contig_24_22H3VL55-2	10162	1195839	60	61
contig_25_22H3VL55-2	31663	1206193	60	61
contig_26_22H3VL55-2	74534	1238406	60	61
contig_27_22H3VL55-2	93895	1314205	60	61
contig_28_22H3VL55-2	10132	1409687	60	61
contig_29_22H3VL55-2	101314	1420010	60	61
contig_3_22H3VL55-2	13675	1523034	60	61
contig_30_22H3VL55-2	66516	1536959	60	61
contig_31_22H3VL55-2	62327	1604606	60	61
contig_32_22H3VL55-2	56476	1667994	60	61
contig_33_22H3VL55-2	9391	1725434	60	61
contig_34_22H3VL55-2	13396	1735004	60	61
contig_35_22H3VL55-2	80895	1748646	60	61
contig_36_22H3VL55-2	21319	1830912	60	61
contig_37_22H3VL55-2	24794	1852609	60	61
contig_38_22H3VL55-2	58814	1877839	60	61
contig_39_22H3VL55-2	178379	1937656	60	61
contig_4_22H3VL55-2	37830	2119029	60	61
contig_40_22H3VL55-2	141564	2157512	60	61
contig_41_22H3VL55-2	51092	2301458	60	61
contig_42_22H3VL55-2	22466	2353424	60	61
contig_43_22H3VL55-2	20774	2376287	60	61
contig_44_22H3VL55-2	51346	2397430	60	61
contig_45_22H3VL55-2	53054	2449654	60	61
contig_46_22H3VL55-2	16773	2503615	60	61
contig_47_22H3VL55-2	28953	2520690	60	61
contig_48_22H3VL55-2	17547	2550148	60	61
contig_49_22H3VL55-2	67318	2568010	60	61
contig_5_22H3VL55-2	12261	2636471	60	61
contig_50_22H3VL55-2	87272	2648959	60	61
contig_51_22H3VL55-2	42033	2737708	60	61
contig_52_22H3VL55-2	15028	2780464	60	61
contig_53_22H3VL55-2	29243	2795765	60	61
contig_54_22H3VL55-2	136311	2825518	60	61
contig_55_22H3VL55-2	11520	2964123	60	61
contig_56_22H3VL55-2	175965	2975857	60	61
contig_57_22H3VL55-2	33986	3154777	60	61
contig_58_22H3VL55-2	123048	3189352	60	61
contig_59_22H3VL55-2	18749	3314473	60	61
contig_6_22H3VL55-2	5350	3333556	60	61
contig_60_22H3VL55-2	227298	3339018	60	61
contig_61_22H3VL55-2	115542	3570127	60	61
contig_62_22H3VL55-2	47852	3687617	60	61
contig_63_22H3VL55-2	58870	3736289	60	61
contig_64_22H3VL55-2	19232	3796163	60	61
contig_65_22H3VL55-2	48671	3815738	60	61
contig_66_22H3VL55-2	61693	3865243	60	61
contig_67_22H3VL55-2	47618	3927987	60	61
contig_68_22H3VL55-2	17226	3976421	60	61
contig_69_22H3VL55-2	32174	3993957	60	61
contig_7_22H3VL55-2	9428	4026689	60	61
contig_70_22H3VL55-2	5536	4036297	60	61
contig_71_22H3VL55-2	31298	4041948	60	61
contig_72_22H3VL55-2	58354	4073790	60	61
contig_73_22H3VL55-2	7864	4133139	60	61
contig_74_22H3VL55-2	13540	4141157	60	61
contig_75_22H3VL55-2	2580	4154945	60	61
contig_76_22H3VL55-2	74286	4157590	60	61
contig_77_22H3VL55-2	48312	4233137	60	61
contig_78_22H3VL55-2	20018	4282277	60	61
contig_79_22H3VL55-2	4956	4302651	60	61
contig_8_22H3VL55-2	19328	4307711	60	61
contig_80_22H3VL55-2	4867	4327384	60	61
contig_81_22H3VL55-2	52134	4332355	60	61
contig_82_22H3VL55-2	21696	4385380	60	61
contig_83_22H3VL55-2	9993	4407460	60	61
contig_84_22H3VL55-2	78812	4417642	60	61
contig_85_22H3VL55-2	85910	4497790	60	61
contig_86_22H3VL55-2	12776	4585154	60	61
contig_87_22H3VL55-2	5134	4598165	60	61
contig_88_22H3VL55-2	9880	4603407	60	61
contig_89_22H3VL55-2	14111	4613474	60	61
contig_9_22H3VL55-2	3086	4627842	60	61
contig_90_22H3VL55-2	19804	4631002	60	61
contig_91_22H3VL55-2	177682	4651159	60	61
contig_92_22H3VL55-2	31793	4831825	60	61
contig_94_22H3VL55-2	105011	4864170	60	61
contig_95_22H3VL55-2	110325	4970954	60	61
contig_96_22H3VL55-2	170284	5083140	60	61
contig_97_22H3VL55-2	94973	5256285	60	61
contig_98_22H3VL55-2	198578	5352863	60	61
contig_99_22H3VL55-2	85411	5554773	60	61
contig_1_22H3VL55-3	17113	21	60	61
contig_10_22H3VL55-3	23409	17442	60	61
contig_100_22H3VL55-3	5678	41265	60	61
contig_101_22H3VL55-3	9633	47061	60	61
contig_102_22H3VL55-3	12693	56878	60	61
contig_103_22H3VL55-3	10531	69806	60	61
contig_104_22H3VL55-3	19150	80536	60	61
contig_105_22H3VL55-3	14685	100029	60	61
contig_106_22H3VL55-3	9049	114982	60	61
contig_107_22H3VL55-3	4079	124205	60	61
contig_108_22H3VL55-3	17636	128375	60	61
contig_109_22H3VL55-3	8692	146328	60	61
contig_11_22H3VL55-3	3626	155187	60	61
contig_110_22H3VL55-3	15231	158897	60	61
contig_111_22H3VL55-3	3305	174405	60	61
contig_112_22H3VL55-3	43978	177789	60	61
contig_113_22H3VL55-3	52338	222523	60	61
contig_114_22H3VL55-3	5055	275757	60	61
contig_115_22H3VL55-3	8009	280920	60	61
contig_116_22H3VL55-3	4745	289086	60	61
contig_117_22H3VL55-3	13969	293934	60	61
contig_118_22H3VL55-3	11139	308159	60	61
contig_119_22H3VL55-3	9666	319507	60	61
contig_12_22H3VL55-3	20833	329357	60	61
contig_120_22H3VL55-3	12774	350561	60	61
contig_121_22H3VL55-3	9817	363571	60	61
contig_122_22H3VL55-3	3103	373575	60	61
contig_123_22H3VL55-3	3014	376753	60	61
contig_124_22H3VL55-3	1453	379841	60	61
contig_125_22H3VL55-3	1786	381342	60	61
contig_126_22H3VL55-3	57256	383181	60	61
contig_127_22H3VL55-3	1666	441415	60	61
contig_128_22H3VL55-3	1498	443132	60	61
contig_129_22H3VL55-3	13158	444678	60	61
contig_13_22H3VL55-3	12994	458078	60	61
contig_130_22H3VL55-3	21749	471312	60	61
contig_131_22H3VL55-3	1585	493447	60	61
contig_132_22H3VL55-3	14012	495082	60	61
contig_133_22H3VL55-3	3963	509351	60	61
contig_134_22H3VL55-3	12424	513404	60	61
contig_135_22H3VL55-3	20575	526059	60	61
contig_136_22H3VL55-3	4291	547000	60	61
contig_137_22H3VL55-3	1294	551386	60	61
contig_138_22H3VL55-3	18897	552725	60	61
contig_139_22H3VL55-3	12613	571960	60	61
contig_14_22H3VL55-3	8408	584806	60	61
contig_140_22H3VL55-3	17851	593378	60	61
contig_141_22H3VL55-3	22022	611550	60	61
contig_142_22H3VL55-3	5233	633963	60	61
contig_143_22H3VL55-3	23660	639307	60	61
contig_144_22H3VL55-3	6887	663385	60	61
contig_145_22H3VL55-3	48760	670410	60	61
contig_146_22H3VL55-3	9197	720006	60	61
contig_147_22H3VL55-3	22087	729380	60	61
contig_148_22H3VL55-3	2945	751859	60	61
contig_149_22H3VL55-3	1023	754877	60	61
contig_15_22H3VL55-3	6683	755940	60	61
contig_150_22H3VL55-3	17292	762758	60	61
contig_151_22H3VL55-3	2551	780362	60	61
contig_152_22H3VL55-3	24449	782979	60	61
contig_153_22H3VL55-3	15242	807859	60	61
contig_154_22H3VL55-3	8480	823379	60	61
contig_155_22H3VL55-3	35434	832024	60	61
contig_156_22H3VL55-3	17666	868072	60	61
contig_157_22H3VL55-3	53020	886056	60	61
contig_158_22H3VL55-3	2964	939983	60	61
contig_159_22H3VL55-3	14297	943020	60	61
contig_16_22H3VL55-3	12880	957578	60	61
contig_160_22H3VL55-3	10487	970696	60	61
contig_161_22H3VL55-3	13308	981381	60	61
contig_162_22H3VL55-3	4222	994934	60	61
contig_163_22H3VL55-3	5125	999250	60	61
contig_164_22H3VL55-3	4795	1004484	60	61
contig_165_22H3VL55-3	32219	1009382	60	61
contig_166_22H3VL55-3	3800	1042161	60	61
contig_167_22H3VL55-3	15224	1046048	60	61
contig_168_22H3VL55-3	21443	1061549	60	61
contig_169_22H3VL55-3	20623	1083373	60	61
contig_17_22H3VL55-3	7936	1104362	60	61
contig_170_22H3VL55-3	14169	1112454	60	61
contig_171_22H3VL55-3	15835	1126883	60	61
contig_172_22H3VL55-3	9231	1143005	60	61
contig_173_22H3VL55-3	4618	1152413	60	61
contig_174_22H3VL55-3	25203	1157131	60	61
contig_175_22H3VL55-3	8804	1182778	60	61
contig_176_22H3VL55-3	2346	1191752	60	61
contig_177_22H3VL55-3	14423	1194161	60	61
contig_178_22H3VL55-3	9460	1208848	60	61
contig_179_22H3VL55-3	3830	1218489	60	61
contig_18_22H3VL55-3	11238	1222405	60	61
contig_180_22H3VL55-3	30877	1233854	60	61
contig_181_22H3VL55-3	17731	1265269	60	61
contig_182_22H3VL55-3	7810	1283319	60	61
contig_183_22H3VL55-3	2693	1291283	60	61
contig_184_22H3VL55-3	20948	1294044	60	61
contig_185_22H3VL55-3	19157	1315365	60	61
contig_186_22H3VL55-3	3030	1334865	60	61
contig_187_22H3VL55-3	7222	1337969	60	61
contig_188_22H3VL55-3	29159	1345335	60	61
contig_189_22H3VL55-3	17409	1375003	60	61
contig_19_22H3VL55-3	8293	1392725	60	61
contig_190_22H3VL55-3	6388	1401180	60	61
contig_191_22H3VL55-3	10955	1407698	60	61
contig_192_22H3VL55-3	4299	1418859	60	61
contig_193_22H3VL55-3	14473	1423253	60	61
contig_194_22H3VL55-3	11094	1437991	60	61
contig_195_22H3VL55-3	4704	1449293	60	61
contig_196_22H3VL55-3	31201	1454099	60	61
contig_197_22H3VL55-3	8101	1485844	60	61
contig_198_22H3VL55-3	2279	1494104	60	61
contig_199_22H3VL55-3	4463	1496444	60	61
contig_2_22H3VL55-3	12778	1501003	60	61
contig_20_22H3VL55-3	11932	1514016	60	61
contig_200_22H3VL55-3	8350	1526170	60	61
contig_201_22H3VL55-3	5205	1534683	60	61
contig_202_22H3VL55-3	4515	1539998	60	61
contig_203_22H3VL55-3	7219	1544612	60	61
contig_204_22H3VL55-3	9011	1551975	60	61
contig_205_22H3VL55-3	2927	1561160	60	61
contig_206_22H3VL55-3	9341	1564159	60	61
contig_207_22H3VL55-3	6120	1573679	60	61
contig_208_22H3VL55-3	5046	1579924	60	61
contig_209_22H3VL55-3	24311	1585078	60	61
contig_21_22H3VL55-3	8161	1609817	60	61
contig_210_22H3VL55-3	10359	1618138	60	61
contig_211_22H3VL55-3	7959	1628693	60	61
contig_212_22H3VL55-3	13891	1636808	60	61
contig_213_22H3VL55-3	10880	1650954	60	61
contig_214_22H3VL55-3	3706	1662039	60	61
contig_215_22H3VL55-3	12533	1665830	60	61
contig_216_22H3VL55-3	4499	1678595	60	61
contig_217_22H3VL55-3	3874	1683192	60	61
contig_218_22H3VL55-3	11692	1687154	60	61
contig_219_22H3VL55-3	4670	1699064	60	61
contig_22_22H3VL55-3	25233	1703834	60	61
contig_220_22H3VL55-3	13124	1729511	60	61
contig_221_22H3VL55-3	13086	1742877	60	61
contig_222_22H3VL55-3	5711	1756205	60	61
contig_223_22H3VL55-3	4948	1762035	60	61
contig_224_22H3VL55-3	5315	1767089	60	61
contig_225_22H3VL55-3	2144	1772516	60	61
contig_226_22H3VL55-3	4636	1774719	60	61
contig_227_22H3VL55-3	10175	1779456	60	61
contig_228_22H3VL55-3	2731	1789824	60	61
contig_229_22H3VL55-3	8380	1792624	60	61
contig_23_22H3VL55-3	18719	1801166	60	61
contig_230_22H3VL55-3	4799	1820220	60	61
contig_231_22H3VL55-3	8334	1825122	60	61
contig_232_22H3VL55-3	3027	1833618	60	61
contig_233_22H3VL55-3	6825	1836719	60	61
contig_234_22H3VL55-3	2663	1843681	60	61
contig_235_22H3VL55-3	6310	1846412	60	61
contig_236_22H3VL55-3	8389	1852851	60	61
contig_237_22H3VL55-3	3182	1861403	60	61
contig_238_22H3VL55-3	2981	1864662	60	61
contig_239_22H3VL55-3	2297	1867716	60	61
contig_24_22H3VL55-3	10111	1870074	60	61
contig_240_22H3VL55-3	10543	1880377	60	61
contig_241_22H3VL55-3	4778	1891119	60	61
contig_242_22H3VL55-3	4573	1896000	60	61
contig_243_22H3VL55-3	18580	1900673	60	61
contig_244_22H3VL55-3	7263	1919586	60	61
contig_245_22H3VL55-3	2229	1926994	60	61
contig_246_22H3VL55-3	3812	1929284	60	61
contig_247_22H3VL55-3	7230	1933183	60	61
contig_248_22H3VL55-3	4591	1940557	60	61
contig_249_22H3VL55-3	2206	1945248	60	61
contig_25_22H3VL55-3	2649	1947513	60	61
contig_250_22H3VL55-3	5643	1950230	60	61
contig_251_22H3VL55-3	8233	1955991	60	61
contig_252_22H3VL55-3	8669	1964385	60	61
contig_253_22H3VL55-3	14449	1973222	60	61
contig_254_22H3VL55-3	3032	1987935	60	61
contig_255_22H3VL55-3	3201	1991041	60	61
contig_256_22H3VL55-3	7772	1994319	60	61
contig_257_22H3VL55-3	2941	2002244	60	61
contig_258_22H3VL55-3	10102	2005258	60	61
contig_259_22H3VL55-3	23574	2015552	60	61
contig_26_22H3VL55-3	6187	2039541	60	61
contig_260_22H3VL55-3	5312	2045855	60	61
contig_261_22H3VL55-3	2437	2051279	60	61
contig_262_22H3VL55-3	13527	2053780	60	61
contig_263_22H3VL55-3	3934	2067556	60	61
contig_264_22H3VL55-3	4441	2071579	60	61
contig_265_22H3VL55-3	5520	2076118	60	61
contig_266_22H3VL55-3	8455	2081753	60	61
contig_267_22H3VL55-3	11622	2090372	60	61
contig_268_22H3VL55-3	5249	2102211	60	61
contig_269_22H3VL55-3	2501	2107571	60	61
contig_27_22H3VL55-3	18403	2110136	60	61
contig_270_22H3VL55-3	5757	2128869	60	61
contig_271_22H3VL55-3	5056	2134745	60	61
contig_272_22H3VL55-3	2649	2139909	60	61
contig_273_22H3VL55-3	8018	2142626	60	61
contig_274_22H3VL55-3	5764	2150801	60	61
contig_275_22H3VL55-3	4698	2156685	60	61
contig_276_22H3VL55-3	4560	2161485	60	61
contig_277_22H3VL55-3	7047	2166144	60	61
contig_278_22H3VL55-3	11750	2173332	60	61
contig_279_22H3VL55-3	13048	2185301	60	61
contig_28_22H3VL55-3	5295	2198589	60	61
contig_280_22H3VL55-3	14610	2203996	60	61
contig_281_22H3VL55-3	5747	2218873	60	61
contig_282_22H3VL55-3	20348	2224739	60	61
contig_283_22H3VL55-3	3779	2245450	60	61
contig_284_22H3VL55-3	7894	2249315	60	61
contig_285_22H3VL55-3	7911	2257364	60	61
contig_286_22H3VL55-3	2885	2265430	60	61
contig_287_22H3VL55-3	9285	2268387	60	61
contig_288_22H3VL55-3	10467	2277850	60	61
contig_289_22H3VL55-3	4857	2288515	60	61
contig_29_22H3VL55-3	19895	2293475	60	61
contig_290_22H3VL55-3	7127	2313725	60	61
contig_291_22H3VL55-3	8608	2320994	60	61
contig_292_22H3VL55-3	2570	2329769	60	61
contig_293_22H3VL55-3	8136	2332405	60	61
contig_294_22H3VL55-3	4460	2340700	60	61
contig_295_22H3VL55-3	16392	2345258	60	61
contig_296_22H3VL55-3	11555	2361947	60	61
contig_297_22H3VL55-3	9387	2373718	60	61
contig_298_22H3VL55-3	7312	2383285	60	61
contig_299_22H3VL55-3	5936	2390742	60	61
contig_3_22H3VL55-3	9656	2396798	60	61
contig_30_22H3VL55-3	27234	2406637	60	61
contig_300_22H3VL55-3	4848	2434348	60	61
contig_301_22H3VL55-3	12422	2439300	60	61
contig_302_22H3VL55-3	4380	2451953	60	61
contig_303_22H3VL55-3	8978	2456429	60	61
contig_304_22H3VL55-3	5503	2465580	60	61
contig_305_22H3VL55-3	2346	2471198	60	61
contig_306_22H3VL55-3	4807	2473607	60	61
contig_307_22H3VL55-3	8194	2478518	60	61
contig_308_22H3VL55-3	10963	2486872	60	61
contig_309_22H3VL55-3	8531	2498041	60	61
contig_31_22H3VL55-3	28159	2506737	60	61
contig_310_22H3VL55-3	5026	2535389	60	61
contig_311_22H3VL55-3	10279	2540522	60	61
contig_312_22H3VL55-3	12837	2550996	60	61
contig_313_22H3VL55-3	3996	2564070	60	61
contig_314_22H3VL55-3	4022	2568156	60	61
contig_315_22H3VL55-3	9782	2572269	60	61
contig_316_22H3VL55-3	19564	2582238	60	61
contig_317_22H3VL55-3	6807	2602152	60	61
contig_318_22H3VL55-3	4301	2609096	60	61
contig_319_22H3VL55-3	7452	2613492	60	61
contig_32_22H3VL55-3	19524	2621091	60	61
contig_320_22H3VL55-3	7542	2640964	60	61
contig_321_22H3VL55-3	5941	2648655	60	61
contig_322_22H3VL55-3	2289	2654719	60	61
contig_323_22H3VL55-3	13829	2657070	60	61
contig_324_22H3VL55-3	10574	2671153	60	61
contig_325_22H3VL55-3	2521	2681927	60	61
contig_326_22H3VL55-3	6980	2684514	60	61
contig_327_22H3VL55-3	3341	2691634	60	61
contig_328_22H3VL55-3	2775	2695054	60	61
contig_329_22H3VL55-3	16558	2697899	60	61
contig_33_22H3VL55-3	46148	2714755	60	61
contig_330_22H3VL55-3	5079	2761696	60	61
contig_331_22H3VL55-3	3042	2766883	60	61
contig_332_22H3VL55-3	8339	2769999	60	61
contig_333_22H3VL55-3	13427	2778500	60	61
contig_334_22H3VL55-3	2694	2792174	60	61
contig_335_22H3VL55-3	5965	2794936	60	61
contig_336_22H3VL55-3	5332	2801024	60	61
contig_337_22H3VL55-3	4462	2806468	60	61
contig_338_22H3VL55-3	5358	2811028	60	61
contig_339_22H3VL55-3	5528	2816499	60	61
contig_34_22H3VL55-3	11468	2822142	60	61
contig_340_22H3VL55-3	5566	2833825	60	61
contig_341_22H3VL55-3	2434	2839507	60	61
contig_342_22H3VL55-3	19303	2842005	60	61
contig_343_22H3VL55-3	4933	2861653	60	61
contig_344_22H3VL55-3	3541	2866692	60	61
contig_345_22H3VL55-3	7138	2870316	60	61
contig_346_22H3VL55-3	5016	2877596	60	61
contig_347_22H3VL55-3	8052	2882719	60	61
contig_348_22H3VL55-3	7607	2890929	60	61
contig_349_22H3VL55-3	3389	2898686	60	61
contig_35_22H3VL55-3	6224	2902154	60	61
contig_350_22H3VL55-3	6324	2908505	60	61
contig_351_22H3VL55-3	5139	2914958	60	61
contig_352_22H3VL55-3	3553	2920206	60	61
contig_353_22H3VL55-3	5028	2923842	60	61
contig_354_22H3VL55-3	5041	2928977	60	61
contig_355_22H3VL55-3	5433	2934126	60	61
contig_356_22H3VL55-3	2806	2939673	60	61
contig_357_22H3VL55-3	9365	2942549	60	61
contig_358_22H3VL55-3	10942	2952094	60	61
contig_359_22H3VL55-3	4608	2963242	60	61
contig_36_22H3VL55-3	5950	2967949	60	61
contig_360_22H3VL55-3	2416	2974022	60	61
contig_361_22H3VL55-3	2552	2976502	60	61
contig_362_22H3VL55-3	4860	2979120	60	61
contig_363_22H3VL55-3	12557	2984084	60	61
contig_364_22H3VL55-3	9049	2996874	60	61
contig_365_22H3VL55-3	5536	3006097	60	61
contig_366_22H3VL55-3	4505	3011749	60	61
contig_367_22H3VL55-3	2316	3016353	60	61
contig_368_22H3VL55-3	4737	3018731	60	61
contig_369_22H3VL55-3	13105	3023570	60	61
contig_37_22H3VL55-3	13180	3036916	60	61
contig_370_22H3VL55-3	2317	3050339	60	61
contig_371_22H3VL55-3	5711	3052718	60	61
contig_372_22H3VL55-3	2366	3058548	60	61
contig_373_22H3VL55-3	6128	3060977	60	61
contig_374_22H3VL55-3	2390	3067231	60	61
contig_375_22H3VL55-3	2596	3069684	60	61
contig_376_22H3VL55-3	12560	3072347	60	61
contig_377_22H3VL55-3	4570	3085140	60	61
contig_378_22H3VL55-3	4843	3089810	60	61
contig_379_22H3VL55-3	7416	3094757	60	61
contig_38_22H3VL55-3	14509	3102319	60	61
contig_380_22H3VL55-3	8620	3117093	60	61
contig_381_22H3VL55-3	5371	3125880	60	61
contig_382_22H3VL55-3	16639	3131364	60	61
contig_383_22H3VL55-3	2646	3148304	60	61
contig_384_22H3VL55-3	4332	3151018	60	61
contig_385_22H3VL55-3	2863	3155446	60	61
contig_386_22H3VL55-3	5279	3158380	60	61
contig_387_22H3VL55-3	4558	3163770	60	61
contig_388_22H3VL55-3	2648	3168427	60	61
contig_389_22H3VL55-3	6453	3171143	60	61
contig_39_22H3VL55-3	3421	3177726	60	61
contig_390_22H3VL55-3	3010	3181228	60	61
contig_391_22H3VL55-3	10322	3184312	60	61
contig_392_22H3VL55-3	6524	3194830	60	61
contig_393_22H3VL55-3	2969	3201486	60	61
contig_394_22H3VL55-3	13596	3204528	60	61
contig_395_22H3VL55-3	21042	3218374	60	61
contig_396_22H3VL55-3	2798	3239790	60	61
contig_397_22H3VL55-3	6730	3242658	60	61
contig_398_22H3VL55-3	6986	3249524	60	61
contig_399_22H3VL55-3	23777	3256650	60	61
contig_4_22H3VL55-3	11549	3280845	60	61
contig_40_22H3VL55-3	8785	3292609	60	61
contig_400_22H3VL55-3	31876	3301564	60	61
contig_401_22H3VL55-3	14090	3333995	60	61
contig_402_22H3VL55-3	12614	3348343	60	61
contig_403_22H3VL55-3	18109	3361191	60	61
contig_404_22H3VL55-3	9229	3379625	60	61
contig_405_22H3VL55-3	18517	3389031	60	61
contig_406_22H3VL55-3	17447	3407880	60	61
contig_407_22H3VL55-3	11597	3425641	60	61
contig_408_22H3VL55-3	6222	3437455	60	61
contig_41_22H3VL55-3	12727	3443803	60	61
contig_410_22H3VL55-3	21181	3456766	60	61
contig_411_22H3VL55-3	7383	3478324	60	61
contig_412_22H3VL55-3	4188	3485854	60	61
contig_413_22H3VL55-3	14459	3490135	60	61
contig_414_22H3VL55-3	4673	3504858	60	61
contig_415_22H3VL55-3	25715	3509632	60	61
contig_416_22H3VL55-3	11952	3535799	60	61
contig_417_22H3VL55-3	9347	3547974	60	61
contig_418_22H3VL55-3	13573	3557500	60	61
contig_419_22H3VL55-3	4184	3571323	60	61
contig_42_22H3VL55-3	21755	3575599	60	61
contig_420_22H3VL55-3	6477	3597740	60	61
contig_421_22H3VL55-3	9562	3604348	60	61
contig_422_22H3VL55-3	16214	3614093	60	61
contig_423_22H3VL55-3	16929	3630601	60	61
contig_424_22H3VL55-3	23941	3647836	60	61
contig_425_22H3VL55-3	15552	3672200	60	61
contig_426_22H3VL55-3	40126	3688035	60	61
contig_427_22H3VL55-3	2924	3728853	60	61
contig_428_22H3VL55-3	7780	3731849	60	61
contig_429_22H3VL55-3	19934	3739782	60	61
contig_43_22H3VL55-3	4313	3760071	60	61
contig_430_22H3VL55-3	26249	3764479	60	61
contig_431_22H3VL55-3	22834	3791189	60	61
contig_432_22H3VL55-3	14247	3814427	60	61
contig_433_22H3VL55-3	17824	3828935	60	61
contig_434_22H3VL55-3	30474	3847080	60	61
contig_435_22H3VL55-3	29734	3878085	60	61
contig_436_22H3VL55-3	13109	3908338	60	61
contig_437_22H3VL55-3	18124	3921689	60	61
contig_438_22H3VL55-3	43652	3940139	60	61
contig_439_22H3VL55-3	15636	3984542	60	61
contig_44_22H3VL55-3	7966	4000461	60	61
contig_440_22H3VL55-3	24617	4008583	60	61
contig_441_22H3VL55-3	24968	4033634	60	61
contig_442_22H3VL55-3	11924	4059042	60	61
contig_443_22H3VL55-3	23926	4071188	60	61
contig_444_22H3VL55-3	20685	4095536	60	61
contig_445_22H3VL55-3	13635	4116589	60	61
contig_446_22H3VL55-3	17543	4130475	60	61
contig_447_22H3VL55-3	8688	4148334	60	61
contig_448_22H3VL55-3	11161	4157190	60	61
contig_449_22H3VL55-3	19957	4168561	60	61
contig_45_22H3VL55-3	15642	4188873	60	61
contig_450_22H3VL55-3	26078	4204799	60	61
contig_451_22H3VL55-3	26232	4231335	60	61
contig_452_22H3VL55-3	45839	4258028	60	61
contig_453_22H3VL55-3	16890	4304654	60	61
contig_454_22H3VL55-3	8275	4321849	60	61
contig_455_22H3VL55-3	10006	4330285	60	61
contig_456_22H3VL55-3	9106	4340481	60	61
contig_457_22H3VL55-3	38469	4349762	60	61
contig_458_22H3VL55-3	9346	4388896	60	61
contig_459_22H3VL55-3	15252	4398421	60	61
contig_46_22H3VL55-3	38934	4413950	60	61
contig_460_22H3VL55-3	5707	4453556	60	61
contig_461_22H3VL55-3	9021	4459382	60	61
contig_462_22H3VL55-3	21542	4468577	60	61
contig_463_22H3VL55-3	10169	4490502	60	61
contig_464_22H3VL55-3	6207	4500864	60	61
contig_465_22H3VL55-3	17798	4507198	60	61
contig_466_22H3VL55-3	12939	4525316	60	61
contig_47_22H3VL55-3	7037	4538493	60	61
contig_49_22H3VL55-3	6570	4545670	60	61
contig_5_22H3VL55-3	6792	4552371	60	61
contig_50_22H3VL55-3	7329	4559299	60	61
contig_51_22H3VL55-3	14206	4566773	60	61
contig_52_22H3VL55-3	18589	4581238	60	61
contig_53_22H3VL55-3	8584	4600159	60	61
contig_54_22H3VL55-3	9273	4608909	60	61
contig_55_22H3VL55-3	9456	4618359	60	61
contig_56_22H3VL55-3	9542	4627995	60	61
contig_57_22H3VL55-3	15543	4637719	60	61
contig_58_22H3VL55-3	8861	4653544	60	61
contig_59_22H3VL55-3	11818	4662575	60	61
contig_6_22H3VL55-3	5877	4674611	60	61
contig_60_22H3VL55-3	5665	4680608	60	61
contig_61_22H3VL55-3	30510	4686390	60	61
contig_63_22H3VL55-3	4228	4717431	60	61
contig_64_22H3VL55-3	2804	4721752	60	61
contig_65_22H3VL55-3	5399	4724625	60	61
contig_66_22H3VL55-3	2194	4730136	60	61
contig_67_22H3VL55-3	8154	4732389	60	61
contig_68_22H3VL55-3	16856	4740701	60	61
contig_7_22H3VL55-3	32895	4757859	60	61
contig_71_22H3VL55-3	1023	4791325	60	61
contig_72_22H3VL55-3	4709	4792388	60	61
contig_73_22H3VL55-3	7158	4797198	60	61
contig_74_22H3VL55-3	2012	4804498	60	61
contig_75_22H3VL55-3	8297	4806566	60	61
contig_76_22H3VL55-3	8060	4815024	60	61
contig_77_22H3VL55-3	22489	4823241	60	61
contig_78_22H3VL55-3	15611	4846127	60	61
contig_79_22H3VL55-3	8421	4862021	60	61
contig_8_22H3VL55-3	15325	4870604	60	61
contig_80_22H3VL55-3	30132	4886207	60	61
contig_81_22H3VL55-3	2608	4916864	60	61
contig_82_22H3VL55-3	23166	4919538	60	61
contig_83_22H3VL55-3	2462	4943113	60	61
contig_84_22H3VL55-3	8535	4945639	60	61
contig_85_22H3VL55-3	6904	4954339	60	61
contig_86_22H3VL55-3	7000	4961381	60	61
contig_87_22H3VL55-3	8275	4968520	60	61
contig_88_22H3VL55-3	2969	4976955	60	61
contig_89_22H3VL55-3	15248	4979996	60	61
contig_9_22H3VL55-3	18942	4995520	60	61
contig_90_22H3VL55-3	22017	5014800	60	61
contig_91_22H3VL55-3	10227	5037206	60	61
contig_92_22H3VL55-3	21576	5047626	60	61
contig_93_22H3VL55-3	30213	5069584	60	61
contig_94_22H3VL55-3	5330	5100323	60	61
contig_95_22H3VL55-3	7312	5105764	60	61
contig_96_22H3VL55-3	9918	5113220	60	61
contig_97_22H3VL55-3	4168	5123326	60	61
contig_98_22H3VL55-3	18860	5127586	60	61
contig_99_22H3VL55-3	11026	5146783	60	61
contig_1_22H3VL55-4	13741	21	60	61
contig_10_22H3VL55-4	9753	14014	60	61
contig_100_22H3VL55-4	2581	23953	60	61
contig_101_22H3VL55-4	2960	26601	60	61
contig_102_22H3VL55-4	3168	29634	60	61
contig_103_22H3VL55-4	3488	32878	60	61
contig_104_22H3VL55-4	4593	36448	60	61
contig_105_22H3VL55-4	6541	41141	60	61
contig_106_22H3VL55-4	23098	47815	60	61
contig_107_22H3VL55-4	6644	71321	60	61
contig_108_22H3VL55-4	4228	78099	60	61
contig_109_22H3VL55-4	4770	82421	60	61
contig_11_22H3VL55-4	17023	87293	60	61
contig_110_22H3VL55-4	4390	104623	60	61
contig_111_22H3VL55-4	3534	109110	60	61
contig_112_22H3VL55-4	16122	112726	60	61
contig_113_22H3VL55-4	19272	129140	60	61
contig_114_22H3VL55-4	8039	148757	60	61
contig_115_22H3VL55-4	5051	156953	60	61
contig_116_22H3VL55-4	19707	162112	60	61
contig_117_22H3VL55-4	18163	182171	60	61
contig_118_22H3VL55-4	6276	200660	60	61
contig_119_22H3VL55-4	9478	207064	60	61
contig_12_22H3VL55-4	12384	216722	60	61
contig_120_22H3VL55-4	6787	229336	60	61
contig_121_22H3VL55-4	7936	236260	60	61
contig_122_22H3VL55-4	2891	244352	60	61
contig_123_22H3VL55-4	2871	247315	60	61
contig_124_22H3VL55-4	13732	250257	60	61
contig_125_22H3VL55-4	12157	264241	60	61
contig_126_22H3VL55-4	2407	276624	60	61
contig_127_22H3VL55-4	3171	279095	60	61
contig_128_22H3VL55-4	4255	282342	60	61
contig_129_22H3VL55-4	10116	286691	60	61
contig_13_22H3VL55-4	12572	296998	60	61
contig_130_22H3VL55-4	2656	309803	60	61
contig_131_22H3VL55-4	10715	312527	60	61
contig_132_22H3VL55-4	10328	323444	60	61
contig_133_22H3VL55-4	11221	333968	60	61
contig_134_22H3VL55-4	3972	345400	60	61
contig_135_22H3VL55-4	3449	349462	60	61
contig_136_22H3VL55-4	2968	352992	60	61
contig_137_22H3VL55-4	3091	356033	60	61
contig_138_22H3VL55-4	16213	359199	60	61
contig_139_22H3VL55-4	3956	375706	60	61
contig_14_22H3VL55-4	12446	379750	60	61
contig_140_22H3VL55-4	2573	392427	60	61
contig_141_22H3VL55-4	2438	395066	60	61
contig_142_22H3VL55-4	7314	397568	60	61
contig_143_22H3VL55-4	3432	405027	60	61
contig_144_22H3VL55-4	10112	408540	60	61
contig_145_22H3VL55-4	15666	418844	60	61
contig_146_22H3VL55-4	23890	434795	60	61
contig_147_22H3VL55-4	7740	459107	60	61
contig_148_22H3VL55-4	14518	466999	60	61
contig_149_22H3VL55-4	6838	481782	60	61
contig_15_22H3VL55-4	3663	488756	60	61
contig_150_22H3VL55-4	17892	492504	60	61
contig_151_22H3VL55-4	26317	510718	60	61
contig_152_22H3VL55-4	12670	537497	60	61
contig_153_22H3VL55-4	5318	550402	60	61
contig_154_22H3VL55-4	3317	555832	60	61
contig_155_22H3VL55-4	9968	559228	60	61
contig_156_22H3VL55-4	10491	569386	60	61
contig_157_22H3VL55-4	17995	580075	60	61
contig_158_22H3VL55-4	2496	598393	60	61
contig_159_22H3VL55-4	8653	600954	60	61
contig_16_22H3VL55-4	22674	609774	60	61
contig_160_22H3VL55-4	12234	632849	60	61
contig_161_22H3VL55-4	18495	645310	60	61
contig_162_22H3VL55-4	12029	664137	60	61
contig_163_22H3VL55-4	2559	676390	60	61
contig_164_22H3VL55-4	11810	679015	60	61
contig_165_22H3VL55-4	6708	691045	60	61
contig_166_22H3VL55-4	6270	697888	60	61
contig_167_22H3VL55-4	5397	704286	60	61
contig_168_22H3VL55-4	2698	709796	60	61
contig_169_22H3VL55-4	8218	712562	60	61
contig_17_22H3VL55-4	17008	720939	60	61
contig_170_22H3VL55-4	4833	738254	60	61
contig_171_22H3VL55-4	2683	743191	60	61
contig_172_22H3VL55-4	4071	745942	60	61
contig_173_22H3VL55-4	5635	750104	60	61
contig_174_22H3VL55-4	3190	755856	60	61
contig_175_22H3VL55-4	3237	759123	60	61
contig_176_22H3VL55-4	29122	762437	60	61
contig_177_22H3VL55-4	2636	792068	60	61
contig_178_22H3VL55-4	12990	794771	60	61
contig_179_22H3VL55-4	6155	808001	60	61
contig_18_22H3VL55-4	9808	814281	60	61
contig_180_22H3VL55-4	2567	824276	60	61
contig_181_22H3VL55-4	6181	826909	60	61
contig_182_22H3VL55-4	3001	833217	60	61
contig_183_22H3VL55-4	8489	836292	60	61
contig_184_22H3VL55-4	4514	844946	60	61
contig_185_22H3VL55-4	7306	849559	60	61
contig_186_22H3VL55-4	12485	857010	60	61
contig_187_22H3VL55-4	16364	869727	60	61
contig_188_22H3VL55-4	16684	886387	60	61
contig_189_22H3VL55-4	7150	903373	60	61
contig_19_22H3VL55-4	13394	910665	60	61
contig_190_22H3VL55-4	13818	924306	60	61
contig_191_22H3VL55-4	12933	938378	60	61
contig_192_22H3VL55-4	5280	951550	60	61
contig_193_22H3VL55-4	9478	956941	60	61
contig_194_22H3VL55-4	10497	966600	60	61
contig_195_22H3VL55-4	9281	977295	60	61
contig_196_22H3VL55-4	7385	986754	60	61
contig_197_22H3VL55-4	4864	994286	60	61
contig_198_22H3VL55-4	6460	999255	60	61
contig_199_22H3VL55-4	8152	1005846	60	61
contig_2_22H3VL55-4	2488	1014155	60	61
contig_20_22H3VL55-4	21068	1016707	60	61
contig_200_22H3VL55-4	4498	1038150	60	61
contig_201_22H3VL55-4	7095	1042746	60	61
contig_202_22H3VL55-4	26221	1049983	60	61
contig_203_22H3VL55-4	22132	1076665	60	61
contig_204_22H3VL55-4	19650	1099189	60	61
contig_205_22H3VL55-4	15114	1119190	60	61
contig_206_22H3VL55-4	8720	1134579	60	61
contig_207_22H3VL55-4	12579	1143468	60	61
contig_208_22H3VL55-4	10213	1156280	60	61
contig_209_22H3VL55-4	23402	1166687	60	61
contig_21_22H3VL55-4	11019	1190502	60	61
contig_210_22H3VL55-4	12800	1201728	60	61
contig_211_22H3VL55-4	5727	1214765	60	61
contig_212_22H3VL55-4	43468	1220611	60	61
contig_213_22H3VL55-4	17908	1264827	60	61
contig_214_22H3VL55-4	15527	1283057	60	61
contig_215_22H3VL55-4	25285	1298866	60	61
contig_216_22H3VL55-4	9858	1324596	60	61
contig_217_22H3VL55-4	10211	1334642	60	61
contig_22_22H3VL55-4	9761	1345046	60	61
contig_23_22H3VL55-4	5846	1354992	60	61
contig_24_22H3VL55-4	7078	1360958	60	61
contig_25_22H3VL55-4	11773	1368176	60	61
contig_26_22H3VL55-4	17726	1380168	60	61
contig_27_22H3VL55-4	19071	1398212	60	61
contig_28_22H3VL55-4	5613	1417623	60	61
contig_29_22H3VL55-4	7857	1423352	60	61
contig_3_22H3VL55-4	15122	1431361	60	61
contig_30_22H3VL55-4	5889	1446758	60	61
contig_31_22H3VL55-4	4976	1452768	60	61
contig_32_22H3VL55-4	9454	1457849	60	61
contig_33_22H3VL55-4	18165	1467483	60	61
contig_34_22H3VL55-4	16477	1485973	60	61
contig_35_22H3VL55-4	5909	1502747	60	61
contig_36_22H3VL55-4	15425	1508777	60	61
contig_37_22H3VL55-4	5612	1524482	60	61
contig_38_22H3VL55-4	31875	1530210	60	61
contig_39_22H3VL55-4	5479	1562639	60	61
contig_4_22H3VL55-4	9684	1568231	60	61
contig_40_22H3VL55-4	10141	1578099	60	61
contig_41_22H3VL55-4	2753	1588432	60	61
contig_42_22H3VL55-4	9729	1591253	60	61
contig_43_22H3VL55-4	18996	1601167	60	61
contig_44_22H3VL55-4	6847	1620502	60	61
contig_45_22H3VL55-4	12345	1627486	60	61
contig_46_22H3VL55-4	4176	1640059	60	61
contig_47_22H3VL55-4	23909	1644327	60	61
contig_48_22H3VL55-4	11925	1668657	60	61
contig_49_22H3VL55-4	13970	1680803	60	61
contig_5_22H3VL55-4	16925	1695027	60	61
contig_50_22H3VL55-4	14395	1712257	60	61
contig_51_22H3VL55-4	10985	1726914	60	61
contig_52_22H3VL55-4	6462	1738105	60	61
contig_53_22H3VL55-4	6900	1744697	60	61
contig_54_22H3VL55-4	9106	1751734	60	61
contig_55_22H3VL55-4	6935	1761014	60	61
contig_56_22H3VL55-4	3543	1768087	60	61
contig_57_22H3VL55-4	3391	1771712	60	61
contig_58_22H3VL55-4	6809	1775182	60	61
contig_59_22H3VL55-4	4425	1782127	60	61
contig_6_22H3VL55-4	8329	1786647	60	61
contig_60_22H3VL55-4	12574	1795137	60	61
contig_61_22H3VL55-4	3195	1807943	60	61
contig_62_22H3VL55-4	14566	1811214	60	61
contig_63_22H3VL55-4	15481	1826045	60	61
contig_64_22H3VL55-4	5063	1841807	60	61
contig_65_22H3VL55-4	9743	1846977	60	61
contig_66_22H3VL55-4	4960	1856905	60	61
contig_67_22H3VL55-4	6172	1861970	60	61
contig_68_22H3VL55-4	2849	1868267	60	61
contig_69_22H3VL55-4	1515	1871186	60	61
contig_7_22H3VL55-4	14422	1872748	60	61
contig_70_22H3VL55-4	4107	1887433	60	61
contig_71_22H3VL55-4	14724	1891631	60	61
contig_72_22H3VL55-4	2426	1906623	60	61
contig_73_22H3VL55-4	4980	1909112	60	61
contig_74_22H3VL55-4	5288	1914197	60	61
contig_75_22H3VL55-4	19266	1919596	60	61
contig_76_22H3VL55-4	4124	1939206	60	61
contig_77_22H3VL55-4	10096	1943421	60	61
contig_78_22H3VL55-4	4432	1953708	60	61
contig_79_22H3VL55-4	23517	1958236	60	61
contig_8_22H3VL55-4	16285	1982166	60	61
contig_80_22H3VL55-4	16191	1998745	60	61
contig_81_22H3VL55-4	2241	2015228	60	61
contig_82_22H3VL55-4	7944	2017529	60	61
contig_83_22H3VL55-4	10847	2025628	60	61
contig_84_22H3VL55-4	2423	2036678	60	61
contig_85_22H3VL55-4	6777	2039164	60	61
contig_86_22H3VL55-4	3044	2046076	60	61
contig_87_22H3VL55-4	16836	2049193	60	61
contig_88_22H3VL55-4	5921	2066332	60	61
contig_89_22H3VL55-4	5833	2072374	60	61
contig_9_22H3VL55-4	4917	2078326	60	61
contig_90_22H3VL55-4	10916	2083347	60	61
contig_91_22H3VL55-4	8770	2094467	60	61
contig_92_22H3VL55-4	18158	2103406	60	61
contig_93_22H3VL55-4	11854	2121889	60	61
contig_94_22H3VL55-4	11055	2133963	60	61
contig_95_22H3VL55-4	4702	2145225	60	61
contig_96_22H3VL55-4	17649	2150028	60	61
contig_97_22H3VL55-4	13747	2167994	60	61
contig_98_22H3VL55-4	6167	2181993	60	61
contig_99_22H3VL55-4	6220	2188285	60	61
contig_1_22H3VL55-5	4653158	21	60	61
contig_1_22H3VL55-6	387828	21	60	61
contig_10_22H3VL55-6	654655	394335	60	61
contig_11_22H3VL55-6	531809	1059923	60	61
contig_12_22H3VL55-6	56170	1600618	60	61
contig_13_22H3VL55-6	25339	1657747	60	61
contig_15_22H3VL55-6	366303	1683531	60	61
contig_16_22H3VL55-6	86579	2055962	60	61
contig_17_22H3VL55-6	9803	2144006	60	61
contig_18_22H3VL55-6	133414	2153995	60	61
contig_19_22H3VL55-6	138321	2289655	60	61
contig_2_22H3VL55-6	183549	2430303	60	61
contig_20_22H3VL55-6	6587	2616934	60	61
contig_21_22H3VL55-6	228444	2623653	60	61
contig_22_22H3VL55-6	10968	2855927	60	61
contig_24_22H3VL55-6	13174	2867100	60	61
contig_25_22H3VL55-6	5105	2880516	60	61
contig_26_22H3VL55-6	20064	2885729	60	61
contig_27_22H3VL55-6	118021	2906150	60	61
contig_28_22H3VL55-6	126778	3026161	60	61
contig_29_22H3VL55-6	2573	3155074	60	61
contig_3_22H3VL55-6	713027	3157711	60	61
contig_30_22H3VL55-6	279721	3882644	60	61
contig_31_22H3VL55-6	257910	4167050	60	61
contig_4_22H3VL55-6	22757	4429280	60	61
contig_5_22H3VL55-6	351238	4452438	60	61
contig_6_22H3VL55-6	190122	4809551	60	61
contig_7_22H3VL55-6	219729	5002863	60	61
contig_8_22H3VL55-6	460323	5226276	60	61
contig_9_22H3VL55-6	167816	5694293	60	61
contig_1_22L1L9-1	96543	19	60	61
contig_10_22L1L9-1	144349	98192	60	61
contig_11_22L1L9-1	467842	244967	60	61
contig_2_22L1L9-1	738167	720626	60	61
contig_3_22L1L9-1	915927	1471115	60	61
contig_4_22L1L9-1	1379193	2402327	60	61
contig_5_22L1L9-1	128241	3804526	60	61
contig_6_22L1L9-1	22284	3934924	60	61
contig_7_22L1L9-1	14365	3957599	60	61
contig_8_22L1L9-1	87397	3972223	60	61
contig_9_22L1L9-1	102581	4061096	60	61
contig_1_22L1L9-2	4298123	19	60	61
contig_1_22L1L9-3	4139136	19	60	61
contig_2_22L1L9-3	48248	4208160	60	61
contig_1_22L1NFb-1	8760	20	60	61
contig_10_22L1NFb-1	114629	8947	60	61
contig_11_22L1NFb-1	299795	125508	60	61
contig_12_22L1NFb-1	225389	430321	60	61
contig_13_22L1NFb-1	141233	659488	60	61
contig_14_22L1NFb-1	267189	803096	60	61
contig_15_22L1NFb-1	108791	1074760	60	61
contig_16_22L1NFb-1	133400	1185386	60	61
contig_17_22L1NFb-1	12262	1321031	60	61
contig_18_22L1NFb-1	36233	1333519	60	61
contig_19_22L1NFb-1	44281	1370377	60	61
contig_2_22L1NFb-1	358073	1415417	60	61
contig_20_22L1NFb-1	39385	1779479	60	61
contig_21_22L1NFb-1	31190	1819542	60	61
contig_22_22L1NFb-1	9237	1851273	60	61
contig_23_22L1NFb-1	169342	1860685	60	61
contig_24_22L1NFb-1	5892	2032871	60	61
contig_25_22L1NFb-1	19577	2038883	60	61
contig_26_22L1NFb-1	39880	2058808	60	61
contig_27_22L1NFb-1	20918	2099374	60	61
contig_28_22L1NFb-1	27867	2120662	60	61
contig_29_22L1NFb-1	182552	2149015	60	61
contig_3_22L1NFb-1	12651	2334630	60	61
contig_30_22L1NFb-1	5737	2347513	60	61
contig_31_22L1NFb-1	21021	2353367	60	61
contig_32_22L1NFb-1	27918	2374760	60	61
contig_33_22L1NFb-1	34433	2403165	60	61
contig_34_22L1NFb-1	60264	2438193	60	61
contig_35_22L1NFb-1	70487	2499483	60	61
contig_36_22L1NFb-1	48692	2571166	60	61
contig_37_22L1NFb-1	12848	2620691	60	61
contig_38_22L1NFb-1	25605	2633775	60	61
contig_39_22L1NFb-1	20935	2659828	60	61
contig_4_22L1NFb-1	6855	2681132	60	61
contig_40_22L1NFb-1	3041	2688123	60	61
contig_41_22L1NFb-1	26390	2691236	60	61
contig_42_22L1NFb-1	13316	2718087	60	61
contig_43_22L1NFb-1	35603	2731646	60	61
contig_44_22L1NFb-1	22521	2767864	60	61
contig_45_22L1NFb-1	5581	2790782	60	61
contig_46_22L1NFb-1	7404	2796478	60	61
contig_47_22L1NFb-1	56845	2804027	60	61
contig_48_22L1NFb-1	7013	2861841	60	61
contig_49_22L1NFb-1	10053	2868992	60	61
contig_5_22L1NFb-1	34361	2879233	60	61
contig_50_22L1NFb-1	33991	2914188	60	61
contig_51_22L1NFb-1	17007	2948767	60	61
contig_52_22L1NFb-1	18426	2966079	60	61
contig_53_22L1NFb-1	38767	2984834	60	61
contig_54_22L1NFb-1	26375	3024269	60	61
contig_55_22L1NFb-1	266245	3051105	60	61
contig_56_22L1NFb-1	172987	3321809	60	61
contig_57_22L1NFb-1	337773	3497701	60	61
contig_58_22L1NFb-1	246855	3841125	60	61
contig_59_22L1NFb-1	77687	4092116	60	61
contig_6_22L1NFb-1	14636	4171118	60	61
contig_60_22L1NFb-1	870287	4186019	60	61
contig_7_22L1NFb-1	24433	5070831	60	61
contig_9_22L1NFb-1	31349	5095692	60	61
contig_1_22L1NFb-2	13322	20	60	61
contig_10_22L1NFb-2	6003	13586	60	61
contig_11_22L1NFb-2	19120	19711	60	61
contig_12_22L1NFb-2	15100	39171	60	61
contig_13_22L1NFb-2	31037	54544	60	61
contig_14_22L1NFb-2	2938	86120	60	61
contig_15_22L1NFb-2	3713	89128	60	61
contig_16_22L1NFb-2	13226	92924	60	61
contig_17_22L1NFb-2	10726	106392	60	61
contig_18_22L1NFb-2	13844	117318	60	61
contig_19_22L1NFb-2	12743	131414	60	61
contig_2_22L1NFb-2	8962	144390	60	61
contig_20_22L1NFb-2	13680	153523	60	61
contig_21_22L1NFb-2	37336	167452	60	61
contig_22_22L1NFb-2	14576	205432	60	61
contig_23_22L1NFb-2	24506	220272	60	61
contig_24_22L1NFb-2	29588	245208	60	61
contig_25_22L1NFb-2	17865	275311	60	61
contig_26_22L1NFb-2	20749	293495	60	61
contig_27_22L1NFb-2	55167	314611	60	61
contig_28_22L1NFb-2	8091	370719	60	61
contig_29_22L1NFb-2	13608	378966	60	61
contig_3_22L1NFb-2	17655	392821	60	61
contig_30_22L1NFb-2	51159	410792	60	61
contig_31_22L1NFb-2	168782	462825	60	61
contig_32_22L1NFb-2	18567	634442	60	61
contig_33_22L1NFb-2	9227	653340	60	61
contig_34_22L1NFb-2	23095	662742	60	61
contig_35_22L1NFb-2	4373	686243	60	61
contig_36_22L1NFb-2	28489	690710	60	61
contig_37_22L1NFb-2	75175	719695	60	61
contig_38_22L1NFb-2	21708	796144	60	61
contig_39_22L1NFb-2	32202	818235	60	61
contig_4_22L1NFb-2	5737	850994	60	61
contig_40_22L1NFb-2	38914	856848	60	61
contig_41_22L1NFb-2	28928	896432	60	61
contig_42_22L1NFb-2	76653	925864	60	61
contig_43_22L1NFb-2	54874	1003816	60	61
contig_44_22L1NFb-2	115106	1059626	60	61
contig_45_22L1NFb-2	138079	1176672	60	61
contig_46_22L1NFb-2	48463	1317074	60	61
contig_47_22L1NFb-2	28645	1366366	60	61
contig_48_22L1NFb-2	32399	1395510	60	61
contig_49_22L1NFb-2	56594	1428470	60	61
contig_5_22L1NFb-2	10686	1486028	60	61
contig_50_22L1NFb-2	194985	1496914	60	61
contig_51_22L1NFb-2	147969	1695170	60	61
contig_52_22L1NFb-2	10955	1845627	60	61
contig_53_22L1NFb-2	86090	1856786	60	61
contig_54_22L1NFb-2	29532	1944332	60	61
contig_55_22L1NFb-2	154933	1974378	60	61
contig_56_22L1NFb-2	32670	2131915	60	61
contig_57_22L1NFb-2	84560	2165151	60	61
contig_58_22L1NFb-2	18278	2251142	60	61
contig_59_22L1NFb-2	18958	2269746	60	61
contig_6_22L1NFb-2	17737	2289040	60	61
contig_60_22L1NFb-2	55051	2307094	60	61
contig_61_22L1NFb-2	110767	2363084	60	61
contig_62_22L1NFb-2	51433	2475719	60	61
contig_63_22L1NFb-2	15355	2528031	60	61
contig_64_22L1NFb-2	75387	2543663	60	61
contig_65_22L1NFb-2	63643	2620328	60	61
contig_66_22L1NFb-2	42275	2685053	60	61
contig_67_22L1NFb-2	40892	2728054	60	61
contig_68_22L1NFb-2	90622	2769649	60	61
contig_69_22L1NFb-2	33791	2861803	60	61
contig_7_22L1NFb-2	7795	2896178	60	61
contig_70_22L1NFb-2	56797	2904124	60	61
contig_71_22L1NFb-2	17243	2961889	60	61
contig_72_22L1NFb-2	18203	2979441	60	61
contig_73_22L1NFb-2	20851	2997969	60	61
contig_74_22L1NFb-2	21696	3019189	60	61
contig_75_22L1NFb-2	22774	3041268	60	61
contig_76_22L1NFb-2	25190	3064443	60	61
contig_77_22L1NFb-2	22903	3090074	60	61
contig_78_22L1NFb-2	22699	3113380	60	61
contig_79_22L1NFb-2	28613	3136479	60	61
contig_8_22L1NFb-2	4169	3165589	60	61
contig_80_22L1NFb-2	14313	3169849	60	61
contig_81_22L1NFb-2	50444	3184422	60	61
contig_82_22L1NFb-2	56973	3235728	60	61
contig_83_22L1NFb-2	89903	3293672	60	61
contig_84_22L1NFb-2	65317	3385095	60	61
contig_85_22L1NFb-2	69355	3451522	60	61
contig_86_22L1NFb-2	24779	3522054	60	61
contig_87_22L1NFb-2	13234	3547267	60	61
contig_88_22L1NFb-2	71940	3560743	60	61
contig_9_22L1NFb-2	15043	3633902	60	61
contig_1_22L1NFb-3	403190	20	60	61
contig_10_22L1NFb-3	196731	409951	60	61
contig_11_22L1NFb-3	85750	609982	60	61
contig_12_22L1NFb-3	7285	697183	60	61
contig_14_22L1NFb-3	33495	704611	60	61
contig_15_22L1NFb-3	77088	738686	60	61
contig_16_22L1NFb-3	28890	817080	60	61
contig_17_22L1NFb-3	42526	846473	60	61
contig_18_22L1NFb-3	38725	889729	60	61
contig_19_22L1NFb-3	31610	929121	60	61
contig_2_22L1NFb-3	102668	961278	60	61
contig_20_22L1NFb-3	21952	1065679	60	61
contig_21_22L1NFb-3	176656	1088018	60	61
contig_22_22L1NFb-3	61954	1267640	60	61
contig_23_22L1NFb-3	164549	1330648	60	61
contig_24_22L1NFb-3	331711	1497961	60	61
contig_25_22L1NFb-3	221708	1835222	60	61
contig_26_22L1NFb-3	221360	2060647	60	61
contig_27_22L1NFb-3	230494	2285718	60	61
contig_28_22L1NFb-3	207625	2520075	60	61
contig_29_22L1NFb-3	17895	2731182	60	61
contig_3_22L1NFb-3	13327	2749396	60	61
contig_30_22L1NFb-3	49693	2762967	60	61
contig_31_22L1NFb-3	75001	2813510	60	61
contig_4_22L1NFb-3	33629	2889782	60	61
contig_5_22L1NFb-3	34251	2923992	60	61
contig_6_22L1NFb-3	43398	2958834	60	61
contig_7_22L1NFb-3	450318	3002976	60	61
contig_8_22L1NFb-3	12372	3460820	60	61
contig_9_22L1NFb-3	125111	3473419	60	61
contig_1_22L1NFb-4	33694	20	60	61
contig_10_22L1NFb-4	204714	34297	60	61
contig_11_22L1NFb-4	100986	242444	60	61
contig_12_22L1NFb-4	62149	345135	60	61
contig_13_22L1NFb-4	92387	408341	60	61
contig_14_22L1NFb-4	19931	502289	60	61
contig_15_22L1NFb-4	59193	522574	60	61
contig_16_22L1NFb-4	5982	582775	60	61
contig_17_22L1NFb-4	242215	588878	60	61
contig_18_22L1NFb-4	27425	835151	60	61
contig_19_22L1NFb-4	141209	863055	60	61
contig_2_22L1NFb-4	615066	1006638	60	61
contig_20_22L1NFb-4	23258	1631977	60	61
contig_21_22L1NFb-4	3088	1655644	60	61
contig_22_22L1NFb-4	20703	1658805	60	61
contig_23_22L1NFb-4	46579	1679875	60	61
contig_24_22L1NFb-4	21936	1727252	60	61
contig_25_22L1NFb-4	25244	1749575	60	61
contig_26_22L1NFb-4	8911	1775261	60	61
contig_27_22L1NFb-4	42537	1784342	60	61
contig_28_22L1NFb-4	48728	1827609	60	61
contig_29_22L1NFb-4	23903	1877171	60	61
contig_3_22L1NFb-4	8314	1901493	60	61
contig_30_22L1NFb-4	72394	1909967	60	61
contig_31_22L1NFb-4	35115	1983589	60	61
contig_32_22L1NFb-4	12307	2019311	60	61
contig_33_22L1NFb-4	2194	2031845	60	61
contig_34_22L1NFb-4	2767	2034097	60	61
contig_35_22L1NFb-4	4196	2036932	60	61
contig_36_22L1NFb-4	42584	2041219	60	61
contig_37_22L1NFb-4	6162	2084534	60	61
contig_38_22L1NFb-4	4583	2090820	60	61
contig_39_22L1NFb-4	3328	2095501	60	61
contig_4_22L1NFb-4	116880	2098905	60	61
contig_40_22L1NFb-4	19059	2217754	60	61
contig_41_22L1NFb-4	26573	2237152	60	61
contig_42_22L1NFb-4	21507	2264189	60	61
contig_43_22L1NFb-4	35844	2286076	60	61
contig_44_22L1NFb-4	6468	2322539	60	61
contig_45_22L1NFb-4	3422	2329136	60	61
contig_46_22L1NFb-4	8591	2332637	60	61
contig_47_22L1NFb-4	8538	2341393	60	61
contig_48_22L1NFb-4	470800	2350095	60	61
contig_49_22L1NFb-4	222201	2828763	60	61
contig_5_22L1NFb-4	415722	3054688	60	61
contig_50_22L1NFb-4	196619	3477360	60	61
contig_51_22L1NFb-4	58505	3677277	60	61
contig_52_22L1NFb-4	38062	3736779	60	61
contig_6_22L1NFb-4	465890	3775496	60	61
contig_7_22L1NFb-4	190728	4249171	60	61
contig_8_22L1NFb-4	33025	4443098	60	61
contig_9_22L1NFb-4	148928	4476694	60	61
contig_1_22L1NFb-5	14486	20	60	61
contig_10_22L1NFb-5	3222	14769	60	61
contig_100_22L1NFb-5	8147	18067	60	61
contig_101_22L1NFb-5	5993	26372	60	61
contig_102_22L1NFb-5	20654	32487	60	61
contig_103_22L1NFb-5	36886	53508	60	61
contig_104_22L1NFb-5	13498	91031	60	61
contig_105_22L1NFb-5	16271	104776	60	61
contig_106_22L1NFb-5	5526	121341	60	61
contig_107_22L1NFb-5	4192	126982	60	61
contig_108_22L1NFb-5	36607	131266	60	61
contig_109_22L1NFb-5	25921	168506	60	61
contig_11_22L1NFb-5	22004	194881	60	61
contig_110_22L1NFb-5	12152	217274	60	61
contig_111_22L1NFb-5	40748	229651	60	61
contig_112_22L1NFb-5	24352	271101	60	61
contig_113_22L1NFb-5	11333	295881	60	61
contig_114_22L1NFb-5	10659	307425	60	61
contig_115_22L1NFb-5	16987	318284	60	61
contig_116_22L1NFb-5	6040	335577	60	61
contig_117_22L1NFb-5	23383	341740	60	61
contig_118_22L1NFb-5	30538	365535	60	61
contig_119_22L1NFb-5	39686	396604	60	61
contig_12_22L1NFb-5	10499	436973	60	61
contig_120_22L1NFb-5	63141	447669	60	61
contig_121_22L1NFb-5	35212	511885	60	61
contig_122_22L1NFb-5	56340	547706	60	61
contig_13_22L1NFb-5	19708	605006	60	61
contig_14_22L1NFb-5	18193	625064	60	61
contig_15_22L1NFb-5	12777	643582	60	61
contig_16_22L1NFb-5	5889	656593	60	61
contig_17_22L1NFb-5	6714	662602	60	61
contig_18_22L1NFb-5	14284	669449	60	61
contig_19_22L1NFb-5	58277	683993	60	61
contig_2_22L1NFb-5	23831	743262	60	61
contig_20_22L1NFb-5	13905	767512	60	61
contig_21_22L1NFb-5	3779	781670	60	61
contig_22_22L1NFb-5	18026	785533	60	61
contig_23_22L1NFb-5	16631	803881	60	61
contig_24_22L1NFb-5	11298	820811	60	61
contig_25_22L1NFb-5	18620	832319	60	61
contig_26_22L1NFb-5	23004	851271	60	61
contig_27_22L1NFb-5	15441	874680	60	61
contig_28_22L1NFb-5	5167	890400	60	61
contig_29_22L1NFb-5	23366	895675	60	61
contig_3_22L1NFb-5	11076	919451	60	61
contig_30_22L1NFb-5	44520	930733	60	61
contig_31_22L1NFb-5	3408	976016	60	61
contig_32_22L1NFb-5	26167	979502	60	61
contig_33_22L1NFb-5	9486	1006127	60	61
contig_34_22L1NFb-5	19817	1015793	60	61
contig_35_22L1NFb-5	13545	1035962	60	61
contig_36_22L1NFb-5	7794	1049754	60	61
contig_37_22L1NFb-5	7741	1057699	60	61
contig_38_22L1NFb-5	19245	1065591	60	61
contig_39_22L1NFb-5	4897	1085178	60	61
contig_4_22L1NFb-5	10348	1090177	60	61
contig_40_22L1NFb-5	3399	1100719	60	61
contig_41_22L1NFb-5	10471	1104196	60	61
contig_42_22L1NFb-5	10604	1114863	60	61
contig_43_22L1NFb-5	5718	1125665	60	61
contig_44_22L1NFb-5	4576	1131500	60	61
contig_45_22L1NFb-5	17089	1136174	60	61
contig_46_22L1NFb-5	10572	1153569	60	61
contig_47_22L1NFb-5	10176	1164339	60	61
contig_48_22L1NFb-5	9953	1174706	60	61
contig_49_22L1NFb-5	8256	1184846	60	61
contig_5_22L1NFb-5	6345	1193260	60	61
contig_50_22L1NFb-5	5315	1199732	60	61
contig_51_22L1NFb-5	7308	1205157	60	61
contig_52_22L1NFb-5	8307	1212608	60	61
contig_53_22L1NFb-5	5135	1221075	60	61
contig_54_22L1NFb-5	11398	1226317	60	61
contig_55_22L1NFb-5	8029	1237926	60	61
contig_56_22L1NFb-5	13821	1246110	60	61
contig_57_22L1NFb-5	10407	1260183	60	61
contig_58_22L1NFb-5	42132	1270785	60	61
contig_59_22L1NFb-5	25995	1313641	60	61
contig_6_22L1NFb-5	10933	1340090	60	61
contig_60_22L1NFb-5	10006	1351227	60	61
contig_61_22L1NFb-5	4432	1361421	60	61
contig_62_22L1NFb-5	3623	1365948	60	61
contig_63_22L1NFb-5	2594	1369653	60	61
contig_64_22L1NFb-5	9471	1372312	60	61
contig_65_22L1NFb-5	2558	1381962	60	61
contig_66_22L1NFb-5	4562	1384584	60	61
contig_67_22L1NFb-5	5654	1389244	60	61
contig_68_22L1NFb-5	9894	1395014	60	61
contig_69_22L1NFb-5	11640	1405094	60	61
contig_7_22L1NFb-5	21618	1416948	60	61
contig_70_22L1NFb-5	11875	1438948	60	61
contig_71_22L1NFb-5	2515	1451042	60	61
contig_72_22L1NFb-5	20013	1453620	60	61
contig_73_22L1NFb-5	2703	1473988	60	61
contig_74_22L1NFb-5	13522	1476758	60	61
contig_75_22L1NFb-5	2596	1490527	60	61
contig_76_22L1NFb-5	4911	1493188	60	61
contig_77_22L1NFb-5	15468	1498202	60	61
contig_78_22L1NFb-5	14996	1513949	60	61
contig_79_22L1NFb-5	34391	1529216	60	61
contig_8_22L1NFb-5	18851	1564201	60	61
contig_80_22L1NFb-5	4807	1583388	60	61
contig_81_22L1NFb-5	16548	1588297	60	61
contig_82_22L1NFb-5	15188	1605142	60	61
contig_83_22L1NFb-5	2452	1620605	60	61
contig_84_22L1NFb-5	47704	1623119	60	61
contig_85_22L1NFb-5	24636	1671640	60	61
contig_86_22L1NFb-5	9944	1696708	60	61
contig_87_22L1NFb-5	13144	1706839	60	61
contig_88_22L1NFb-5	4638	1720224	60	61
contig_89_22L1NFb-5	10501	1724961	60	61
contig_9_22L1NFb-5	27360	1735658	60	61
contig_90_22L1NFb-5	5186	1763495	60	61
contig_91_22L1NFb-5	15402	1768789	60	61
contig_92_22L1NFb-5	7465	1784469	60	61
contig_93_22L1NFb-5	12009	1792080	60	61
contig_94_22L1NFb-5	15574	1804311	60	61
contig_95_22L1NFb-5	18573	1820166	60	61
contig_96_22L1NFb-5	18693	1839070	60	61
contig_97_22L1NFb-5	20097	1858096	60	61
contig_98_22L1NFb-5	33375	1878549	60	61
contig_99_22L1NFb-5	42191	1912502	60	61
contig_1_22L1NFb-6	5389	20	60	61
contig_10_22L1NFb-6	80229	5520	60	61
contig_100_22L1NFb-6	8434	87109	60	61
contig_101_22L1NFb-6	19066	95706	60	61
contig_102_22L1NFb-6	36944	115112	60	61
contig_103_22L1NFb-6	18212	152694	60	61
contig_104_22L1NFb-6	5105	171232	60	61
contig_105_22L1NFb-6	6959	176445	60	61
contig_106_22L1NFb-6	6378	183542	60	61
contig_107_22L1NFb-6	7867	190049	60	61
contig_108_22L1NFb-6	10669	198070	60	61
contig_109_22L1NFb-6	9056	208939	60	61
contig_11_22L1NFb-6	4953	218167	60	61
contig_110_22L1NFb-6	24338	223225	60	61
contig_111_22L1NFb-6	17350	247991	60	61
contig_112_22L1NFb-6	23005	265653	60	61
contig_113_22L1NFb-6	22373	289064	60	61
contig_114_22L1NFb-6	10798	311832	60	61
contig_115_22L1NFb-6	14772	322832	60	61
contig_116_22L1NFb-6	3223	337873	60	61
contig_117_22L1NFb-6	13938	341172	60	61
contig_118_22L1NFb-6	7831	355365	60	61
contig_119_22L1NFb-6	15005	363349	60	61
contig_12_22L1NFb-6	5918	378626	60	61
contig_120_22L1NFb-6	15159	384665	60	61
contig_121_22L1NFb-6	29005	400099	60	61
contig_122_22L1NFb-6	84556	429610	60	61
contig_123_22L1NFb-6	15872	515598	60	61
contig_124_22L1NFb-6	84928	531757	60	61
contig_125_22L1NFb-6	72962	618123	60	61
contig_126_22L1NFb-6	6600	692324	60	61
contig_127_22L1NFb-6	43804	699056	60	61
contig_128_22L1NFb-6	75088	743613	60	61
contig_129_22L1NFb-6	12781	819975	60	61
contig_13_22L1NFb-6	15615	832991	60	61
contig_130_22L1NFb-6	17535	848889	60	61
contig_131_22L1NFb-6	21572	866739	60	61
contig_132_22L1NFb-6	34235	888693	60	61
contig_133_22L1NFb-6	6102	923521	60	61
contig_134_22L1NFb-6	51670	929747	60	61
contig_14_22L1NFb-6	10183	982300	60	61
contig_15_22L1NFb-6	23065	992674	60	61
contig_16_22L1NFb-6	2352	1016145	60	61
contig_17_22L1NFb-6	6325	1018558	60	61
contig_18_22L1NFb-6	128594	1025010	60	61
contig_19_22L1NFb-6	6831	1155769	60	61
contig_2_22L1NFb-6	23273	1162734	60	61
contig_20_22L1NFb-6	10606	1186416	60	61
contig_21_22L1NFb-6	17672	1197220	60	61
contig_22_22L1NFb-6	32257	1215208	60	61
contig_23_22L1NFb-6	31107	1248024	60	61
contig_24_22L1NFb-6	88484	1279671	60	61
contig_25_22L1NFb-6	5652	1369651	60	61
contig_26_22L1NFb-6	11639	1375419	60	61
contig_27_22L1NFb-6	8372	1387273	60	61
contig_28_22L1NFb-6	8627	1395806	60	61
contig_29_22L1NFb-6	6269	1404598	60	61
contig_3_22L1NFb-6	5509	1410992	60	61
contig_30_22L1NFb-6	3681	1416614	60	61
contig_31_22L1NFb-6	9101	1420378	60	61
contig_32_22L1NFb-6	15499	1429652	60	61
contig_33_22L1NFb-6	7847	1445431	60	61
contig_34_22L1NFb-6	40513	1453430	60	61
contig_35_22L1NFb-6	5010	1494640	60	61
contig_36_22L1NFb-6	2397	1499755	60	61
contig_37_22L1NFb-6	3116	1502213	60	61
contig_38_22L1NFb-6	17047	1505402	60	61
contig_39_22L1NFb-6	3689	1522755	60	61
contig_4_22L1NFb-6	43058	1526526	60	61
contig_40_22L1NFb-6	7863	1570323	60	61
contig_41_22L1NFb-6	836	1578339	60	61
contig_42_22L1NFb-6	8212	1579210	60	61
contig_43_22L1NFb-6	112479	1587580	60	61
contig_44_22L1NFb-6	27703	1701955	60	61
contig_45_22L1NFb-6	10016	1730141	60	61
contig_46_22L1NFb-6	12553	1740345	60	61
contig_47_22L1NFb-6	2903	1753129	60	61
contig_48_22L1NFb-6	9397	1756102	60	61
contig_49_22L1NFb-6	4271	1765677	60	61
contig_5_22L1NFb-6	36893	1770040	60	61
contig_50_22L1NFb-6	12067	1807569	60	61
contig_51_22L1NFb-6	2771	1819859	60	61
contig_56_22L1NFb-6	678	1822698	60	61
contig_57_22L1NFb-6	834	1823409	60	61
contig_58_22L1NFb-6	4866	1824278	60	61
contig_59_22L1NFb-6	16601	1829247	60	61
contig_6_22L1NFb-6	59657	1846145	60	61
contig_60_22L1NFb-6	2404	1906818	60	61
contig_61_22L1NFb-6	48838	1909284	60	61
contig_62_22L1NFb-6	6197	1958957	60	61
contig_63_22L1NFb-6	44366	1965279	60	61
contig_64_22L1NFb-6	17621	2010406	60	61
contig_65_22L1NFb-6	101594	2028342	60	61
contig_66_22L1NFb-6	46965	2131651	60	61
contig_67_22L1NFb-6	22918	2179420	60	61
contig_68_22L1NFb-6	66718	2202741	60	61
contig_69_22L1NFb-6	17508	2270592	60	61
contig_7_22L1NFb-6	12081	2288412	60	61
contig_70_22L1NFb-6	5248	2300716	60	61
contig_71_22L1NFb-6	27468	2306073	60	61
contig_72_22L1NFb-6	89724	2334020	60	61
contig_73_22L1NFb-6	22139	2425261	60	61
contig_74_22L1NFb-6	37420	2447790	60	61
contig_75_22L1NFb-6	24513	2485855	60	61
contig_76_22L1NFb-6	90588	2510798	60	61
contig_77_22L1NFb-6	35315	2602917	60	61
contig_78_22L1NFb-6	45457	2638842	60	61
contig_79_22L1NFb-6	11305	2685078	60	61
contig_8_22L1NFb-6	16858	2696592	60	61
contig_80_22L1NFb-6	119713	2713752	60	61
contig_81_22L1NFb-6	35530	2835482	60	61
contig_83_22L1NFb-6	26147	2871626	60	61
contig_84_22L1NFb-6	83718	2898230	60	61
contig_85_22L1NFb-6	27519	2983365	60	61
contig_86_22L1NFb-6	77594	3011364	60	61
contig_87_22L1NFb-6	14416	3090273	60	61
contig_88_22L1NFb-6	8902	3104951	60	61
contig_89_22L1NFb-6	84916	3114023	60	61
contig_9_22L1NFb-6	3896	3200375	60	61
contig_90_22L1NFb-6	66352	3204357	60	61
contig_91_22L1NFb-6	44435	3271836	60	61
contig_92_22L1NFb-6	17600	3317033	60	61
contig_93_22L1NFb-6	33381	3334948	60	61
contig_94_22L1NFb-6	39276	3368907	60	61
contig_95_22L1NFb-6	61650	3408859	60	61
contig_96_22L1NFb-6	4778	3471558	60	61
contig_97_22L1NFb-6	11814	3476437	60	61
contig_98_22L1NFb-6	29523	3488469	60	61
contig_99_22L1NFb-6	14613	3518506	60	61
scaffold_52_22L1NFb-6	108891	3533386	60	61
contig_1_22L1NFb-7	385762	20	60	61
contig_2_22L1NFb-7	1797098	392232	60	61
contig_3_22L1NFb-7	13992	2219302	60	61
contig_4_22L1NFb-7	107723	2233548	60	61
contig_5_22L1NFb-7	710254	2343087	60	61
contig_6_22L1NFb-7	45564	3065199	60	61
contig_7_22L1NFb-7	212748	3111543	60	61
contig_8_22L1NFb-7	631849	3327857	60	61
contig_9_22L1NFb-7	91499	3970257	60	61
contig_1_22L1NFb-8	4099844	20	60	61
contig_2_22L1NFb-8	83352	4168215	60	61
contig_3_22L1NFb-8	133136	4252977	60	61
contig_1_22L1NFb-9	11792	20	60	61
contig_10_22L1NFb-9	12860	12030	60	61
contig_11_22L1NFb-9	6729	25126	60	61
contig_12_22L1NFb-9	2880	31989	60	61
contig_13_22L1NFb-9	1543	34938	60	61
contig_14_22L1NFb-9	5123	36528	60	61
contig_15_22L1NFb-9	7169	41758	60	61
contig_16_22L1NFb-9	4407	49068	60	61
contig_17_22L1NFb-9	1440	53570	60	61
contig_18_22L1NFb-9	4408	55055	60	61
contig_19_22L1NFb-9	4408	59558	60	61
contig_2_22L1NFb-9	13679	64060	60	61
contig_20_22L1NFb-9	3499	77988	60	61
contig_21_22L1NFb-9	5228	81567	60	61
contig_22_22L1NFb-9	6476	86904	60	61
contig_23_22L1NFb-9	10337	93509	60	61
contig_24_22L1NFb-9	10345	104040	60	61
contig_25_22L1NFb-9	2311	114579	60	61
contig_26_22L1NFb-9	2449	116950	60	61
contig_27_22L1NFb-9	5277	119461	60	61
contig_28_22L1NFb-9	17889	124847	60	61
contig_29_22L1NFb-9	4148	143056	60	61
contig_3_22L1NFb-9	3847	147294	60	61
contig_30_22L1NFb-9	4758	151227	60	61
contig_31_22L1NFb-9	3940	156086	60	61
contig_32_22L1NFb-9	17528	160113	60	61
contig_33_22L1NFb-9	9207	177955	60	61
contig_34_22L1NFb-9	9723	187337	60	61
contig_35_22L1NFb-9	8846	197244	60	61
contig_36_22L1NFb-9	5798	206259	60	61
contig_37_22L1NFb-9	3816	212175	60	61
contig_38_22L1NFb-9	4245	216076	60	61
contig_39_22L1NFb-9	2549	220413	60	61
contig_4_22L1NFb-9	14927	223025	60	61
contig_40_22L1NFb-9	26870	238222	60	61
contig_41_22L1NFb-9	8569	265561	60	61
contig_42_22L1NFb-9	18871	274294	60	61
contig_43_22L1NFb-9	3683	293501	60	61
contig_44_22L1NFb-9	10873	297267	60	61
contig_45_22L1NFb-9	1355	308343	60	61
contig_46_22L1NFb-9	9061	309742	60	61
contig_47_22L1NFb-9	5721	318976	60	61
contig_48_22L1NFb-9	5421	324814	60	61
contig_49_22L1NFb-9	2676	330347	60	61
contig_5_22L1NFb-9	5060	333088	60	61
contig_50_22L1NFb-9	13663	338254	60	61
contig_51_22L1NFb-9	24557	352166	60	61
contig_52_22L1NFb-9	4852	377154	60	61
contig_53_22L1NFb-9	22710	382108	60	61
contig_54_22L1NFb-9	11600	405218	60	61
contig_55_22L1NFb-9	28284	417033	60	61
contig_56_22L1NFb-9	38966	445810	60	61
contig_57_22L1NFb-9	11419	485447	60	61
contig_58_22L1NFb-9	11431	497078	60	61
contig_59_22L1NFb-9	10506	508721	60	61
contig_6_22L1NFb-9	11733	519423	60	61
contig_60_22L1NFb-9	8304	531373	60	61
contig_61_22L1NFb-9	6222	539837	60	61
contig_62_22L1NFb-9	8488	546184	60	61
contig_63_22L1NFb-9	19230	554835	60	61
contig_64_22L1NFb-9	22985	574407	60	61
contig_65_22L1NFb-9	22846	597797	60	61
contig_66_22L1NFb-9	18383	621045	60	61
contig_67_22L1NFb-9	6307	639756	60	61
contig_68_22L1NFb-9	7826	646190	60	61
contig_69_22L1NFb-9	9785	654168	60	61
contig_7_22L1NFb-9	16268	664137	60	61
contig_70_22L1NFb-9	2808	680698	60	61
contig_71_22L1NFb-9	2808	683574	60	61
contig_72_22L1NFb-9	15948	686450	60	61
contig_8_22L1NFb-9	13926	702684	60	61
contig_9_22L1NFb-9	23525	716863	60	61
contig_1_22L1PE-10	516	20	60	61
contig_2_22L1PE-10	515	565	60	61
contig_3_22L1PE-10	827	1109	60	61
contig_4_22L1PE-10	1135	1970	60	61
contig_5_22L1PE-10	1552	3144	60	61
contig_6_22L1PE-10	4555597	4742	60	61
contig_7_22L1PE-10	2685	4636286	60	61
contig_1_22L1PE-11	2474577	20	60	61
contig_1_22L1PE-12	3410829	20	60	61
contig_1_22L1PE-13	11918	20	60	61
contig_10_22L1PE-13	18789	12158	60	61
contig_11_22L1PE-13	66695	31282	60	61
contig_12_22L1PE-13	8245	99110	60	61
contig_13_22L1PE-13	15011	107514	60	61
contig_14_22L1PE-13	6234	122797	60	61
contig_15_22L1PE-13	10007	129156	60	61
contig_16_22L1PE-13	19249	139351	60	61
contig_17_22L1PE-13	29501	158942	60	61
contig_18_22L1PE-13	4178	188956	60	61
contig_19_22L1PE-13	199636	193225	60	61
contig_2_22L1PE-13	4536	396209	60	61
contig_20_22L1PE-13	22055	400842	60	61
contig_21_22L1PE-13	4720	423286	60	61
contig_22_22L1PE-13	5849	428106	60	61
contig_23_22L1PE-13	21132	434074	60	61
contig_24_22L1PE-13	6444	455580	60	61
contig_25_22L1PE-13	12337	462153	60	61
contig_26_22L1PE-13	2252	474717	60	61
contig_27_22L1PE-13	15639	477028	60	61
contig_28_22L1PE-13	16136	492949	60	61
contig_29_22L1PE-13	6276	509375	60	61
contig_3_22L1PE-13	3249	515776	60	61
contig_30_22L1PE-13	11550	519101	60	61
contig_31_22L1PE-13	80829	530865	60	61
contig_32_22L1PE-13	17577	613063	60	61
contig_33_22L1PE-13	11954	630954	60	61
contig_34_22L1PE-13	22440	643129	60	61
contig_35_22L1PE-13	5983	665964	60	61
contig_36_22L1PE-13	7460	672068	60	61
contig_37_22L1PE-13	15672	679674	60	61
contig_38_22L1PE-13	1348	695629	60	61
contig_39_22L1PE-13	33904	697021	60	61
contig_4_22L1PE-13	23674	731511	60	61
contig_40_22L1PE-13	5160	755601	60	61
contig_41_22L1PE-13	43264	760868	60	61
contig_42_22L1PE-13	53238	804875	60	61
contig_43_22L1PE-13	22811	859022	60	61
contig_44_22L1PE-13	33101	882235	60	61
contig_45_22L1PE-13	20184	915909	60	61
contig_46_22L1PE-13	40230	936451	60	61
contig_47_22L1PE-13	5752	977373	60	61
contig_48_22L1PE-13	37042	983242	60	61
contig_49_22L1PE-13	20892	1020923	60	61
contig_5_22L1PE-13	31279	1042184	60	61
contig_50_22L1PE-13	9167	1074006	60	61
contig_51_22L1PE-13	26274	1083347	60	61
contig_52_22L1PE-13	5815	1110080	60	61
contig_53_22L1PE-13	2235	1116013	60	61
contig_54_22L1PE-13	31994	1118307	60	61
contig_55_22L1PE-13	12188	1150856	60	61
contig_56_22L1PE-13	10037	1163269	60	61
contig_57_22L1PE-13	4475	1173495	60	61
contig_58_22L1PE-13	37723	1178066	60	61
contig_59_22L1PE-13	24434	1216439	60	61
contig_6_22L1PE-13	20335	1241301	60	61
contig_60_22L1PE-13	18182	1261996	60	61
contig_61_22L1PE-13	6004	1280503	60	61
contig_62_22L1PE-13	11562	1286629	60	61
contig_63_22L1PE-13	27124	1298405	60	61
contig_64_22L1PE-13	12291	1326003	60	61
contig_65_22L1PE-13	11925	1338520	60	61
contig_66_22L1PE-13	2735	1350665	60	61
contig_67_22L1PE-13	3423	1353467	60	61
contig_68_22L1PE-13	2527	1356969	60	61
contig_69_22L1PE-13	12107	1359560	60	61
contig_7_22L1PE-13	9711	1371889	60	61
contig_70_22L1PE-13	25900	1381783	60	61
contig_71_22L1PE-13	36061	1408136	60	61
contig_72_22L1PE-13	10707	1444820	60	61
contig_73_22L1PE-13	39321	1455727	60	61
contig_74_22L1PE-13	13004	1495725	60	61
contig_75_22L1PE-13	29979	1508967	60	61
contig_76_22L1PE-13	7387	1539467	60	61
contig_77_22L1PE-13	67603	1546999	60	61
contig_8_22L1PE-13	5891	1615749	60	61
contig_9_22L1PE-13	1628	1621759	60	61
contig_1_22L1PE-14	7471	20	60	61
contig_10_22L1PE-14	5018	7637	60	61
contig_11_22L1PE-14	3093	12760	60	61
contig_12_22L1PE-14	3271	15926	60	61
contig_13_22L1PE-14	5895	19273	60	61
contig_2_22L1PE-14	5584	25287	60	61
contig_3_22L1PE-14	5396	30985	60	61
contig_4_22L1PE-14	21996	36491	60	61
contig_5_22L1PE-14	4521	58874	60	61
contig_6_22L1PE-14	17558	63491	60	61
contig_7_22L1PE-14	3130	81362	60	61
contig_8_22L1PE-14	2668	84565	60	61
contig_9_22L1PE-14	3051	87298	60	61
contig_1_22L1PE-15	121148	20	60	61
contig_10_22L1PE-15	44390	123209	60	61
contig_11_22L1PE-15	16196	168360	60	61
contig_12_22L1PE-15	1248385	184847	60	61
contig_13_22L1PE-15	44581	1454060	60	61
contig_14_22L1PE-15	447543	1499406	60	61
contig_2_22L1PE-15	450509	1954429	60	61
contig_3_22L1PE-15	5847	2412467	60	61
contig_4_22L1PE-15	23790	2418432	60	61
contig_5_22L1PE-15	30951	2442639	60	61
contig_6_22L1PE-15	4279	2474126	60	61
contig_7_22L1PE-15	23205	2478497	60	61
contig_8_22L1PE-15	79952	2502109	60	61
contig_9_22L1PE-15	2049150	2583414	60	61
contig_1_22L1PE-17	3203	20	60	61
contig_10_22L1PE-17	16047	3298	60	61
contig_14_22L1PE-17	23003	19634	60	61
contig_15_22L1PE-17	14873	43042	60	61
contig_2_22L1PE-17	1025245	58183	60	61
contig_20_22L1PE-17	675895	1100537	60	61
contig_3_22L1PE-17	9611	1787717	60	61
contig_30_22L1PE-17	9998	1797510	60	61
contig_34_22L1PE-17	38413	1807696	60	61
contig_36_22L1PE-17	33865	1846771	60	61
contig_40_22L1PE-17	4264	1881222	60	61
contig_41_22L1PE-17	4243	1885579	60	61
contig_42_22L1PE-17	91168	1889914	60	61
contig_45_22L1PE-17	12726	1982623	60	61
contig_48_22L1PE-17	3359	1995583	60	61
contig_49_22L1PE-17	5174	1999019	60	61
contig_50_22L1PE-17	682123	2004301	60	61
contig_51_22L1PE-17	9154	2697814	60	61
contig_52_22L1PE-17	13891	2707142	60	61
contig_53_22L1PE-17	37963	2721286	60	61
contig_7_22L1PE-17	15803	2759902	60	61
contig_1_22L1PE-18	4864636	20	60	61
contig_1_22L1PE-1	4154837	19	60	61
contig_1_22L1PE-2	4214168	19	60	61
contig_1_22L1PE-3	2936	19	60	61
contig_2_22L1PE-3	2936	3023	60	61
contig_3_22L1PE-3	5246614	6027	60	61
contig_4_22L1PE-3	8561	5340104	60	61
contig_5_22L1PE-3	35094	5348827	60	61
contig_6_22L1PE-3	46101	5384525	60	61
contig_1_22L1PE-4	4364941	19	60	61
contig_2_22L1PE-4	164674	4437729	60	61
contig_1_22L1PE-5	3373643	19	60	61
contig_1_22L1PE-6	6022124	19	60	61
contig_2_22L1PE-6	4890	6122531	60	61
contig_3_22L1PE-6	5717	6127522	60	61
contig_1_22L1PE-7	7901	19	60	61
contig_10_22L1PE-7	256460	8072	60	61
contig_11_22L1PE-7	141279	268827	60	61
contig_12_22L1PE-7	119189	412481	60	61
contig_13_22L1PE-7	32681	533677	60	61
contig_14_22L1PE-7	26554	566923	60	61
contig_15_22L1PE-7	94299	593940	60	61
contig_16_22L1PE-7	81335	689831	60	61
contig_17_22L1PE-7	39905	772542	60	61
contig_18_22L1PE-7	372004	813133	60	61
contig_19_22L1PE-7	214338	1191358	60	61
contig_2_22L1PE-7	35473	1409288	60	61
contig_20_22L1PE-7	254340	1445373	60	61
contig_21_22L1PE-7	115363	1703972	60	61
contig_22_22L1PE-7	21708	1821278	60	61
contig_23_22L1PE-7	10102	1843368	60	61
contig_24_22L1PE-7	42757	1853659	60	61
contig_25_22L1PE-7	66518	1897149	60	61
contig_26_22L1PE-7	68760	1964796	60	61
contig_27_22L1PE-7	139092	2034722	60	61
contig_28_22L1PE-7	3634	2176153	60	61
contig_29_22L1PE-7	82066	2179868	60	61
contig_3_22L1PE-7	29034	2263321	60	61
contig_30_22L1PE-7	47435	2292859	60	61
contig_31_22L1PE-7	72328	2341105	60	61
contig_32_22L1PE-7	24427	2414659	60	61
contig_33_22L1PE-7	87492	2439514	60	61
contig_34_22L1PE-7	85622	2528485	60	61
contig_35_22L1PE-7	258358	2615555	60	61
contig_36_22L1PE-7	140137	2878239	60	61
contig_37_22L1PE-7	257826	3020732	60	61
contig_38_22L1PE-7	82668	3282876	60	61
contig_39_22L1PE-7	39238	3366942	60	61
contig_4_22L1PE-7	13901	3406853	60	61
contig_40_22L1PE-7	194780	3421006	60	61
contig_41_22L1PE-7	119871	3619053	60	61
contig_42_22L1PE-7	110995	3740942	60	61
contig_43_22L1PE-7	136887	3853807	60	61
contig_5_22L1PE-7	36651	3992995	60	61
contig_6_22L1PE-7	14990	4030276	60	61
contig_7_22L1PE-7	435863	4045535	60	61
contig_8_22L1PE-7	15277	4488682	60	61
contig_9_22L1PE-7	95370	4504233	60	61
contig_1_22L1PE-8	165840	19	60	61
contig_10_22L1PE-8	133471	168643	60	61
contig_11_22L1PE-8	170895	304359	60	61
contig_12_22L1PE-8	114855	478123	60	61
contig_13_22L1PE-8	15572	594913	60	61
contig_14_22L1PE-8	17114	610765	60	61
contig_2_22L1PE-8	2258	628184	60	61
contig_5_22L1PE-8	3158431	630499	60	61
contig_6_22L1PE-8	6234	3841590	60	61
contig_7_22L1PE-8	140071	3847947	60	61
contig_8_22L1PE-8	18171	3990372	60	61
contig_9_22L1PE-8	351980	4008865	60	61
contig_1_22L1R2A-11	4243599	21	60	61
contig_2_22L1R2A-11	250348	4314368	60	61
contig_3_22L1R2A-11	65836	4568910	60	61
contig_1_22L1R2A-12	3616953	21	60	61
contig_1_22L1R2A-14	3625239	21	60	61
contig_1_22L1R2A-15	3625303	21	60	61
contig_1_22L1R2A-16	4061723	21	60	61
contig_2_22L1R2A-16	158071	4129461	60	61
contig_3_22L1R2A-16	29029	4290188	60	61
contig_1_22L1R2A-1	4687174	20	60	61
contig_1_22L1R2A-2	4641864	20	60	61
contig_1_22L1R2A-3	4654755	20	60	61
contig_1_22L1R2A-4	4243392	20	60	61
contig_2_22L1R2A-4	250348	4314156	60	61
contig_3_22L1R2A-4	65811	4568697	60	61
contig_1_22L1R2A-5	2351	20	60	61
contig_2_22L1R2A-5	2507	2431	60	61
contig_3_22L1R2A-5	17741	5000	60	61
contig_4_22L1R2A-5	8864	23057	60	61
contig_5_22L1R2A-5	5051	32089	60	61
contig_1_22L1R2A-6	372505	20	60	61
contig_2_22L1R2A-6	4137777	378754	60	61
contig_3_22L1R2A-6	364408	4585514	60	61
contig_4_22L1R2A-6	211138	4956016	60	61
contig_5_22L1R2A-6	11513	5170693	60	61
contig_1_22L1R2A-7	118372	20	60	61
contig_10_22L1R2A-7	71470	120386	60	61
contig_11_22L1R2A-7	8809	193069	60	61
contig_12_22L1R2A-7	10052	202046	60	61
contig_13_22L1R2A-7	3729	212287	60	61
contig_14_22L1R2A-7	3209	216100	60	61
contig_15_22L1R2A-7	67068	219384	60	61
contig_17_22L1R2A-7	23043	287591	60	61
contig_2_22L1R2A-7	364403	311039	60	61
contig_3_22L1R2A-7	102092	681536	60	61
contig_4_22L1R2A-7	119666	785350	60	61
contig_5_22L1R2A-7	828109	907031	60	61
contig_6_22L1R2A-7	2404592	1748962	60	61
contig_7_22L1R2A-7	134298	4193651	60	61
contig_8_22L1R2A-7	335268	4330208	60	61
contig_9_22L1R2A-7	501074	4671084	60	61
contig_1_22L1R2A-8	4051067	20	60	61
contig_2_22L1R2A-8	38796	4118625	60	61
contig_1_22L1R2A-9	3625109	20	60	61
contig_1_22L1S1G-1	74202	20	60	61
contig_10_22L1S1G-1	109978	75480	60	61
contig_11_22L1S1G-1	62486	187312	60	61
contig_12_22L1S1G-1	6024	250861	60	61
contig_13_22L1S1G-1	94888	257007	60	61
contig_14_22L1S1G-1	71946	353498	60	61
contig_15_22L1S1G-1	3029	426665	60	61
contig_16_22L1S1G-1	9778	429766	60	61
contig_17_22L1S1G-1	17215	439728	60	61
contig_18_22L1S1G-1	55786	457251	60	61
contig_19_22L1S1G-1	36463	513988	60	61
contig_2_22L1S1G-1	121783	551079	60	61
contig_20_22L1S1G-1	115511	674913	60	61
contig_21_22L1S1G-1	73709	792371	60	61
contig_22_22L1S1G-1	15136	867330	60	61
contig_23_22L1S1G-1	122417	882740	60	61
contig_24_22L1S1G-1	6369	1007219	60	61
contig_25_22L1S1G-1	34934	1013716	60	61
contig_26_22L1S1G-1	68415	1049254	60	61
contig_27_22L1S1G-1	48448	1118831	60	61
contig_28_22L1S1G-1	97147	1168108	60	61
contig_29_22L1S1G-1	35257	1266896	60	61
contig_3_22L1S1G-1	31219	1302761	60	61
contig_30_22L1S1G-1	58106	1334522	60	61
contig_31_22L1S1G-1	97069	1393618	60	61
contig_32_22L1S1G-1	23290	1492326	60	61
contig_33_22L1S1G-1	60910	1516026	60	61
contig_34_22L1S1G-1	34969	1577973	60	61
contig_35_22L1S1G-1	2793	1613546	60	61
contig_36_22L1S1G-1	29053	1616407	60	61
contig_37_22L1S1G-1	2838	1645966	60	61
contig_38_22L1S1G-1	8249	1648873	60	61
contig_39_22L1S1G-1	17185	1657281	60	61
contig_4_22L1S1G-1	9896	1674773	60	61
contig_40_22L1S1G-1	146390	1684855	60	61
contig_41_22L1S1G-1	49274	1833706	60	61
contig_42_22L1S1G-1	2833	1883823	60	61
contig_43_22L1S1G-1	4771	1886725	60	61
contig_44_22L1S1G-1	12142	1891597	60	61
contig_45_22L1S1G-1	3834	1903963	60	61
contig_46_22L1S1G-1	2873	1907882	60	61
contig_47_22L1S1G-1	8175	1910824	60	61
contig_48_22L1S1G-1	85536	1919157	60	61
contig_5_22L1S1G-1	101521	2006139	60	61
contig_50_22L1S1G-1	4574	2109374	60	61
contig_51_22L1S1G-1	2491	2114046	60	61
contig_52_22L1S1G-1	2402	2116600	60	61
contig_53_22L1S1G-1	5975	2119064	60	61
contig_54_22L1S1G-1	6618	2125160	60	61
contig_55_22L1S1G-1	2858	2131910	60	61
contig_56_22L1S1G-1	227815	2134837	60	61
contig_57_22L1S1G-1	162794	2366470	60	61
contig_58_22L1S1G-1	318295	2531999	60	61
contig_6_22L1S1G-1	74750	2855619	60	61
contig_60_22L1S1G-1	610290	2931636	60	61
contig_61_22L1S1G-1	19392	3552119	60	61
contig_62_22L1S1G-1	53798	3571856	60	61
contig_63_22L1S1G-1	115273	3626572	60	61
contig_64_22L1S1G-1	29837	3743788	60	61
contig_65_22L1S1G-1	78544	3774144	60	61
contig_66_22L1S1G-1	6932	3854019	60	61
contig_67_22L1S1G-1	67161	3861088	60	61
contig_68_22L1S1G-1	48488	3929390	60	61
contig_69_22L1S1G-1	77913	3978708	60	61
contig_7_22L1S1G-1	119765	4057940	60	61
contig_70_22L1S1G-1	148089	4179723	60	61
contig_71_22L1S1G-1	28762	4330302	60	61
contig_72_22L1S1G-1	5095	4359565	60	61
contig_73_22L1S1G-1	83240	4364766	60	61
contig_74_22L1S1G-1	59492	4449415	60	61
contig_75_22L1S1G-1	8651	4509920	60	61
contig_8_22L1S1G-1	2128	4518736	60	61
contig_9_22L1S1G-1	17094	4520920	60	61
contig_1_22L1VL55-10	171741	22	60	61
contig_12_22L1VL55-10	3634	174649	60	61
contig_13_22L1VL55-10	123182	178367	60	61
contig_14_22L1VL55-10	155988	303626	60	61
contig_15_22L1VL55-10	42875	462237	60	61
contig_16_22L1VL55-10	494702	505850	60	61
contig_17_22L1VL55-10	62131	1008821	60	61
contig_18_22L1VL55-10	442669	1072011	60	61
contig_19_22L1VL55-10	81083	1522081	60	61
contig_2_22L1VL55-10	156419	1604538	60	61
contig_20_22L1VL55-10	67666	1763587	60	61
contig_3_22L1VL55-10	464385	1832403	60	61
contig_4_22L1VL55-10	88688	2304550	60	61
contig_5_22L1VL55-10	1038435	2394739	60	61
contig_6_22L1VL55-10	78723	3450504	60	61
contig_7_22L1VL55-10	12463	3530562	60	61
contig_8_22L1VL55-10	7005	3543255	60	61
contig_9_22L1VL55-10	78930	3550399	60	61
contig_1_22L1VL55-1	3674888	21	60	61
contig_3_22L1VL55-1	28318	3736179	60	61
contig_4_22L1VL55-1	31652	3764990	60	61
contig_5_22L1VL55-1	4231	3797191	60	61
contig_1_22L1VL55-2	53860	21	60	61
contig_10_22L1VL55-2	20613	54801	60	61
contig_11_22L1VL55-2	22466	75780	60	61
contig_12_22L1VL55-2	11771	98643	60	61
contig_13_22L1VL55-2	14856	110633	60	61
contig_15_22L1VL55-2	24094	125759	60	61
contig_16_22L1VL55-2	5711	150277	60	61
contig_17_22L1VL55-2	21523	156106	60	61
contig_18_22L1VL55-2	33488	178010	60	61
contig_19_22L1VL55-2	10187	212079	60	61
contig_2_22L1VL55-2	17179	222457	60	61
contig_20_22L1VL55-2	17257	239945	60	61
contig_21_22L1VL55-2	45232	257512	60	61
contig_22_22L1VL55-2	12405	303520	60	61
contig_23_22L1VL55-2	2495	316154	60	61
contig_24_22L1VL55-2	57343	318713	60	61
contig_3_22L1VL55-2	3722	377033	60	61
contig_4_22L1VL55-2	30197	380839	60	61
contig_5_22L1VL55-2	35746	411561	60	61
contig_6_22L1VL55-2	119762	447924	60	61
contig_7_22L1VL55-2	53501	569704	60	61
contig_8_22L1VL55-2	22271	624118	60	61
contig_9_22L1VL55-2	24024	646782	60	61
contig_1_22L1VL55-3	171157	21	60	61
contig_2_22L1VL55-3	4251035	174052	60	61
contig_3_22L1VL55-3	57079	4495959	60	61
contig_1_22L1VL55-4	3938386	21	60	61
contig_1_22L1VL55-5	222852	21	60	61
contig_2_22L1VL55-5	1291304	226609	60	61
contig_3_22L1VL55-5	401430	1539456	60	61
contig_4_22L1VL55-5	1505444	1947598	60	61
contig_5_22L1VL55-5	144339	3478154	60	61
contig_1_22L1VL55-6	48872	21	60	61
contig_10_22L1VL55-6	12157	49730	60	61
contig_11_22L1VL55-6	1240	62112	60	61
contig_12_22L1VL55-6	157968	63395	60	61
contig_13_22L1VL55-6	12440	224018	60	61
contig_14_22L1VL55-6	29894	236688	60	61
contig_15_22L1VL55-6	9420	267103	60	61
contig_16_22L1VL55-6	37228	276702	60	61
contig_17_22L1VL55-6	19655	314573	60	61
contig_18_22L1VL55-6	40260	334578	60	61
contig_19_22L1VL55-6	41999	375531	60	61
contig_2_22L1VL55-6	6030	418251	60	61
contig_20_22L1VL55-6	41825	424404	60	61
contig_21_22L1VL55-6	2575	466949	60	61
contig_22_22L1VL55-6	151903	469589	60	61
contig_23_22L1VL55-6	15815	624046	60	61
contig_24_22L1VL55-6	11859	640147	60	61
contig_25_22L1VL55-6	45800	652226	60	61
contig_26_22L1VL55-6	18927	698812	60	61
contig_27_22L1VL55-6	5535	718077	60	61
contig_28_22L1VL55-6	112372	723727	60	61
contig_29_22L1VL55-6	52656	837994	60	61
contig_3_22L1VL55-6	7341	891549	60	61
contig_30_22L1VL55-6	8271	899035	60	61
contig_31_22L1VL55-6	131849	907466	60	61
contig_32_22L1VL55-6	93409	1041535	60	61
contig_33_22L1VL55-6	56555	1136523	60	61
contig_34_22L1VL55-6	32730	1194043	60	61
contig_35_22L1VL55-6	48250	1227341	60	61
contig_36_22L1VL55-6	47717	1276418	60	61
contig_37_22L1VL55-6	25448	1324953	60	61
contig_38_22L1VL55-6	28261	1350848	60	61
contig_39_22L1VL55-6	47706	1379603	60	61
contig_4_22L1VL55-6	6191	1428126	60	61
contig_40_22L1VL55-6	11977	1434443	60	61
contig_41_22L1VL55-6	23146	1446642	60	61
contig_42_22L1VL55-6	15960	1470196	60	61
contig_43_22L1VL55-6	5461	1486444	60	61
contig_44_22L1VL55-6	24691	1492019	60	61
contig_45_22L1VL55-6	3195	1517144	60	61
contig_46_22L1VL55-6	37303	1520415	60	61
contig_47_22L1VL55-6	20839	1558362	60	61
contig_48_22L1VL55-6	4498	1579571	60	61
contig_49_22L1VL55-6	31468	1584166	60	61
contig_5_22L1VL55-6	110189	1616180	60	61
contig_50_22L1VL55-6	4036	1728228	60	61
contig_51_22L1VL55-6	60310	1732354	60	61
contig_52_22L1VL55-6	41549	1793692	60	61
contig_53_22L1VL55-6	5299	1835956	60	61
contig_54_22L1VL55-6	45513	1841366	60	61
contig_55_22L1VL55-6	19673	1887660	60	61
contig_56_22L1VL55-6	12012	1907683	60	61
contig_57_22L1VL55-6	11505	1919918	60	61
contig_58_22L1VL55-6	51474	1931637	60	61
contig_59_22L1VL55-6	10856	1983991	60	61
contig_6_22L1VL55-6	2088	1995049	60	61
contig_60_22L1VL55-6	14279	1997194	60	61
contig_61_22L1VL55-6	110334	2011733	60	61
contig_62_22L1VL55-6	20023	2123928	60	61
contig_63_22L1VL55-6	26509	2144307	60	61
contig_64_22L1VL55-6	17765	2171280	60	61
contig_65_22L1VL55-6	37864	2189364	60	61
contig_66_22L1VL55-6	33932	2227882	60	61
contig_67_22L1VL55-6	72908	2262402	60	61
contig_68_22L1VL55-6	48657	2336548	60	61
contig_69_22L1VL55-6	110193	2386038	60	61
contig_7_22L1VL55-6	3155	2498089	60	61
contig_70_22L1VL55-6	25994	2501319	60	61
contig_71_22L1VL55-6	258633	2527769	60	61
contig_72_22L1VL55-6	66096	2790735	60	61
contig_73_22L1VL55-6	65544	2857955	60	61
contig_74_22L1VL55-6	118283	2924614	60	61
contig_75_22L1VL55-6	50787	3044891	60	61
contig_76_22L1VL55-6	133147	3096547	60	61
contig_77_22L1VL55-6	10863	3231936	60	61
contig_78_22L1VL55-6	77043	3243003	60	61
contig_8_22L1VL55-6	8085	3321352	60	61
contig_9_22L1VL55-6	2390	3329593	60	61
contig_1_22L1VL55-7	83684	21	60	61
contig_2_22L1VL55-7	2895213	85121	60	61
contig_3_22L1VL55-7	585663	3028609	60	61
contig_1_22L1VL55-8	96726	21	60	61
contig_10_22L1VL55-8	117020	98382	60	61
contig_11_22L1VL55-8	184060	217375	60	61
contig_12_22L1VL55-8	125686	404525	60	61
contig_13_22L1VL55-8	81955	532328	60	61
contig_15_22L1VL55-8	1811988	615671	60	61
contig_16_22L1VL55-8	777289	2457881	60	61
contig_17_22L1VL55-8	65820	3248147	60	61
contig_18_22L1VL55-8	136395	3315086	60	61
contig_19_22L1VL55-8	98854	3453777	60	61
contig_2_22L1VL55-8	7934	3554300	60	61
contig_20_22L1VL55-8	132949	3562389	60	61
contig_21_22L1VL55-8	24485	3697576	60	61
contig_22_22L1VL55-8	57392	3722492	60	61
contig_23_22L1VL55-8	115477	3780863	60	61
contig_24_22L1VL55-8	100849	3898287	60	61
contig_25_22L1VL55-8	113686	4000839	60	61
contig_26_22L1VL55-8	8915	4116442	60	61
contig_27_22L1VL55-8	94217	4125528	60	61
contig_28_22L1VL55-8	87656	4221338	60	61
contig_29_22L1VL55-8	107984	4310477	60	61
contig_3_22L1VL55-8	34361	4420282	60	61
contig_30_22L1VL55-8	158071	4455238	60	61
contig_31_22L1VL55-8	14458	4615966	60	61
contig_32_22L1VL55-8	134461	4630687	60	61
contig_33_22L1VL55-8	123789	4767412	60	61
contig_34_22L1VL55-8	39576	4893287	60	61
contig_35_22L1VL55-8	204415	4933545	60	61
contig_36_22L1VL55-8	18995	5141389	60	61
contig_37_22L1VL55-8	43114	5160723	60	61
contig_38_22L1VL55-8	21656	5204578	60	61
contig_39_22L1VL55-8	13972	5226617	60	61
contig_4_22L1VL55-8	7276	5240843	60	61
contig_40_22L1VL55-8	190636	5248263	60	61
contig_41_22L1VL55-8	67541	5442099	60	61
contig_42_22L1VL55-8	97816	5510788	60	61
contig_43_22L1VL55-8	19577	5610257	60	61
contig_44_22L1VL55-8	109248	5630183	60	61
contig_45_22L1VL55-8	59204	5741274	60	61
contig_46_22L1VL55-8	106390	5801487	60	61
contig_47_22L1VL55-8	21014	5909673	60	61
contig_48_22L1VL55-8	110941	5931060	60	61
contig_49_22L1VL55-8	21579	6043873	60	61
contig_5_22L1VL55-8	17562	6065833	60	61
contig_50_22L1VL55-8	19726	6083710	60	61
contig_51_22L1VL55-8	56032	6103787	60	61
contig_52_22L1VL55-8	106473	6160775	60	61
contig_53_22L1VL55-8	44721	6269045	60	61
contig_54_22L1VL55-8	64811	6314534	60	61
contig_55_22L1VL55-8	14362	6380448	60	61
contig_56_22L1VL55-8	26985	6395072	60	61
contig_57_22L1VL55-8	47876	6422529	60	61
contig_58_22L1VL55-8	85784	6471225	60	61
contig_59_22L1VL55-8	36124	6558461	60	61
contig_6_22L1VL55-8	17863	6595209	60	61
contig_60_22L1VL55-8	109791	6613392	60	61
contig_61_22L1VL55-8	25961	6725035	60	61
contig_62_22L1VL55-8	57176	6751451	60	61
contig_7_22L1VL55-8	1029798	6809601	60	61
contig_8_22L1VL55-8	64908	7856584	60	61
contig_9_22L1VL55-8	93958	7922595	60	61
contig_1_22L1VL55-9	3432189	21	60	61
contig_2_22L1VL55-9	144168	3489435	60	61
contig_1_22L2L9-1	130885	19	60	61
contig_2_22L2L9-1	267580	133105	60	61
contig_3_22L2L9-1	24216	405164	60	61
contig_4_22L2L9-1	2884	429803	60	61
contig_5_22L2L9-1	2612	432755	60	61
contig_6_22L2L9-1	420174	435430	60	61
contig_7_22L2L9-1	3201010	862626	60	61
contig_9_22L2L9-1	752992	4117006	60	61
contig_1_22L2L9-3	2042735	19	60	61
contig_10_22L2L9-3	34165	2076820	60	61
contig_11_22L2L9-3	39347	2111575	60	61
contig_12_22L2L9-3	78064	2151598	60	61
contig_13_22L2L9-3	491076	2230984	60	61
contig_14_22L2L9-3	49025	2730265	60	61
contig_2_22L2L9-3	82717	2780127	60	61
contig_3_22L2L9-3	346889	2864242	60	61
contig_4_22L2L9-3	440144	3216932	60	61
contig_5_22L2L9-3	570937	3664431	60	61
contig_6_22L2L9-3	45168	4244903	60	61
contig_7_22L2L9-3	7680	4290843	60	61
contig_8_22L2L9-3	32309	4298670	60	61
contig_9_22L2L9-3	145343	4331537	60	61
contig_1_22L2PE-10	3992236	20	60	61
contig_2_22L2PE-10	68164	4058814	60	61
contig_1_22L2PE-11	3475223	20	60	61
contig_2_22L2PE-11	38494	3533184	60	61
contig_1_22L2PE-12	6438	20	60	61
contig_10_22L2PE-12	6775	6587	60	61
contig_11_22L2PE-12	4112	13496	60	61
contig_12_22L2PE-12	11865	17698	60	61
contig_13_22L2PE-12	5192	29782	60	61
contig_14_22L2PE-12	7430	35082	60	61
contig_15_22L2PE-12	6464	42657	60	61
contig_16_22L2PE-12	8618	49250	60	61
contig_17_22L2PE-12	5931	58033	60	61
contig_18_22L2PE-12	4763	64084	60	61
contig_19_22L2PE-12	9284	68948	60	61
contig_2_22L2PE-12	4768	78407	60	61
contig_20_22L2PE-12	4943	83276	60	61
contig_21_22L2PE-12	7532	88323	60	61
contig_22_22L2PE-12	6717	96002	60	61
contig_23_22L2PE-12	3489	102852	60	61
contig_24_22L2PE-12	22337	106421	60	61
contig_25_22L2PE-12	8464	129152	60	61
contig_26_22L2PE-12	10207	137779	60	61
contig_27_22L2PE-12	21225	148178	60	61
contig_28_22L2PE-12	20121	169778	60	61
contig_29_22L2PE-12	34837	190256	60	61
contig_3_22L2PE-12	4206	225694	60	61
contig_30_22L2PE-12	21365	229992	60	61
contig_31_22L2PE-12	49691	251735	60	61
contig_32_22L2PE-12	3999	302276	60	61
contig_33_22L2PE-12	17896	306363	60	61
contig_34_22L2PE-12	31998	324579	60	61
contig_35_22L2PE-12	6258	357132	60	61
contig_36_22L2PE-12	34789	363516	60	61
contig_37_22L2PE-12	22000	398906	60	61
contig_38_22L2PE-12	2784	421294	60	61
contig_39_22L2PE-12	11936	424146	60	61
contig_4_22L2PE-12	15609	436301	60	61
contig_40_22L2PE-12	2983	452192	60	61
contig_41_22L2PE-12	8350	455246	60	61
contig_42_22L2PE-12	22082	463757	60	61
contig_43_22L2PE-12	50316	486229	60	61
contig_44_22L2PE-12	21202	537405	60	61
contig_45_22L2PE-12	20296	558982	60	61
contig_46_22L2PE-12	6320	579638	60	61
contig_47_22L2PE-12	24743	586085	60	61
contig_48_22L2PE-12	17176	611262	60	61
contig_49_22L2PE-12	19698	628746	60	61
contig_5_22L2PE-12	15613	648793	60	61
contig_50_22L2PE-12	8938	664688	60	61
contig_51_22L2PE-12	8004	673796	60	61
contig_52_22L2PE-12	13587	681955	60	61
contig_53_22L2PE-12	11481	695790	60	61
contig_54_22L2PE-12	8557	707484	60	61
contig_55_22L2PE-12	27559	716205	60	61
contig_56_22L2PE-12	65860	744245	60	61
contig_57_22L2PE-12	28704	811224	60	61
contig_6_22L2PE-12	6313	840427	60	61
contig_7_22L2PE-12	20621	846866	60	61
contig_8_22L2PE-12	10490	867851	60	61
contig_9_22L2PE-12	14478	878536	60	61
contig_1_22L2PE-13	3358854	20	60	61
contig_1_22L2PE-14	3625033	20	60	61
contig_2_22L2PE-14	212558	3685491	60	61
contig_3_22L2PE-14	49825	3901612	60	61
contig_1_22L2PE-15	3475325	20	60	61
contig_2_22L2PE-15	38484	3533288	60	61
contig_1_22L2PE-17	3475281	20	60	61
contig_2_22L2PE-17	36979	3533243	60	61
contig_3_22L2PE-17	38486	3570859	60	61
contig_1_22L2PE-18	3475681	20	60	61
contig_2_22L2PE-18	52685	3533650	60	61
contig_3_22L2PE-18	76966	3587234	60	61
contig_1_22L2PE-19	3475314	20	60	61
contig_2_22L2PE-19	76972	3533276	60	61
contig_1_22L2PE-1	2313	19	60	61
contig_10_22L2PE-1	2500	2391	60	61
contig_11_22L2PE-1	2725	4953	60	61
contig_12_22L2PE-1	9061	7744	60	61
contig_13_22L2PE-1	2374	16977	60	61
contig_14_22L2PE-1	6130	19411	60	61
contig_15_22L2PE-1	4049	25664	60	61
contig_16_22L2PE-1	7600	29801	60	61
contig_17_22L2PE-1	7982	37548	60	61
contig_18_22L2PE-1	8537	45684	60	61
contig_19_22L2PE-1	4228	54384	60	61
contig_2_22L2PE-1	8281	58702	60	61
contig_20_22L2PE-1	4668	67142	60	61
contig_21_22L2PE-1	2480	71908	60	61
contig_22_22L2PE-1	3574	74450	60	61
contig_23_22L2PE-1	2506	78104	60	61
contig_24_22L2PE-1	3742	80672	60	61
contig_25_22L2PE-1	2892	84497	60	61
contig_26_22L2PE-1	5916	87458	60	61
contig_27_22L2PE-1	5536	93493	60	61
contig_28_22L2PE-1	4295	99142	60	61
contig_3_22L2PE-1	7129	103528	60	61
contig_4_22L2PE-1	11078	110795	60	61
contig_5_22L2PE-1	2925	122077	60	61
contig_6_22L2PE-1	2486	125070	60	61
contig_7_22L2PE-1	2842	127617	60	61
contig_8_22L2PE-1	7936	130526	60	61
contig_9_22L2PE-1	3806	138614	60	61
contig_1_22L2PE-20	3358734	20	60	61
contig_1_22L2PE-2	4247015	19	60	61
contig_2_22L2PE-2	79763	4317837	60	61
contig_1_22L2PE-3	2491	19	60	61
contig_10_22L2PE-3	5593	2572	60	61
contig_100_22L2PE-3	132489	8280	60	61
contig_101_22L2PE-3	66496	142999	60	61
contig_102_22L2PE-3	381095	210625	60	61
contig_103_22L2PE-3	48806	598093	60	61
contig_104_22L2PE-3	36530	647734	60	61
contig_105_22L2PE-3	80092	684894	60	61
contig_106_22L2PE-3	65428	766342	60	61
contig_107_22L2PE-3	72856	832882	60	61
contig_108_22L2PE-3	68963	906974	60	61
contig_11_22L2PE-3	108310	977107	60	61
contig_12_22L2PE-3	265023	1087243	60	61
contig_13_22L2PE-3	6738	1356704	60	61
contig_14_22L2PE-3	10088	1363575	60	61
contig_15_22L2PE-3	14434	1373852	60	61
contig_16_22L2PE-3	18218	1388547	60	61
contig_17_22L2PE-3	2900	1407089	60	61
contig_18_22L2PE-3	18264	1410058	60	61
contig_19_22L2PE-3	22104	1428647	60	61
contig_2_22L2PE-3	142334	1451139	60	61
contig_20_22L2PE-3	15768	1595866	60	61
contig_21_22L2PE-3	32022	1611917	60	61
contig_22_22L2PE-3	2366	1644493	60	61
contig_23_22L2PE-3	202949	1646919	60	61
contig_24_22L2PE-3	196322	1853271	60	61
contig_25_22L2PE-3	7660	2052886	60	61
contig_26_22L2PE-3	4282	2060694	60	61
contig_27_22L2PE-3	23521	2065068	60	61
contig_28_22L2PE-3	55739	2089002	60	61
contig_29_22L2PE-3	1647	2145690	60	61
contig_3_22L2PE-3	6751	2147384	60	61
contig_30_22L2PE-3	58024	2154268	60	61
contig_31_22L2PE-3	2925	2213280	60	61
contig_32_22L2PE-3	118749	2216274	60	61
contig_33_22L2PE-3	6534	2337023	60	61
contig_34_22L2PE-3	138713	2343686	60	61
contig_35_22L2PE-3	5202	2484731	60	61
contig_36_22L2PE-3	89149	2490040	60	61
contig_37_22L2PE-3	21860	2580695	60	61
contig_38_22L2PE-3	12539	2602940	60	61
contig_39_22L2PE-3	20011	2615708	60	61
contig_4_22L2PE-3	13801	2636072	60	61
contig_40_22L2PE-3	8214	2650124	60	61
contig_41_22L2PE-3	2851	2658495	60	61
contig_42_22L2PE-3	119076	2661414	60	61
contig_43_22L2PE-3	59669	2782495	60	61
contig_44_22L2PE-3	47880	2843179	60	61
contig_45_22L2PE-3	34097	2891877	60	61
contig_46_22L2PE-3	74493	2926563	60	61
contig_47_22L2PE-3	130362	3002318	60	61
contig_48_22L2PE-3	21204	3134873	60	61
contig_49_22L2PE-3	34584	3156451	60	61
contig_5_22L2PE-3	283183	3191631	60	61
contig_50_22L2PE-3	474611	3479554	60	61
contig_51_22L2PE-3	59685	3962096	60	61
contig_52_22L2PE-3	65130	4022796	60	61
contig_53_22L2PE-3	245376	4089032	60	61
contig_54_22L2PE-3	238528	4338518	60	61
contig_55_22L2PE-3	186649	4581042	60	61
contig_56_22L2PE-3	40180	4770822	60	61
contig_57_22L2PE-3	224031	4811692	60	61
contig_58_22L2PE-3	122478	5039477	60	61
contig_59_22L2PE-3	409102	5164017	60	61
contig_6_22L2PE-3	11948	5579957	60	61
contig_60_22L2PE-3	189079	5592125	60	61
contig_61_22L2PE-3	19501	5784376	60	61
contig_62_22L2PE-3	149759	5804223	60	61
contig_63_22L2PE-3	8015	5956498	60	61
contig_64_22L2PE-3	42644	5964667	60	61
contig_65_22L2PE-3	75527	6008042	60	61
contig_66_22L2PE-3	7044	6084848	60	61
contig_67_22L2PE-3	45186	6092030	60	61
contig_68_22L2PE-3	92464	6137990	60	61
contig_69_22L2PE-3	78543	6232016	60	61
contig_7_22L2PE-3	12342	6311888	60	61
contig_70_22L2PE-3	80506	6324456	60	61
contig_71_22L2PE-3	63907	6406324	60	61
contig_72_22L2PE-3	254568	6471317	60	61
contig_73_22L2PE-3	132656	6730148	60	61
contig_74_22L2PE-3	209536	6865035	60	61
contig_75_22L2PE-3	115005	7078084	60	61
contig_76_22L2PE-3	12157	7195026	60	61
contig_77_22L2PE-3	19012	7207406	60	61
contig_78_22L2PE-3	63027	7226755	60	61
contig_79_22L2PE-3	199705	7290853	60	61
contig_8_22L2PE-3	45919	7493906	60	61
contig_80_22L2PE-3	206541	7540611	60	61
contig_81_22L2PE-3	136710	7750615	60	61
contig_82_22L2PE-3	148439	7889624	60	61
contig_83_22L2PE-3	20230	8040557	60	61
contig_84_22L2PE-3	50496	8061145	60	61
contig_85_22L2PE-3	64444	8112503	60	61
contig_86_22L2PE-3	74871	8178042	60	61
contig_87_22L2PE-3	118361	8254181	60	61
contig_88_22L2PE-3	117393	8374535	60	61
contig_89_22L2PE-3	154273	8493905	60	61
contig_9_22L2PE-3	67315	8650769	60	61
contig_90_22L2PE-3	12316	8719226	60	61
contig_91_22L2PE-3	58656	8731768	60	61
contig_92_22L2PE-3	38246	8791422	60	61
contig_93_22L2PE-3	76445	8830326	60	61
contig_94_22L2PE-3	23144	8908066	60	61
contig_95_22L2PE-3	13673	8931616	60	61
contig_96_22L2PE-3	10333	8945537	60	61
contig_97_22L2PE-3	13970	8956063	60	61
contig_98_22L2PE-3	4097	8970286	60	61
contig_99_22L2PE-3	21880	8974472	60	61
contig_1_22L2PE-4	258714	19	60	61
contig_10_22L2PE-4	12587	263065	60	61
contig_100_22L2PE-4	110368	275883	60	61
contig_101_22L2PE-4	132150	388112	60	61
contig_102_22L2PE-4	21425	522486	60	61
contig_103_22L2PE-4	66237	544290	60	61
contig_104_22L2PE-4	139393	611652	60	61
contig_105_22L2PE-4	51163	753390	60	61
contig_106_22L2PE-4	489361	805427	60	61
contig_107_22L2PE-4	56289	1302966	60	61
contig_108_22L2PE-4	358857	1360215	60	61
contig_109_22L2PE-4	25209	1725074	60	61
contig_11_22L2PE-4	42499	1750724	60	61
contig_110_22L2PE-4	150219	1793953	60	61
contig_111_22L2PE-4	28245	1946697	60	61
contig_113_22L2PE-4	17078	1975434	60	61
contig_114_22L2PE-4	68774	1992818	60	61
contig_115_22L2PE-4	66858	2062760	60	61
contig_116_22L2PE-4	241860	2130754	60	61
contig_117_22L2PE-4	121306	2376666	60	61
contig_12_22L2PE-4	38041	2500014	60	61
contig_13_22L2PE-4	16099	2538710	60	61
contig_14_22L2PE-4	3360	2555098	60	61
contig_15_22L2PE-4	43874	2558534	60	61
contig_16_22L2PE-4	11258	2603160	60	61
contig_17_22L2PE-4	21178	2614626	60	61
contig_18_22L2PE-4	57692	2636177	60	61
contig_19_22L2PE-4	123147	2694851	60	61
contig_2_22L2PE-4	71656	2820070	60	61
contig_20_22L2PE-4	12632	2892941	60	61
contig_21_22L2PE-4	15638	2905804	60	61
contig_22_22L2PE-4	92129	2921723	60	61
contig_23_22L2PE-4	17015	3015408	60	61
contig_24_22L2PE-4	69020	3032727	60	61
contig_25_22L2PE-4	35136	3102918	60	61
contig_26_22L2PE-4	2346	3138660	60	61
contig_27_22L2PE-4	25748	3141066	60	61
contig_28_22L2PE-4	10659	3167264	60	61
contig_29_22L2PE-4	6749	3178121	60	61
contig_3_22L2PE-4	89950	3185002	60	61
contig_30_22L2PE-4	20980	3276472	60	61
contig_31_22L2PE-4	2819	3297822	60	61
contig_32_22L2PE-4	11969	3300708	60	61
contig_33_22L2PE-4	8455	3312897	60	61
contig_34_22L2PE-4	5616	3321513	60	61
contig_35_22L2PE-4	3447	3327243	60	61
contig_36_22L2PE-4	11826	3330768	60	61
contig_37_22L2PE-4	20047	3342812	60	61
contig_38_22L2PE-4	14077	3363214	60	61
contig_39_22L2PE-4	16339	3377546	60	61
contig_4_22L2PE-4	54151	3394177	60	61
contig_40_22L2PE-4	30464	3449251	60	61
contig_41_22L2PE-4	58444	3480243	60	61
contig_43_22L2PE-4	186905	3539682	60	61
contig_44_22L2PE-4	157846	3729723	60	61
contig_45_22L2PE-4	62439	3890220	60	61
contig_46_22L2PE-4	233950	3953720	60	61
contig_47_22L2PE-4	86246	4191590	60	61
contig_48_22L2PE-4	12470	4279294	60	61
contig_49_22L2PE-4	132671	4291992	60	61
contig_5_22L2PE-4	15064	4426894	60	61
contig_50_22L2PE-4	91895	4442230	60	61
contig_51_22L2PE-4	102113	4535677	60	61
contig_52_22L2PE-4	49495	4639512	60	61
contig_53_22L2PE-4	447554	4689852	60	61
contig_54_22L2PE-4	33585	5144886	60	61
contig_55_22L2PE-4	149108	5179051	60	61
contig_56_22L2PE-4	211837	5330665	60	61
contig_57_22L2PE-4	131007	5546053	60	61
contig_58_22L2PE-4	66303	5679264	60	61
contig_59_22L2PE-4	18245	5746693	60	61
contig_6_22L2PE-4	46303	5765262	60	61
contig_60_22L2PE-4	23679	5812357	60	61
contig_61_22L2PE-4	99430	5836451	60	61
contig_62_22L2PE-4	48913	5937559	60	61
contig_63_22L2PE-4	12154	5987308	60	61
contig_64_22L2PE-4	10194	5999685	60	61
contig_65_22L2PE-4	186268	6010069	60	61
contig_66_22L2PE-4	87122	6199462	60	61
contig_67_22L2PE-4	166153	6288057	60	61
contig_69_22L2PE-4	18240	6457000	60	61
contig_7_22L2PE-4	23730	6475563	60	61
contig_70_22L2PE-4	6065	6499709	60	61
contig_72_22L2PE-4	48889	6505896	60	61
contig_73_22L2PE-4	16333	6555620	60	61
contig_74_22L2PE-4	25401	6572246	60	61
contig_75_22L2PE-4	99770	6598091	60	61
contig_76_22L2PE-4	6174	6699544	60	61
contig_77_22L2PE-4	120300	6705841	60	61
contig_78_22L2PE-4	33161	6828166	60	61
contig_79_22L2PE-4	99688	6861900	60	61
contig_8_22L2PE-4	1931	6963269	60	61
contig_80_22L2PE-4	12314	6965253	60	61
contig_81_22L2PE-4	13542	6977793	60	61
contig_82_22L2PE-4	8430	6991581	60	61
contig_83_22L2PE-4	123605	7000172	60	61
contig_84_22L2PE-4	11217	7125858	60	61
contig_85_22L2PE-4	76789	7137282	60	61
contig_86_22L2PE-4	57736	7215371	60	61
contig_87_22L2PE-4	44663	7274090	60	61
contig_88_22L2PE-4	80263	7319518	60	61
contig_89_22L2PE-4	71589	7401139	60	61
contig_9_22L2PE-4	148031	7473941	60	61
contig_90_22L2PE-4	40342	7624460	60	61
contig_91_22L2PE-4	30756	7665495	60	61
contig_92_22L2PE-4	34074	7696784	60	61
contig_93_22L2PE-4	47889	7731446	60	61
contig_94_22L2PE-4	92575	7780154	60	61
contig_95_22L2PE-4	10953	7874292	60	61
contig_96_22L2PE-4	120757	7885448	60	61
contig_97_22L2PE-4	27763	8008238	60	61
contig_98_22L2PE-4	19301	8036484	60	61
contig_99_22L2PE-4	264694	8056127	60	61
scaffold_112_22L2PE-4	323090	8325256	60	61
contig_1_22L2PE-5	464944	19	60	61
contig_2_22L2PE-5	4931213	472732	60	61
contig_3_22L2PE-5	99890	5486151	60	61
contig_1_22L2PE-6	3124762	19	60	61
contig_1_22L2PE-7	5615616	19	60	61
contig_2_22L2PE-7	5633	5709248	60	61
contig_3_22L2PE-7	3719708	5714994	60	61
contig_4_22L2PE-7	2669	9496717	60	61
contig_5_22L2PE-7	1162	9499450	60	61
contig_1_22L2PE-8	5615720	19	60	61
contig_1_22L2PE-9	3456178	19	60	61
contig_1_22L2R2A-10	4141301	21	60	61
contig_2_22L2R2A-10	264372	4210365	60	61
contig_3_22L2R2A-10	58328	4479165	60	61
contig_1_22L2R2A-11	4042391	21	60	61
contig_2_22L2R2A-11	131213	4109807	60	61
contig_3_22L2R2A-11	500010	4243228	60	61
contig_4_22L2R2A-11	94110	4751593	60	61
contig_5_22L2R2A-11	151164	4847293	60	61
contig_1_22L2R2A-12	3998556	21	60	61
contig_2_22L2R2A-12	87588	4065241	60	61
contig_3_22L2R2A-12	259934	4154310	60	61
contig_1_22L2R2A-13	3389429	21	60	61
contig_1_22L2R2A-14	3752397	21	60	61
contig_1_22L2R2A-15	3686	21	60	61
contig_10_22L2R2A-15	26865	3791	60	61
contig_11_22L2R2A-15	12216	31126	60	61
contig_12_22L2R2A-15	15754	43568	60	61
contig_13_22L2R2A-15	5050	59607	60	61
contig_14_22L2R2A-15	6562	64764	60	61
contig_15_22L2R2A-15	14339	71458	60	61
contig_16_22L2R2A-15	15711	86058	60	61
contig_17_22L2R2A-15	7799	102053	60	61
contig_18_22L2R2A-15	10951	110004	60	61
contig_19_22L2R2A-15	7879	121160	60	61
contig_2_22L2R2A-15	7730	129192	60	61
contig_20_22L2R2A-15	15435	137073	60	61
contig_21_22L2R2A-15	6484	152788	60	61
contig_22_22L2R2A-15	15477	159403	60	61
contig_23_22L2R2A-15	13687	175160	60	61
contig_24_22L2R2A-15	16629	189098	60	61
contig_25_22L2R2A-15	5209	206027	60	61
contig_26_22L2R2A-15	13468	211345	60	61
contig_27_22L2R2A-15	5620	225060	60	61
contig_28_22L2R2A-15	5968	230796	60	61
contig_29_22L2R2A-15	2766	236886	60	61
contig_3_22L2R2A-15	19356	239720	60	61
contig_30_22L2R2A-15	7716	259421	60	61
contig_31_22L2R2A-15	17244	267288	60	61
contig_32_22L2R2A-15	5933	284842	60	61
contig_33_22L2R2A-15	16630	290896	60	61
contig_34_22L2R2A-15	16490	307826	60	61
contig_35_22L2R2A-15	7754	324613	60	61
contig_36_22L2R2A-15	8762	332519	60	61
contig_37_22L2R2A-15	7031	341450	60	61
contig_38_22L2R2A-15	5744	348621	60	61
contig_39_22L2R2A-15	4849	354483	60	61
contig_4_22L2R2A-15	35379	359434	60	61
contig_40_22L2R2A-15	6342	395425	60	61
contig_41_22L2R2A-15	8115	401895	60	61
contig_42_22L2R2A-15	6446	410168	60	61
contig_43_22L2R2A-15	25266	416744	60	61
contig_44_22L2R2A-15	11483	442454	60	61
contig_45_22L2R2A-15	3543	454151	60	61
contig_46_22L2R2A-15	19816	457776	60	61
contig_47_22L2R2A-15	6718	477945	60	61
contig_48_22L2R2A-15	2879	484797	60	61
contig_49_22L2R2A-15	13965	487746	60	61
contig_5_22L2R2A-15	7867	501965	60	61
contig_50_22L2R2A-15	16425	509986	60	61
contig_51_22L2R2A-15	22656	526707	60	61
contig_52_22L2R2A-15	16542	549763	60	61
contig_53_22L2R2A-15	5136	566603	60	61
contig_54_22L2R2A-15	5753	571847	60	61
contig_55_22L2R2A-15	8524	577718	60	61
contig_56_22L2R2A-15	20127	586407	60	61
contig_57_22L2R2A-15	8097	606892	60	61
contig_58_22L2R2A-15	9414	615146	60	61
contig_59_22L2R2A-15	5052	624739	60	61
contig_6_22L2R2A-15	19837	629897	60	61
contig_60_22L2R2A-15	2551	650087	60	61
contig_61_22L2R2A-15	7321	652703	60	61
contig_62_22L2R2A-15	23570	660169	60	61
contig_63_22L2R2A-15	21108	684154	60	61
contig_64_22L2R2A-15	3552	705636	60	61
contig_65_22L2R2A-15	10581	709270	60	61
contig_66_22L2R2A-15	3818	720050	60	61
contig_67_22L2R2A-15	9008	723954	60	61
contig_68_22L2R2A-15	6238	733135	60	61
contig_69_22L2R2A-15	15027	739499	60	61
contig_7_22L2R2A-15	10625	754798	60	61
contig_70_22L2R2A-15	4956	765623	60	61
contig_71_22L2R2A-15	51793	770684	60	61
contig_72_22L2R2A-15	10373	823363	60	61
contig_73_22L2R2A-15	12999	833931	60	61
contig_74_22L2R2A-15	10569	847169	60	61
contig_8_22L2R2A-15	2618	857936	60	61
contig_9_22L2R2A-15	12906	860619	60	61
contig_1_22L2R2A-16	2545063	21	60	61
contig_2_22L2R2A-16	2514	2587523	60	61
contig_1_22L2R2A-17	371033	21	60	61
contig_2_22L2R2A-17	278383	377259	60	61
contig_3_22L2R2A-17	40835	660303	60	61
contig_4_22L2R2A-17	3813324	701840	60	61
contig_1_22L2R2A-18	3938884	21	60	61
contig_2_22L2R2A-18	66294	4004575	60	61
contig_3_22L2R2A-18	17829	4071995	60	61
contig_1_22L2R2A-1	3555226	20	60	61
contig_1_22L2R2A-2	127568	20	60	61
contig_10_22L2R2A-2	13947	129736	60	61
contig_11_22L2R2A-2	4453642	143937	60	61
contig_12_22L2R2A-2	3496	4671828	60	61
contig_13_22L2R2A-2	94113	4675404	60	61
contig_14_22L2R2A-2	296149	4771107	60	61
contig_2_22L2R2A-2	368427	5072212	60	61
contig_3_22L2R2A-2	151801	5446800	60	61
contig_4_22L2R2A-2	130586	5601152	60	61
contig_5_22L2R2A-2	1029199	5733935	60	61
contig_6_22L2R2A-2	1572673	6780308	60	61
contig_7_22L2R2A-2	442192	8379213	60	61
contig_8_22L2R2A-2	680249	8828795	60	61
contig_1_22L2R2A-3	4309802	20	60	61
contig_2_22L2R2A-3	264298	4381673	60	61
contig_1_22L2R2A-4	2465	20	60	61
contig_2_22L2R2A-4	2989	2547	60	61
contig_3_22L2R2A-4	3632	5606	60	61
contig_4_22L2R2A-4	2444	9319	60	61
contig_5_22L2R2A-4	2599	11824	60	61
contig_1_22L2R2A-5	83574	20	60	61
contig_2_22L2R2A-5	1208944	85007	60	61
contig_3_22L2R2A-5	7537	1314121	60	61
contig_4_22L2R2A-5	28523	1321804	60	61
contig_5_22L2R2A-5	2824506	1350823	60	61
contig_6_22L2R2A-5	500753	4222425	60	61
contig_7_22L2R2A-5	86294	4731544	60	61
contig_8_22L2R2A-5	94165	4819297	60	61
contig_1_22L2R2A-6	6174	20	60	61
contig_10_22L2R2A-6	10821	6318	60	61
contig_11_22L2R2A-6	10425	17341	60	61
contig_12_22L2R2A-6	2531	27961	60	61
contig_13_22L2R2A-6	2547	30556	60	61
contig_14_22L2R2A-6	13462	33167	60	61
contig_15_22L2R2A-6	20547	46875	60	61
contig_16_22L2R2A-6	3894	67786	60	61
contig_17_22L2R2A-6	8707	71766	60	61
contig_18_22L2R2A-6	2502	80640	60	61
contig_19_22L2R2A-6	16835	83205	60	61
contig_2_22L2R2A-6	4526	100341	60	61
contig_20_22L2R2A-6	18165	104964	60	61
contig_21_22L2R2A-6	3576	123453	60	61
contig_22_22L2R2A-6	3797	127110	60	61
contig_23_22L2R2A-6	37237	130992	60	61
contig_24_22L2R2A-6	24314	168871	60	61
contig_25_22L2R2A-6	43891	193612	60	61
contig_26_22L2R2A-6	3322	238256	60	61
contig_27_22L2R2A-6	21592	241655	60	61
contig_28_22L2R2A-6	6011	263628	60	61
contig_29_22L2R2A-6	4455	269761	60	61
contig_3_22L2R2A-6	6647	274311	60	61
contig_30_22L2R2A-6	29839	281090	60	61
contig_4_22L2R2A-6	7743	311447	60	61
contig_5_22L2R2A-6	11532	319340	60	61
contig_6_22L2R2A-6	5402	331085	60	61
contig_7_22L2R2A-6	2551	336598	60	61
contig_8_22L2R2A-6	5946	339212	60	61
contig_9_22L2R2A-6	3774	345278	60	61
contig_1_22L2R2A-7	4291373	20	60	61
contig_2_22L2R2A-7	264288	4362936	60	61
contig_1_22L2R2A-8	264380	20	60	61
contig_2_22L2R2A-8	4141649	268827	60	61
contig_3_22L2R2A-8	58347	4479524	60	61
contig_1_22L2R2A-9	375975	20	60	61
contig_10_22L2R2A-9	22063	382283	60	61
contig_11_22L2R2A-9	397014	404735	60	61
contig_12_22L2R2A-9	18032	808387	60	61
contig_13_22L2R2A-9	310887	826741	60	61
contig_14_22L2R2A-9	15156	1142831	60	61
contig_15_22L2R2A-9	15540	1158261	60	61
contig_16_22L2R2A-9	36032	1174081	60	61
contig_17_22L2R2A-9	3209	1210735	60	61
contig_18_22L2R2A-9	4944	1214019	60	61
contig_19_22L2R2A-9	23868	1219067	60	61
contig_2_22L2R2A-9	248798	1243353	60	61
contig_20_22L2R2A-9	16643	1496319	60	61
contig_21_22L2R2A-9	45085	1513261	60	61
contig_22_22L2R2A-9	18371	1559119	60	61
contig_23_22L2R2A-9	172171	1577818	60	61
contig_24_22L2R2A-9	28980	1752880	60	61
contig_25_22L2R2A-9	507963	1782364	60	61
contig_27_22L2R2A-9	475903	2298815	60	61
contig_28_22L2R2A-9	238749	2782671	60	61
contig_29_22L2R2A-9	79801	3025421	60	61
contig_3_22L2R2A-9	138571	3106573	60	61
contig_30_22L2R2A-9	294692	3247475	60	61
contig_31_22L2R2A-9	42899	3547100	60	61
contig_32_22L2R2A-9	339870	3590735	60	61
contig_33_22L2R2A-9	518155	3936291	60	61
contig_4_22L2R2A-9	26776	4463102	60	61
contig_5_22L2R2A-9	248732	4490345	60	61
contig_6_22L2R2A-9	8091	4743243	60	61
contig_7_22L2R2A-9	15164	4751489	60	61
contig_8_22L2R2A-9	28073	4766926	60	61
contig_9_22L2R2A-9	75434	4795487	60	61
contig_1_22L2S1G-1	2242	20	60	61
contig_10_22L2S1G-1	11679	2321	60	61
contig_100_22L2S1G-1	13981	14217	60	61
contig_101_22L2S1G-1	4030	28454	60	61
contig_102_22L2S1G-1	2882	32574	60	61
contig_103_22L2S1G-1	23216	35527	60	61
contig_104_22L2S1G-1	3736	59152	60	61
contig_105_22L2S1G-1	70597	62973	60	61
contig_106_22L2S1G-1	5282	134769	60	61
contig_107_22L2S1G-1	13321	140162	60	61
contig_108_22L2S1G-1	13379	153728	60	61
contig_109_22L2S1G-1	2335	167352	60	61
contig_11_22L2S1G-1	12880	169747	60	61
contig_110_22L2S1G-1	9369	182864	60	61
contig_111_22L2S1G-1	13948	192412	60	61
contig_112_22L2S1G-1	8961	206615	60	61
contig_113_22L2S1G-1	4328	215748	60	61
contig_114_22L2S1G-1	9779	220171	60	61
contig_115_22L2S1G-1	2507	230135	60	61
contig_116_22L2S1G-1	3997	232706	60	61
contig_117_22L2S1G-1	6967	236792	60	61
contig_118_22L2S1G-1	4363	243898	60	61
contig_119_22L2S1G-1	4450	248356	60	61
contig_12_22L2S1G-1	14842	252902	60	61
contig_120_22L2S1G-1	5217	268014	60	61
contig_121_22L2S1G-1	13095	273340	60	61
contig_122_22L2S1G-1	2242	286676	60	61
contig_123_22L2S1G-1	6928	288978	60	61
contig_124_22L2S1G-1	6795	296044	60	61
contig_125_22L2S1G-1	3034	302975	60	61
contig_126_22L2S1G-1	5532	306082	60	61
contig_127_22L2S1G-1	2706	311729	60	61
contig_128_22L2S1G-1	2462	314503	60	61
contig_129_22L2S1G-1	10973	317029	60	61
contig_13_22L2S1G-1	11333	328206	60	61
contig_130_22L2S1G-1	17676	339750	60	61
contig_131_22L2S1G-1	4834	357743	60	61
contig_132_22L2S1G-1	10306	362680	60	61
contig_133_22L2S1G-1	2888	373180	60	61
contig_134_22L2S1G-1	7708	376139	60	61
contig_135_22L2S1G-1	2278	383998	60	61
contig_136_22L2S1G-1	4265	386336	60	61
contig_137_22L2S1G-1	10002	390695	60	61
contig_138_22L2S1G-1	2787	400886	60	61
contig_139_22L2S1G-1	3929	403742	60	61
contig_14_22L2S1G-1	8101	407758	60	61
contig_140_22L2S1G-1	6065	416017	60	61
contig_141_22L2S1G-1	2975	422206	60	61
contig_142_22L2S1G-1	2989	425253	60	61
contig_143_22L2S1G-1	3011	428314	60	61
contig_144_22L2S1G-1	5224	431398	60	61
contig_145_22L2S1G-1	3161	436732	60	61
contig_146_22L2S1G-1	2260	439968	60	61
contig_147_22L2S1G-1	5353	442288	60	61
contig_148_22L2S1G-1	19831	447753	60	61
contig_149_22L2S1G-1	3872	467937	60	61
contig_15_22L2S1G-1	4178	471895	60	61
contig_150_22L2S1G-1	3469	476165	60	61
contig_151_22L2S1G-1	2455	479714	60	61
contig_152_22L2S1G-1	3251	482232	60	61
contig_153_22L2S1G-1	2086	485560	60	61
contig_154_22L2S1G-1	4535	487703	60	61
contig_155_22L2S1G-1	5559	492336	60	61
contig_156_22L2S1G-1	3430	498010	60	61
contig_157_22L2S1G-1	4857	501520	60	61
contig_158_22L2S1G-1	3356	506480	60	61
contig_159_22L2S1G-1	2925	509914	60	61
contig_16_22L2S1G-1	14450	512909	60	61
contig_160_22L2S1G-1	2728	527622	60	61
contig_161_22L2S1G-1	5392	530418	60	61
contig_162_22L2S1G-1	2280	535922	60	61
contig_163_22L2S1G-1	4641	538262	60	61
contig_164_22L2S1G-1	5318	543003	60	61
contig_165_22L2S1G-1	8923	548432	60	61
contig_166_22L2S1G-1	5217	557526	60	61
contig_167_22L2S1G-1	3010	562852	60	61
contig_168_22L2S1G-1	16773	565935	60	61
contig_169_22L2S1G-1	28719	583010	60	61
contig_17_22L2S1G-1	10311	612229	60	61
contig_170_22L2S1G-1	7058	622734	60	61
contig_171_22L2S1G-1	21843	629932	60	61
contig_172_22L2S1G-1	17664	652162	60	61
contig_173_22L2S1G-1	4002	670143	60	61
contig_174_22L2S1G-1	7364	674234	60	61
contig_175_22L2S1G-1	22104	681743	60	61
contig_176_22L2S1G-1	15049	704238	60	61
contig_177_22L2S1G-1	4051	719560	60	61
contig_178_22L2S1G-1	3769	723701	60	61
contig_179_22L2S1G-1	5937	727555	60	61
contig_18_22L2S1G-1	8508	733612	60	61
contig_180_22L2S1G-1	3229	742284	60	61
contig_181_22L2S1G-1	8839	745589	60	61
contig_182_22L2S1G-1	22720	754598	60	61
contig_183_22L2S1G-1	8333	777719	60	61
contig_184_22L2S1G-1	10954	786213	60	61
contig_185_22L2S1G-1	6138	797372	60	61
contig_186_22L2S1G-1	10561	803635	60	61
contig_187_22L2S1G-1	7192	814395	60	61
contig_188_22L2S1G-1	2301	821729	60	61
contig_189_22L2S1G-1	15224	824091	60	61
contig_19_22L2S1G-1	2384	839590	60	61
contig_190_22L2S1G-1	47907	842036	60	61
contig_191_22L2S1G-1	10373	890764	60	61
contig_192_22L2S1G-1	25140	901332	60	61
contig_193_22L2S1G-1	5130	926913	60	61
contig_194_22L2S1G-1	10805	932151	60	61
contig_195_22L2S1G-1	3490	943159	60	61
contig_196_22L2S1G-1	9729	946730	60	61
contig_197_22L2S1G-1	34078	956644	60	61
contig_198_22L2S1G-1	3533	991312	60	61
contig_199_22L2S1G-1	27410	994926	60	61
contig_2_22L2S1G-1	7386	1022813	60	61
contig_20_22L2S1G-1	3370	1030344	60	61
contig_200_22L2S1G-1	18201	1033793	60	61
contig_201_22L2S1G-1	18915	1052320	60	61
contig_202_22L2S1G-1	9155	1071573	60	61
contig_203_22L2S1G-1	2782	1080903	60	61
contig_204_22L2S1G-1	19908	1083754	60	61
contig_205_22L2S1G-1	7061	1104016	60	61
contig_206_22L2S1G-1	12387	1111217	60	61
contig_207_22L2S1G-1	39905	1123833	60	61
contig_208_22L2S1G-1	5943	1164426	60	61
contig_209_22L2S1G-1	18375	1170491	60	61
contig_21_22L2S1G-1	16006	1189194	60	61
contig_210_22L2S1G-1	3354	1205489	60	61
contig_211_22L2S1G-1	27953	1208921	60	61
contig_212_22L2S1G-1	57463	1237362	60	61
contig_213_22L2S1G-1	46603	1295805	60	61
contig_214_22L2S1G-1	33740	1343207	60	61
contig_215_22L2S1G-1	12152	1377532	60	61
contig_216_22L2S1G-1	8351	1389909	60	61
contig_217_22L2S1G-1	2682	1398422	60	61
contig_218_22L2S1G-1	29115	1401171	60	61
contig_22_22L2S1G-1	8170	1430793	60	61
contig_23_22L2S1G-1	10003	1439121	60	61
contig_24_22L2S1G-1	21703	1449312	60	61
contig_25_22L2S1G-1	10155	1471398	60	61
contig_26_22L2S1G-1	2674	1481744	60	61
contig_28_22L2S1G-1	16894	1484484	60	61
contig_29_22L2S1G-1	4310	1501681	60	61
contig_3_22L2S1G-1	19661	1506083	60	61
contig_30_22L2S1G-1	2301	1526093	60	61
contig_31_22L2S1G-1	7801	1528454	60	61
contig_32_22L2S1G-1	4386	1536407	60	61
contig_33_22L2S1G-1	5588	1540888	60	61
contig_34_22L2S1G-1	18409	1546591	60	61
contig_35_22L2S1G-1	13690	1565328	60	61
contig_36_22L2S1G-1	8012	1579268	60	61
contig_37_22L2S1G-1	10045	1587435	60	61
contig_38_22L2S1G-1	28900	1597669	60	61
contig_39_22L2S1G-1	8067	1627072	60	61
contig_4_22L2S1G-1	7692	1635294	60	61
contig_40_22L2S1G-1	22839	1643136	60	61
contig_41_22L2S1G-1	22063	1666377	60	61
contig_42_22L2S1G-1	5296	1688829	60	61
contig_43_22L2S1G-1	13951	1694235	60	61
contig_44_22L2S1G-1	16510	1708440	60	61
contig_45_22L2S1G-1	20593	1725247	60	61
contig_46_22L2S1G-1	17104	1746205	60	61
contig_47_22L2S1G-1	8832	1763616	60	61
contig_48_22L2S1G-1	14489	1772617	60	61
contig_49_22L2S1G-1	4336	1787369	60	61
contig_5_22L2S1G-1	18225	1791798	60	61
contig_50_22L2S1G-1	9141	1810348	60	61
contig_51_22L2S1G-1	8845	1819663	60	61
contig_52_22L2S1G-1	11104	1828677	60	61
contig_53_22L2S1G-1	6513	1839988	60	61
contig_54_22L2S1G-1	2267	1846631	60	61
contig_55_22L2S1G-1	10825	1848957	60	61
contig_56_22L2S1G-1	7369	1859984	60	61
contig_57_22L2S1G-1	2282	1867497	60	61
contig_58_22L2S1G-1	4103	1869839	60	61
contig_59_22L2S1G-1	18266	1874032	60	61
contig_6_22L2S1G-1	9532	1892623	60	61
contig_60_22L2S1G-1	81873	1902335	60	61
contig_61_22L2S1G-1	12533	1985594	60	61
contig_62_22L2S1G-1	3763	1998357	60	61
contig_63_22L2S1G-1	11512	2002204	60	61
contig_64_22L2S1G-1	6845	2013929	60	61
contig_65_22L2S1G-1	6153	2020910	60	61
contig_66_22L2S1G-1	9124	2027187	60	61
contig_67_22L2S1G-1	7607	2036485	60	61
contig_68_22L2S1G-1	4765	2044240	60	61
contig_69_22L2S1G-1	9818	2049106	60	61
contig_7_22L2S1G-1	10075	2059108	60	61
contig_70_22L2S1G-1	7728	2069372	60	61
contig_71_22L2S1G-1	10908	2077250	60	61
contig_72_22L2S1G-1	4890	2088361	60	61
contig_73_22L2S1G-1	33279	2093354	60	61
contig_74_22L2S1G-1	11843	2127209	60	61
contig_75_22L2S1G-1	6321	2139271	60	61
contig_76_22L2S1G-1	13786	2145719	60	61
contig_77_22L2S1G-1	11439	2159756	60	61
contig_78_22L2S1G-1	7048	2171407	60	61
contig_79_22L2S1G-1	13852	2178594	60	61
contig_8_22L2S1G-1	6360	2192697	60	61
contig_80_22L2S1G-1	8016	2199184	60	61
contig_81_22L2S1G-1	19494	2207355	60	61
contig_82_22L2S1G-1	19032	2227195	60	61
contig_83_22L2S1G-1	13168	2246566	60	61
contig_84_22L2S1G-1	13787	2259975	60	61
contig_85_22L2S1G-1	7190	2274013	60	61
contig_86_22L2S1G-1	5541	2281344	60	61
contig_87_22L2S1G-1	8748	2286999	60	61
contig_88_22L2S1G-1	9940	2295914	60	61
contig_89_22L2S1G-1	17781	2306041	60	61
contig_9_22L2S1G-1	21424	2324139	60	61
contig_90_22L2S1G-1	14618	2345942	60	61
contig_91_22L2S1G-1	11188	2360825	60	61
contig_92_22L2S1G-1	2857	2372221	60	61
contig_93_22L2S1G-1	11122	2375147	60	61
contig_94_22L2S1G-1	3336	2386476	60	61
contig_95_22L2S1G-1	5700	2389889	60	61
contig_96_22L2S1G-1	2488	2395705	60	61
contig_97_22L2S1G-1	4801	2398256	60	61
contig_98_22L2S1G-1	2481	2403159	60	61
contig_99_22L2S1G-1	11739	2405703	60	61
contig_1_22L2VL55-1	4565294	21	60	61
contig_1_22L2VL55-2	234781	21	60	61
contig_10_22L2VL55-2	41446	238738	60	61
contig_11_22L2VL55-2	60749	280897	60	61
contig_13_22L2VL55-2	161068	342681	60	61
contig_14_22L2VL55-2	138134	506456	60	61
contig_15_22L2VL55-2	8484	646915	60	61
contig_16_22L2VL55-2	249549	655563	60	61
contig_17_22L2VL55-2	185778	909294	60	61
contig_18_22L2VL55-2	381377	1098191	60	61
contig_19_22L2VL55-2	217387	1485947	60	61
contig_2_22L2VL55-2	103709	1706979	60	61
contig_20_22L2VL55-2	38460	1812439	60	61
contig_3_22L2VL55-2	65942	1851561	60	61
contig_4_22L2VL55-2	383601	1918624	60	61
contig_6_22L2VL55-2	50747	2308640	60	61
contig_7_22L2VL55-2	4565712	2360254	60	61
contig_8_22L2VL55-2	66956	7002083	60	61
contig_9_22L2VL55-2	64734	7070176	60	61
contig_1_22L2VL55-3	3857699	21	60	61
contig_2_22L2VL55-3	284715	3922036	60	61
contig_3_22L2VL55-3	80567	4211518	60	61
contig_1_22L2VL55-4	3328195	21	60	61
contig_1_22L2VL55-5	3951473	21	60	61
contig_2_22L2VL55-5	133407	4017373	60	61
contig_3_22L2VL55-5	49110	4153025	60	61
contig_4_22L2VL55-5	80308	4202975	60	61
contig_5_22L2VL55-5	12940	4284643	60	61
contig_1_22L2VL55-6	4468550	21	60	61
contig_1_22L2VL55-7	303378	21	60	61
contig_10_22L2VL55-7	378699	308478	60	61
contig_11_22L2VL55-7	892051	693511	60	61
contig_12_22L2VL55-7	53724	1600452	60	61
contig_13_22L2VL55-7	437445	1655094	60	61
contig_14_22L2VL55-7	345566	2099852	60	61
contig_2_22L2VL55-7	1640974	2451199	60	61
contig_3_22L2VL55-7	581123	4119544	60	61
contig_4_22L2VL55-7	203626	4710374	60	61
contig_5_22L2VL55-7	15692	4917415	60	61
contig_6_22L2VL55-7	13071	4933390	60	61
contig_7_22L2VL55-7	287526	4946700	60	61
contig_8_22L2VL55-7	249273	5239040	60	61
contig_9_22L2VL55-7	185454	5492489	60	61
contig_1_22L3L9-1	3946945	19	60	61
contig_2_22L3L9-1	174038	4012766	60	61
contig_3_22L3L9-1	171014	4189724	60	61
contig_4_22L3L9-1	38809	4363608	60	61
contig_5_22L3L9-1	49179	4403083	60	61
contig_1_22L3L9-2	3950017	19	60	61
contig_2_22L3L9-2	38735	4015889	60	61
contig_3_22L3L9-2	240679	4055289	60	61
contig_1_22L3NFb-1	11917	20	60	61
contig_10_22L3NFb-1	28915	12157	60	61
contig_11_22L3NFb-1	9838	41575	60	61
contig_12_22L3NFb-1	15652	51598	60	61
contig_13_22L3NFb-1	6805	67532	60	61
contig_14_22L3NFb-1	14225	74472	60	61
contig_15_22L3NFb-1	5372	88956	60	61
contig_16_22L3NFb-1	35452	94439	60	61
contig_17_22L3NFb-1	31190	130503	60	61
contig_18_22L3NFb-1	34548	162234	60	61
contig_19_22L3NFb-1	38903	197379	60	61
contig_2_22L3NFb-1	27228	236951	60	61
contig_20_22L3NFb-1	12186	264654	60	61
contig_21_22L3NFb-1	56237	277065	60	61
contig_22_22L3NFb-1	6819	334261	60	61
contig_23_22L3NFb-1	14610	341215	60	61
contig_24_22L3NFb-1	9978	356090	60	61
contig_3_22L3NFb-1	12371	366255	60	61
contig_4_22L3NFb-1	9419	378853	60	61
contig_5_22L3NFb-1	16076	388449	60	61
contig_6_22L3NFb-1	16273	404813	60	61
contig_7_22L3NFb-1	7838	421378	60	61
contig_8_22L3NFb-1	26768	429367	60	61
contig_9_22L3NFb-1	29759	456602	60	61
contig_1_22L3NFb-2	25417	20	60	61
contig_100_22L3NFb-2	7653	25883	60	61
contig_101_22L3NFb-2	75170	33686	60	61
contig_102_22L3NFb-2	34903	110131	60	61
contig_103_22L3NFb-2	20290	145638	60	61
contig_11_22L3NFb-2	12214	166288	60	61
contig_12_22L3NFb-2	19187	178727	60	61
contig_13_22L3NFb-2	31245	198255	60	61
contig_14_22L3NFb-2	26243	230042	60	61
contig_15_22L3NFb-2	26409	256744	60	61
contig_16_22L3NFb-2	21013	283615	60	61
contig_17_22L3NFb-2	12978	305000	60	61
contig_18_22L3NFb-2	70444	318216	60	61
contig_19_22L3NFb-2	37188	389856	60	61
contig_2_22L3NFb-2	9147	427684	60	61
contig_20_22L3NFb-2	18475	437005	60	61
contig_21_22L3NFb-2	16143	455809	60	61
contig_22_22L3NFb-2	18341	472243	60	61
contig_23_22L3NFb-2	32713	490911	60	61
contig_24_22L3NFb-2	71360	524191	60	61
contig_25_22L3NFb-2	22567	596762	60	61
contig_26_22L3NFb-2	4173	619727	60	61
contig_27_22L3NFb-2	7351	623991	60	61
contig_28_22L3NFb-2	24121	631486	60	61
contig_29_22L3NFb-2	49944	656031	60	61
contig_3_22L3NFb-2	18502	706828	60	61
contig_30_22L3NFb-2	16253	725660	60	61
contig_31_22L3NFb-2	5023	742205	60	61
contig_32_22L3NFb-2	29218	747333	60	61
contig_33_22L3NFb-2	20974	777059	60	61
contig_34_22L3NFb-2	4292	798404	60	61
contig_35_22L3NFb-2	31015	802789	60	61
contig_36_22L3NFb-2	8810	834342	60	61
contig_37_22L3NFb-2	7108	843320	60	61
contig_38_22L3NFb-2	31590	850568	60	61
contig_39_22L3NFb-2	4362	882706	60	61
contig_4_22L3NFb-2	37730	887161	60	61
contig_40_22L3NFb-2	15495	925541	60	61
contig_41_22L3NFb-2	12761	941316	60	61
contig_42_22L3NFb-2	8190	954311	60	61
contig_43_22L3NFb-2	24133	962659	60	61
contig_44_22L3NFb-2	22798	987216	60	61
contig_45_22L3NFb-2	8113	1010415	60	61
contig_46_22L3NFb-2	6704	1018685	60	61
contig_47_22L3NFb-2	9151	1025522	60	61
contig_48_22L3NFb-2	4803	1034847	60	61
contig_49_22L3NFb-2	9349	1039752	60	61
contig_5_22L3NFb-2	9912	1049277	60	61
contig_50_22L3NFb-2	14560	1059376	60	61
contig_51_22L3NFb-2	35202	1074200	60	61
contig_52_22L3NFb-2	15758	1110010	60	61
contig_53_22L3NFb-2	47004	1126052	60	61
contig_54_22L3NFb-2	7527	1173861	60	61
contig_55_22L3NFb-2	6667	1181535	60	61
contig_56_22L3NFb-2	3854	1188335	60	61
contig_57_22L3NFb-2	21765	1192275	60	61
contig_58_22L3NFb-2	25102	1214424	60	61
contig_59_22L3NFb-2	6257	1239966	60	61
contig_6_22L3NFb-2	18466	1246348	60	61
contig_60_22L3NFb-2	62278	1265143	60	61
contig_61_22L3NFb-2	12675	1328480	60	61
contig_62_22L3NFb-2	9181	1341388	60	61
contig_63_22L3NFb-2	25044	1350744	60	61
contig_64_22L3NFb-2	8691	1376227	60	61
contig_65_22L3NFb-2	7105	1385084	60	61
contig_66_22L3NFb-2	12577	1392329	60	61
contig_67_22L3NFb-2	25705	1405137	60	61
contig_68_22L3NFb-2	22031	1431292	60	61
contig_69_22L3NFb-2	15387	1453712	60	61
contig_7_22L3NFb-2	9032	1469376	60	61
contig_70_22L3NFb-2	7366	1478580	60	61
contig_71_22L3NFb-2	33698	1486090	60	61
contig_72_22L3NFb-2	3551	1520371	60	61
contig_73_22L3NFb-2	13352	1524003	60	61
contig_74_22L3NFb-2	6261	1537599	60	61
contig_75_22L3NFb-2	12058	1543986	60	61
contig_76_22L3NFb-2	5138	1556266	60	61
contig_77_22L3NFb-2	45704	1561511	60	61
contig_78_22L3NFb-2	20912	1607998	60	61
contig_79_22L3NFb-2	22832	1629280	60	61
contig_8_22L3NFb-2	11653	1652513	60	61
contig_80_22L3NFb-2	45897	1664382	60	61
contig_81_22L3NFb-2	9389	1711065	60	61
contig_82_22L3NFb-2	10872	1720632	60	61
contig_83_22L3NFb-2	12376	1731707	60	61
contig_84_22L3NFb-2	12993	1744311	60	61
contig_85_22L3NFb-2	74686	1757542	60	61
contig_86_22L3NFb-2	28658	1833494	60	61
contig_87_22L3NFb-2	29442	1862651	60	61
contig_88_22L3NFb-2	30613	1892605	60	61
contig_89_22L3NFb-2	19052	1923750	60	61
contig_9_22L3NFb-2	15782	1943140	60	61
contig_90_22L3NFb-2	14434	1959207	60	61
contig_91_22L3NFb-2	22906	1973903	60	61
contig_92_22L3NFb-2	40476	1997212	60	61
contig_93_22L3NFb-2	6807	2038384	60	61
contig_94_22L3NFb-2	42773	2045326	60	61
contig_95_22L3NFb-2	40274	2088833	60	61
contig_96_22L3NFb-2	19172	2129800	60	61
contig_97_22L3NFb-2	37606	2149313	60	61
contig_98_22L3NFb-2	42582	2187567	60	61
contig_99_22L3NFb-2	35195	2230880	60	61
contig_1_22L3NFb-4	141540	20	60	61
contig_10_22L3NFb-4	264057	143940	60	61
contig_11_22L3NFb-4	32776	412419	60	61
contig_12_22L3NFb-4	41089	445763	60	61
contig_13_22L3NFb-4	30126	487558	60	61
contig_14_22L3NFb-4	138638	518208	60	61
contig_15_22L3NFb-4	35645	659178	60	61
contig_16_22L3NFb-4	22188	695439	60	61
contig_17_22L3NFb-4	42634	718018	60	61
contig_18_22L3NFb-4	212716	761384	60	61
contig_19_22L3NFb-4	92139	977667	60	61
contig_2_22L3NFb-4	105086	1071362	60	61
contig_20_22L3NFb-4	47722	1178221	60	61
contig_21_22L3NFb-4	55875	1226760	60	61
contig_22_22L3NFb-4	12307	1283588	60	61
contig_23_22L3NFb-4	86520	1296122	60	61
contig_24_22L3NFb-4	169767	1384105	60	61
contig_25_22L3NFb-4	154824	1556723	60	61
contig_26_22L3NFb-4	91034	1714149	60	61
contig_27_22L3NFb-4	25070	1806722	60	61
contig_28_22L3NFb-4	248322	1832231	60	61
contig_29_22L3NFb-4	28081	2084713	60	61
contig_3_22L3NFb-4	169499	2113283	60	61
contig_30_22L3NFb-4	334625	2285628	60	61
contig_4_22L3NFb-4	457849	2625851	60	61
contig_5_22L3NFb-4	28559	3091351	60	61
contig_6_22L3NFb-4	59646	3120406	60	61
contig_7_22L3NFb-4	13800	3181067	60	61
contig_8_22L3NFb-4	41118	3195117	60	61
contig_9_22L3NFb-4	94132	3236941	60	61
contig_1_22L3PE-10	3416753	20	60	61
contig_1_22L3PE-11	5809298	20	60	61
contig_1_22L3PE-12	184074	20	60	61
contig_10_22L3PE-12	5503	187183	60	61
contig_11_22L3PE-12	489645	192799	60	61
contig_12_22L3PE-12	248200	690626	60	61
contig_13_22L3PE-12	31407	942984	60	61
contig_14_22L3PE-12	554154	974936	60	61
contig_15_22L3PE-12	66683	1538347	60	61
contig_16_22L3PE-12	2278145	1606163	60	61
contig_4_22L3PE-12	268273	3922298	60	61
contig_5_22L3PE-12	116222	4195063	60	61
contig_6_22L3PE-12	582828	4313243	60	61
contig_7_22L3PE-12	1544952	4905805	60	61
scaffold_9_22L3PE-12	4278486	6476529	60	61
contig_1_22L3PE-1	4052843	19	60	61
contig_2_22L3PE-1	184048	4120429	60	61
contig_3_22L3PE-1	554118	4307564	60	61
contig_4_22L3PE-1	66668	4870937	60	61
contig_1_22L3PE-2	31279	19	60	61
contig_10_22L3PE-2	16893	31840	60	61
contig_11_22L3PE-2	11076	49035	60	61
contig_12_22L3PE-2	12593	60316	60	61
contig_13_22L3PE-2	7540	73139	60	61
contig_14_22L3PE-2	13600	80825	60	61
contig_15_22L3PE-2	736560	94672	60	61
contig_16_22L3PE-2	831844	843528	60	61
contig_17_22L3PE-2	32365	1689257	60	61
contig_18_22L3PE-2	2731	1722182	60	61
contig_19_22L3PE-2	28230	1724979	60	61
contig_2_22L3PE-2	29888	1753699	60	61
contig_20_22L3PE-2	14369	1784106	60	61
contig_21_22L3PE-2	12634	1798735	60	61
contig_22_22L3PE-2	18204	1811600	60	61
contig_23_22L3PE-2	9117	1830128	60	61
contig_24_22L3PE-2	184089	1839417	60	61
contig_25_22L3PE-2	8020	2026595	60	61
contig_26_22L3PE-2	94416	2034769	60	61
contig_27_22L3PE-2	18009	2130779	60	61
contig_28_22L3PE-2	11863	2149109	60	61
contig_29_22L3PE-2	17057	2161190	60	61
contig_3_22L3PE-2	29799	2178551	60	61
contig_30_22L3PE-2	8252	2208867	60	61
contig_31_22L3PE-2	10017	2217277	60	61
contig_32_22L3PE-2	10704	2227481	60	61
contig_33_22L3PE-2	37110	2238384	60	61
contig_34_22L3PE-2	66394	2276133	60	61
contig_35_22L3PE-2	30869	2343654	60	61
contig_36_22L3PE-2	99944	2375058	60	61
contig_37_22L3PE-2	57588	2476688	60	61
contig_38_22L3PE-2	93626	2535256	60	61
contig_39_22L3PE-2	14416	2630463	60	61
contig_4_22L3PE-2	21288	2645139	60	61
contig_40_22L3PE-2	43509	2666802	60	61
contig_41_22L3PE-2	34728	2711057	60	61
contig_42_22L3PE-2	20939	2746384	60	61
contig_43_22L3PE-2	9250	2767692	60	61
contig_44_22L3PE-2	97620	2777117	60	61
contig_45_22L3PE-2	38061	2876384	60	61
contig_46_22L3PE-2	14109	2915100	60	61
contig_47_22L3PE-2	21504	2929465	60	61
contig_48_22L3PE-2	41585	2951348	60	61
contig_49_22L3PE-2	64230	2993647	60	61
contig_5_22L3PE-2	7722	3058967	60	61
contig_50_22L3PE-2	12679	3066838	60	61
contig_51_22L3PE-2	9992	3079749	60	61
contig_52_22L3PE-2	9980	3089928	60	61
contig_53_22L3PE-2	32708	3100095	60	61
contig_54_22L3PE-2	22355	3133369	60	61
contig_55_22L3PE-2	21447	3156117	60	61
contig_56_22L3PE-2	29319	3177942	60	61
contig_57_22L3PE-2	30685	3207770	60	61
contig_58_22L3PE-2	21932	3238987	60	61
contig_59_22L3PE-2	8333	3261305	60	61
contig_6_22L3PE-2	38533	3269796	60	61
contig_60_22L3PE-2	46405	3308992	60	61
contig_61_22L3PE-2	2389	3356191	60	61
contig_62_22L3PE-2	11293	3358640	60	61
contig_63_22L3PE-2	18255	3370142	60	61
contig_64_22L3PE-2	13620	3388722	60	61
contig_65_22L3PE-2	13288	3402589	60	61
contig_66_22L3PE-2	34536	3416119	60	61
contig_67_22L3PE-2	4740	3451251	60	61
contig_68_22L3PE-2	9868	3456090	60	61
contig_69_22L3PE-2	6522	3466143	60	61
contig_7_22L3PE-2	7661	3472793	60	61
contig_70_22L3PE-2	21413	3480602	60	61
contig_71_22L3PE-2	120986	3502392	60	61
contig_72_22L3PE-2	19440	3625415	60	61
contig_73_22L3PE-2	15202	3645199	60	61
contig_74_22L3PE-2	16059	3660675	60	61
contig_75_22L3PE-2	10857	3677022	60	61
contig_76_22L3PE-2	12840	3688080	60	61
contig_77_22L3PE-2	83716	3701154	60	61
contig_79_22L3PE-2	4417	3786286	60	61
contig_8_22L3PE-2	168325	3790796	60	61
contig_80_22L3PE-2	15206	3961947	60	61
contig_81_22L3PE-2	9987	3977427	60	61
contig_82_22L3PE-2	64437	3987601	60	61
contig_83_22L3PE-2	18125	4053132	60	61
contig_84_22L3PE-2	18560	4071580	60	61
contig_85_22L3PE-2	11632	4090470	60	61
contig_86_22L3PE-2	25194	4102316	60	61
contig_87_22L3PE-2	7737	4127950	60	61
contig_88_22L3PE-2	20186	4135836	60	61
contig_89_22L3PE-2	989950	4156379	60	61
contig_9_22L3PE-2	19713	5162848	60	61
contig_90_22L3PE-2	79271	5182910	60	61
contig_91_22L3PE-2	1049685	5263523	60	61
contig_92_22L3PE-2	249539	6330723	60	61
contig_93_22L3PE-2	62062	6584441	60	61
contig_94_22L3PE-2	55307	6647558	60	61
contig_95_22L3PE-2	66662	6703807	60	61
contig_1_22L3PE-3	184062	19	60	61
contig_2_22L3PE-3	4053005	187168	60	61
contig_3_22L3PE-3	554180	4307743	60	61
contig_4_22L3PE-3	66674	4871179	60	61
contig_1_22L3PE-4	4052984	19	60	61
contig_2_22L3PE-4	184074	4120572	60	61
contig_3_22L3PE-4	554157	4307733	60	61
contig_4_22L3PE-4	66675	4871145	60	61
contig_1_22L3PE-5	184075	19	60	61
contig_2_22L3PE-5	4052957	187181	60	61
contig_3_22L3PE-5	554146	4307707	60	61
contig_4_22L3PE-5	66675	4871108	60	61
contig_1_22L3PE-6	4199866	19	60	61
contig_2_22L3PE-6	62720	4269902	60	61
contig_1_22L3PE-7	5817456	19	60	61
contig_1_22L3PE-8	66883	19	60	61
contig_10_22L3PE-8	572525	68037	60	61
contig_11_22L3PE-8	66909	650125	60	61
contig_12_22L3PE-8	184136	718170	60	61
contig_2_22L3PE-8	101680	905394	60	61
contig_3_22L3PE-8	856103	1008788	60	61
contig_4_22L3PE-8	1291549	1879179	60	61
contig_5_22L3PE-8	28766	3192273	60	61
contig_6_22L3PE-8	1024274	3221538	60	61
contig_7_22L3PE-8	122757	4262903	60	61
contig_8_22L3PE-8	239852	4387725	60	61
contig_9_22L3PE-8	298057	4631594	60	61
contig_1_22L3PE-9	3200634	19	60	61
contig_1_22L3R2A-10	278351	21	60	61
contig_2_22L3R2A-10	40808	283033	60	61
contig_3_22L3R2A-10	371036	324543	60	61
contig_4_22L3R2A-10	3813354	701784	60	61
contig_1_22L3R2A-11	304306	21	60	61
contig_10_22L3R2A-11	5219	309421	60	61
contig_11_22L3R2A-11	150312	314749	60	61
contig_12_22L3R2A-11	796414	467589	60	61
contig_13_22L3R2A-11	68299	1277299	60	61
contig_14_22L3R2A-11	30069	1346759	60	61
contig_15_22L3R2A-11	242876	1377352	60	61
contig_16_22L3R2A-11	105181	1624298	60	61
contig_17_22L3R2A-11	294552	1731255	60	61
contig_18_22L3R2A-11	265659	2030739	60	61
contig_2_22L3R2A-11	25230	2300847	60	61
contig_3_22L3R2A-11	692367	2326519	60	61
contig_4_22L3R2A-11	62796	3030447	60	61
contig_5_22L3R2A-11	1534	3094311	60	61
contig_6_22L3R2A-11	72776	3095892	60	61
contig_7_22L3R2A-11	66403	3169902	60	61
contig_8_22L3R2A-11	202214	3237433	60	61
contig_9_22L3R2A-11	2739	3443039	60	61
contig_1_22L3R2A-12	3458279	21	60	61
contig_1_22L3R2A-13	401239	21	60	61
contig_2_22L3R2A-13	3900907	407969	60	61
contig_1_22L3R2A-1	3389177	20	60	61
contig_1_22L3R2A-2	9333	20	60	61
contig_10_22L3R2A-2	22485	9530	60	61
contig_100_22L3R2A-2	45188	32412	60	61
contig_101_22L3R2A-2	10396	78376	60	61
contig_102_22L3R2A-2	46539	88968	60	61
contig_103_22L3R2A-2	6829	136305	60	61
contig_104_22L3R2A-2	114978	143270	60	61
contig_105_22L3R2A-2	43932	260187	60	61
contig_106_22L3R2A-2	10126	304874	60	61
contig_107_22L3R2A-2	11208	315191	60	61
contig_108_22L3R2A-2	40054	326608	60	61
contig_109_22L3R2A-2	7831	367352	60	61
contig_11_22L3R2A-2	13273	375335	60	61
contig_110_22L3R2A-2	52705	388852	60	61
contig_111_22L3R2A-2	29328	442458	60	61
contig_112_22L3R2A-2	9521	472297	60	61
contig_113_22L3R2A-2	21915	481999	60	61
contig_114_22L3R2A-2	62230	504302	60	61
contig_115_22L3R2A-2	97764	567592	60	61
contig_116_22L3R2A-2	104418	667008	60	61
contig_117_22L3R2A-2	5777	773189	60	61
contig_118_22L3R2A-2	59139	779085	60	61
contig_119_22L3R2A-2	42320	839232	60	61
contig_12_22L3R2A-2	10184	882279	60	61
contig_120_22L3R2A-2	10164	892655	60	61
contig_121_22L3R2A-2	16504	903011	60	61
contig_122_22L3R2A-2	41505	919813	60	61
contig_123_22L3R2A-2	12502	962032	60	61
contig_124_22L3R2A-2	144888	974765	60	61
contig_125_22L3R2A-2	38288	1122090	60	61
contig_126_22L3R2A-2	67401	1161039	60	61
contig_13_22L3R2A-2	3843	1229585	60	61
contig_14_22L3R2A-2	45837	1233514	60	61
contig_15_22L3R2A-2	30665	1280136	60	61
contig_16_22L3R2A-2	27590	1311334	60	61
contig_17_22L3R2A-2	31056	1339405	60	61
contig_18_22L3R2A-2	8486	1371000	60	61
contig_19_22L3R2A-2	54737	1379649	60	61
contig_2_22L3R2A-2	15827	1435319	60	61
contig_20_22L3R2A-2	26578	1451431	60	61
contig_21_22L3R2A-2	35331	1478473	60	61
contig_22_22L3R2A-2	30865	1514414	60	61
contig_23_22L3R2A-2	6032	1545815	60	61
contig_24_22L3R2A-2	63509	1551969	60	61
contig_25_22L3R2A-2	12118	1616558	60	61
contig_26_22L3R2A-2	17085	1628899	60	61
contig_27_22L3R2A-2	44157	1646290	60	61
contig_28_22L3R2A-2	27903	1691204	60	61
contig_29_22L3R2A-2	4371	1719594	60	61
contig_3_22L3R2A-2	3440	1724058	60	61
contig_30_22L3R2A-2	23722	1727577	60	61
contig_31_22L3R2A-2	29684	1751716	60	61
contig_32_22L3R2A-2	5320	1781916	60	61
contig_33_22L3R2A-2	16824	1787346	60	61
contig_34_22L3R2A-2	23978	1804472	60	61
contig_35_22L3R2A-2	2254	1828871	60	61
contig_36_22L3R2A-2	7084	1831184	60	61
contig_37_22L3R2A-2	33351	1838408	60	61
contig_38_22L3R2A-2	22687	1872336	60	61
contig_39_22L3R2A-2	7608	1895423	60	61
contig_4_22L3R2A-2	38508	1903178	60	61
contig_40_22L3R2A-2	2755	1942349	60	61
contig_41_22L3R2A-2	13738	1945171	60	61
contig_42_22L3R2A-2	6263	1959159	60	61
contig_43_22L3R2A-2	13256	1965548	60	61
contig_44_22L3R2A-2	14252	1979046	60	61
contig_45_22L3R2A-2	132714	1993557	60	61
contig_46_22L3R2A-2	19786	2128504	60	61
contig_47_22L3R2A-2	13747	2148641	60	61
contig_48_22L3R2A-2	6550	2162639	60	61
contig_49_22L3R2A-2	8933	2169320	60	61
contig_5_22L3R2A-2	4604	2178422	60	61
contig_50_22L3R2A-2	2679	2183124	60	61
contig_51_22L3R2A-2	5480	2185869	60	61
contig_52_22L3R2A-2	17148	2191462	60	61
contig_53_22L3R2A-2	31991	2208917	60	61
contig_54_22L3R2A-2	16813	2241463	60	61
contig_55_22L3R2A-2	10632	2258578	60	61
contig_56_22L3R2A-2	3655	2269409	60	61
contig_57_22L3R2A-2	6985	2273146	60	61
contig_58_22L3R2A-2	3527	2280269	60	61
contig_59_22L3R2A-2	3477	2283876	60	61
contig_6_22L3R2A-2	2724	2287431	60	61
contig_60_22L3R2A-2	12113	2290222	60	61
contig_62_22L3R2A-2	130790	2302558	60	61
contig_63_22L3R2A-2	4191	2435549	60	61
contig_64_22L3R2A-2	50892	2439831	60	61
contig_65_22L3R2A-2	32590	2491593	60	61
contig_66_22L3R2A-2	19041	2524748	60	61
contig_67_22L3R2A-2	20226	2544128	60	61
contig_68_22L3R2A-2	61808	2564713	60	61
contig_69_22L3R2A-2	84354	2627573	60	61
contig_7_22L3R2A-2	49684	2713353	60	61
contig_70_22L3R2A-2	51443	2763887	60	61
contig_71_22L3R2A-2	2442	2816209	60	61
contig_72_22L3R2A-2	22799	2818713	60	61
contig_73_22L3R2A-2	17119	2841913	60	61
contig_74_22L3R2A-2	6010	2859339	60	61
contig_75_22L3R2A-2	28986	2865471	60	61
contig_76_22L3R2A-2	52107	2894962	60	61
contig_77_22L3R2A-2	76136	2947959	60	61
contig_78_22L3R2A-2	19786	3025385	60	61
contig_79_22L3R2A-2	10118	3045522	60	61
contig_8_22L3R2A-2	10437	3055829	60	61
contig_81_22L3R2A-2	54170	3066461	60	61
contig_82_22L3R2A-2	45668	3121555	60	61
contig_83_22L3R2A-2	71843	3168006	60	61
contig_84_22L3R2A-2	19256	3241068	60	61
contig_85_22L3R2A-2	28215	3260666	60	61
contig_86_22L3R2A-2	6979	3289373	60	61
contig_87_22L3R2A-2	13465	3296490	60	61
contig_88_22L3R2A-2	149937	3310201	60	61
contig_89_22L3R2A-2	6201	3462658	60	61
contig_9_22L3R2A-2	36967	3468983	60	61
contig_90_22L3R2A-2	29564	3506588	60	61
contig_91_22L3R2A-2	5850	3536666	60	61
contig_92_22L3R2A-2	27273	3542635	60	61
contig_93_22L3R2A-2	51823	3570384	60	61
contig_94_22L3R2A-2	43515	3623092	60	61
contig_95_22L3R2A-2	7021	3667354	60	61
contig_96_22L3R2A-2	25061	3674514	60	61
contig_97_22L3R2A-2	30424	3700014	60	61
contig_98_22L3R2A-2	6505	3730967	60	61
contig_99_22L3R2A-2	125145	3737602	60	61
contig_1_22L3R2A-3	4278651	20	60	61
contig_2_22L3R2A-3	5076	4350002	60	61
contig_3_22L3R2A-3	27375	4355183	60	61
contig_4_22L3R2A-3	135496	4383035	60	61
contig_5_22L3R2A-3	118308	4520810	60	61
contig_1_22L3R2A-4	4112326	20	60	61
contig_2_22L3R2A-4	39152	4180905	60	61
contig_1_22L3R2A-5	4235739	20	60	61
contig_1_22L3R2A-6	3458701	20	60	61
contig_1_22L3R2A-7	3386132	20	60	61
contig_1_22L3R2A-8	66308	20	60	61
contig_2_22L3R2A-8	3938898	67454	60	61
contig_3_22L3R2A-8	17828	4072021	60	61
contig_1_22L3R2A-9	4084774	20	60	61
contig_2_22L3R2A-9	107211	4152894	60	61
contig_1_22L3S1G-1	45648	20	60	61
contig_10_22L3S1G-1	27232	46450	60	61
contig_11_22L3S1G-1	19750	74157	60	61
contig_12_22L3S1G-1	7801	94258	60	61
contig_13_22L3S1G-1	3180	102211	60	61
contig_14_22L3S1G-1	62683	105465	60	61
contig_15_22L3S1G-1	5193	169214	60	61
contig_16_22L3S1G-1	145986	174515	60	61
contig_17_22L3S1G-1	151929	322956	60	61
contig_18_22L3S1G-1	78767	477439	60	61
contig_19_22L3S1G-1	30404	557540	60	61
contig_2_22L3S1G-1	144928	588471	60	61
contig_20_22L3S1G-1	133665	735836	60	61
contig_21_22L3S1G-1	116381	871750	60	61
contig_22_22L3S1G-1	12266	990092	60	61
contig_23_22L3S1G-1	7529	1002584	60	61
contig_24_22L3S1G-1	17893	1010260	60	61
contig_25_22L3S1G-1	12324	1028473	60	61
contig_26_22L3S1G-1	89524	1041024	60	61
contig_27_22L3S1G-1	6100	1132062	60	61
contig_28_22L3S1G-1	55396	1138285	60	61
contig_29_22L3S1G-1	30799	1194626	60	61
contig_3_22L3S1G-1	253740	1225959	60	61
contig_30_22L3S1G-1	163081	1483949	60	61
contig_31_22L3S1G-1	19995	1649770	60	61
contig_32_22L3S1G-1	233733	1670120	60	61
contig_33_22L3S1G-1	59516	1907770	60	61
contig_34_22L3S1G-1	60780	1968299	60	61
contig_35_22L3S1G-1	151449	2030113	60	61
contig_36_22L3S1G-1	18700	2184108	60	61
contig_37_22L3S1G-1	10885	2203141	60	61
contig_38_22L3S1G-1	2630	2214229	60	61
contig_39_22L3S1G-1	3535	2216924	60	61
contig_4_22L3S1G-1	603398	2220538	60	61
contig_40_22L3S1G-1	384270	2834014	60	61
contig_41_22L3S1G-1	56339	3224710	60	61
contig_42_22L3S1G-1	74345	3282009	60	61
contig_43_22L3S1G-1	158001	3357615	60	61
contig_44_22L3S1G-1	8338	3518271	60	61
contig_45_22L3S1G-1	190442	3526769	60	61
contig_46_22L3S1G-1	22413	3720407	60	61
contig_5_22L3S1G-1	662278	3743214	60	61
contig_6_22L3S1G-1	166463	4416550	60	61
contig_9_22L3S1G-1	69853	4585808	60	61
contig_1_22L3VL55-1	61578	21	60	61
contig_10_22L3VL55-1	59706	62648	60	61
contig_11_22L3VL55-1	51348	123372	60	61
contig_12_22L3VL55-1	18620	175598	60	61
contig_13_22L3VL55-1	58153	194551	60	61
contig_14_22L3VL55-1	45280	253696	60	61
contig_15_22L3VL55-1	79921	299753	60	61
contig_16_22L3VL55-1	44807	381029	60	61
contig_2_22L3VL55-1	93149	426604	60	61
contig_3_22L3VL55-1	18751	521327	60	61
contig_4_22L3VL55-1	112339	540412	60	61
contig_5_22L3VL55-1	123400	654645	60	61
contig_6_22L3VL55-1	15542	780123	60	61
contig_7_22L3VL55-1	24637	795946	60	61
contig_8_22L3VL55-1	22244	821015	60	61
contig_9_22L3VL55-1	25985	843651	60	61
contig_1_22L3VL55-2	3391679	21	60	61
contig_1_22L3VL55-3	3102615	21	60	61
contig_2_22L3VL55-3	776751	3154368	60	61
contig_3_22L3VL55-3	28608	3944086	60	61
contig_5_22L3VL55-3	151218	3973192	60	61
contig_6_22L3VL55-3	175590	4126952	60	61
contig_7_22L3VL55-3	553977	4305490	60	61
contig_8_22L3VL55-3	66639	4868721	60	61
contig_1_22L3VL55-4	11151	21	60	61
contig_11_22L3VL55-4	33883	11380	60	61
contig_12_22L3VL55-4	15047	45850	60	61
contig_13_22L3VL55-4	11779	61170	60	61
contig_14_22L3VL55-4	414948	73168	60	61
contig_15_22L3VL55-4	6050	495054	60	61
contig_16_22L3VL55-4	400501	501227	60	61
contig_17_22L3VL55-4	646436	908426	60	61
contig_18_22L3VL55-4	212764	1565658	60	61
contig_19_22L3VL55-4	442992	1781991	60	61
contig_2_22L3VL55-4	224348	2232388	60	61
contig_20_22L3VL55-4	29642	2460498	60	61
contig_3_22L3VL55-4	1820468	2490656	60	61
contig_4_22L3VL55-4	412762	4341487	60	61
contig_5_22L3VL55-4	6697	4761150	60	61
contig_6_22L3VL55-4	297668	4767980	60	61
contig_7_22L3VL55-4	177574	5070631	60	61
contig_8_22L3VL55-4	683124	5251186	60	61
contig_9_22L3VL55-4	9304	5945717	60	61
contig_1_22L3VL55-5	3391859	21	60	61
contig_1_22R1L9-1	3725261	19	60	61
contig_2_22R1L9-1	54837	3787387	60	61
contig_1_22R1L9-2	4023354	19	60	61
contig_2_22R1L9-2	38773	4090448	60	61
contig_3_22R1L9-2	196581	4129887	60	61
contig_1_22R1L9-3	581167	19	60	61
contig_2_22R1L9-3	4209110	590892	60	61
contig_3_22R1L9-3	2547	4870173	60	61
contig_4_22R1L9-3	215962	4872782	60	61
contig_5_22R1L9-3	42470	5092363	60	61
contig_6_22R1L9-3	234434	5135560	60	61
contig_7_22R1L9-3	856378	5373921	60	61
contig_1_22R1L9-4	555146	19	60	61
contig_2_22R1L9-4	2197430	564437	60	61
contig_3_22R1L9-4	62894	2798510	60	61
contig_4_22R1L9-4	431129	2862472	60	61
contig_5_22R1L9-4	491571	3300806	60	61
contig_6_22R1L9-4	37341	3800589	60	61
contig_1_22R1NFb-1	10551	20	60	61
contig_10_22R1NFb-1	52476	10768	60	61
contig_11_22R1NFb-1	14928	64140	60	61
contig_12_22R1NFb-1	66939	79338	60	61
contig_13_22R1NFb-1	22940	147414	60	61
contig_14_22R1NFb-1	56879	170758	60	61
contig_15_22R1NFb-1	46806	228606	60	61
contig_16_22R1NFb-1	41049	276214	60	61
contig_17_22R1NFb-1	42589	317969	60	61
contig_18_22R1NFb-1	16589	361289	60	61
contig_19_22R1NFb-1	19752	378176	60	61
contig_2_22R1NFb-1	18386	398278	60	61
contig_20_22R1NFb-1	22598	416992	60	61
contig_21_22R1NFb-1	37684	439988	60	61
contig_22_22R1NFb-1	20179	478322	60	61
contig_23_22R1NFb-1	34806	498859	60	61
contig_24_22R1NFb-1	13056	534267	60	61
contig_25_22R1NFb-1	46912	547562	60	61
contig_26_22R1NFb-1	61756	595277	60	61
contig_27_22R1NFb-1	7551	658084	60	61
contig_28_22R1NFb-1	20995	665782	60	61
contig_29_22R1NFb-1	6117	687148	60	61
contig_3_22R1NFb-1	6463	693387	60	61
contig_30_22R1NFb-1	12761	699979	60	61
contig_31_22R1NFb-1	11060	712974	60	61
contig_32_22R1NFb-1	4993	724240	60	61
contig_33_22R1NFb-1	4944	729338	60	61
contig_34_22R1NFb-1	29827	734386	60	61
contig_35_22R1NFb-1	14414	764732	60	61
contig_36_22R1NFb-1	43642	779408	60	61
contig_37_22R1NFb-1	43325	823799	60	61
contig_4_22R1NFb-1	6541	867867	60	61
contig_5_22R1NFb-1	17089	874538	60	61
contig_6_22R1NFb-1	8224	891932	60	61
contig_7_22R1NFb-1	13547	900314	60	61
contig_8_22R1NFb-1	104025	914107	60	61
contig_9_22R1NFb-1	28875	1019886	60	61
contig_1_22R1NFb-2	126425	20	60	61
contig_10_22R1NFb-2	27785	128574	60	61
contig_11_22R1NFb-2	358834	156844	60	61
contig_12_22R1NFb-2	28626	521680	60	61
contig_13_22R1NFb-2	60673	550805	60	61
contig_14_22R1NFb-2	80116	612511	60	61
contig_15_22R1NFb-2	29958	693984	60	61
contig_16_22R1NFb-2	113807	724463	60	61
contig_17_22R1NFb-2	7552	840188	60	61
contig_18_22R1NFb-2	13101	847887	60	61
contig_19_22R1NFb-2	16062	861228	60	61
contig_2_22R1NFb-2	7616	877578	60	61
contig_20_22R1NFb-2	93864	885342	60	61
contig_21_22R1NFb-2	88028	980792	60	61
contig_22_22R1NFb-2	271889	1070309	60	61
contig_23_22R1NFb-2	77369	1346751	60	61
contig_24_22R1NFb-2	117021	1425431	60	61
contig_3_22R1NFb-2	1174273	1544423	60	61
contig_4_22R1NFb-2	85987	2738288	60	61
contig_5_22R1NFb-2	5561	2825729	60	61
contig_6_22R1NFb-2	84879	2831403	60	61
contig_7_22R1NFb-2	501254	2917717	60	61
contig_8_22R1NFb-2	145171	3427346	60	61
contig_9_22R1NFb-2	95015	3574957	60	61
contig_1_22R1PE-10	3752202	20	60	61
contig_1_22R1PE-11	4138940	20	60	61
contig_3_22R1PE-11	41739	4207963	60	61
contig_4_22R1PE-11	102790	4250418	60	61
contig_1_22R1PE-12	3393019	20	60	61
contig_1_22R1PE-13	3752281	20	60	61
contig_1_22R1PE-14	4332995	20	60	61
contig_2_22R1PE-14	57709	4405252	60	61
contig_1_22R1PE-15	5222	20	60	61
contig_10_22R1PE-15	30907	5351	60	61
contig_11_22R1PE-15	34417	36795	60	61
contig_12_22R1PE-15	20603	71807	60	61
contig_13_22R1PE-15	538	92775	60	61
contig_14_22R1PE-15	709	93343	60	61
contig_15_22R1PE-15	15793	94085	60	61
contig_16_22R1PE-15	14719	110163	60	61
contig_17_22R1PE-15	13961	125149	60	61
contig_18_22R1PE-15	17806	139364	60	61
contig_19_22R1PE-15	15470	157488	60	61
contig_2_22R1PE-15	34070	173236	60	61
contig_21_22R1PE-15	4337	207895	60	61
contig_22_22R1PE-15	32955	212326	60	61
contig_23_22R1PE-15	48651	245852	60	61
contig_24_22R1PE-15	26045	295335	60	61
contig_25_22R1PE-15	2877	321836	60	61
contig_26_22R1PE-15	11796	324782	60	61
contig_27_22R1PE-15	8806	336796	60	61
contig_28_22R1PE-15	36053	345770	60	61
contig_29_22R1PE-15	9033	382445	60	61
contig_3_22R1PE-15	38089	391649	60	61
contig_30_22R1PE-15	6227	430394	60	61
contig_31_22R1PE-15	11837	436746	60	61
contig_32_22R1PE-15	30780	448802	60	61
contig_33_22R1PE-15	4419	480116	60	61
contig_34_22R1PE-15	5234	484630	60	61
contig_35_22R1PE-15	25088	489973	60	61
contig_36_22R1PE-15	9338	515501	60	61
contig_37_22R1PE-15	23453	525016	60	61
contig_38_22R1PE-15	5238	548881	60	61
contig_39_22R1PE-15	4865	554228	60	61
contig_4_22R1PE-15	39613	559195	60	61
contig_40_22R1PE-15	9631	599490	60	61
contig_41_22R1PE-15	21389	609303	60	61
contig_42_22R1PE-15	17438	631070	60	61
contig_43_22R1PE-15	4172	648820	60	61
contig_44_22R1PE-15	14121	653083	60	61
contig_45_22R1PE-15	13640	667461	60	61
contig_46_22R1PE-15	11711	681350	60	61
contig_47_22R1PE-15	24930	693278	60	61
contig_48_22R1PE-15	6111	718645	60	61
contig_49_22R1PE-15	10216	724879	60	61
contig_5_22R1PE-15	18426	735286	60	61
contig_50_22R1PE-15	9571	754041	60	61
contig_51_22R1PE-15	8258	763793	60	61
contig_52_22R1PE-15	3621	772210	60	61
contig_53_22R1PE-15	5751	775913	60	61
contig_54_22R1PE-15	8738	781781	60	61
contig_55_22R1PE-15	29878	790686	60	61
contig_56_22R1PE-15	15302	821083	60	61
contig_57_22R1PE-15	31428	836662	60	61
contig_58_22R1PE-15	18662	868635	60	61
contig_59_22R1PE-15	9767	887630	60	61
contig_6_22R1PE-15	12824	897580	60	61
contig_60_22R1PE-15	36467	910639	60	61
contig_61_22R1PE-15	11821	947735	60	61
contig_62_22R1PE-15	34887	959775	60	61
contig_63_22R1PE-15	7844	995265	60	61
contig_64_22R1PE-15	26443	1003261	60	61
contig_65_22R1PE-15	19364	1030166	60	61
contig_66_22R1PE-15	42641	1049874	60	61
contig_67_22R1PE-15	39251	1093247	60	61
contig_68_22R1PE-15	5823	1133174	60	61
contig_69_22R1PE-15	35661	1139116	60	61
contig_7_22R1PE-15	14952	1175392	60	61
contig_70_22R1PE-15	15821	1190615	60	61
contig_71_22R1PE-15	17991	1206721	60	61
contig_72_22R1PE-15	22644	1225033	60	61
contig_73_22R1PE-15	37289	1248076	60	61
contig_74_22R1PE-15	19310	1286008	60	61
contig_75_22R1PE-15	14037	1305661	60	61
contig_76_22R1PE-15	53444	1319953	60	61
contig_77_22R1PE-15	6976	1374309	60	61
contig_78_22R1PE-15	50157	1381423	60	61
contig_79_22R1PE-15	4551	1432437	60	61
contig_8_22R1PE-15	29452	1437084	60	61
contig_80_22R1PE-15	80629	1467048	60	61
contig_81_22R1PE-15	11560	1549042	60	61
contig_82_22R1PE-15	15863	1560816	60	61
contig_83_22R1PE-15	15493	1576965	60	61
contig_84_22R1PE-15	16205	1592738	60	61
contig_85_22R1PE-15	5994	1609235	60	61
contig_86_22R1PE-15	27299	1615350	60	61
contig_87_22R1PE-15	51069	1643125	60	61
contig_88_22R1PE-15	54702	1695067	60	61
contig_89_22R1PE-15	16500	1750702	60	61
contig_9_22R1PE-15	8681	1767497	60	61
contig_90_22R1PE-15	2198	1776344	60	61
contig_91_22R1PE-15	2856	1778600	60	61
contig_93_22R1PE-15	27237	1781525	60	61
contig_95_22R1PE-15	36153	1809237	60	61
contig_96_22R1PE-15	23409	1846014	60	61
contig_97_22R1PE-15	54701	1869835	60	61
scaffold_92_22R1PE-15	59092	1925471	60	61
contig_1_22R1PE-16	3752324	20	60	61
contig_1_22R1PE-17	3752338	20	60	61
contig_1_22R1PE-18	221675	20	60	61
contig_2_22R1PE-18	62079	225410	60	61
contig_3_22R1PE-18	4650073	288544	60	61
contig_6_22R1PE-18	648096	5016139	60	61
contig_1_22R1PE-19	3752271	20	60	61
contig_1_22R1PE-1	3752310	19	60	61
contig_1_22R1PE-20	3930119	20	60	61
contig_2_22R1PE-20	59423	3995661	60	61
contig_3_22R1PE-20	20726	4056095	60	61
contig_4_22R1PE-20	242410	4077187	60	61
contig_5_22R1PE-20	27293	4323658	60	61
contig_6_22R1PE-20	220275	4351426	60	61
contig_7_22R1PE-20	53493	4575393	60	61
contig_1_22R1PE-21	141176	20	60	61
contig_2_22R1PE-21	3198248	143569	60	61
contig_3_22R1PE-21	11170	3395142	60	61
contig_4_22R1PE-21	58720	3406519	60	61
contig_5_22R1PE-21	75794	3466238	60	61
contig_6_22R1PE-21	14114	3543316	60	61
contig_1_22R1PE-22	3195805	20	60	61
contig_2_22R1PE-22	42127	3249109	60	61
contig_3_22R1PE-22	141172	3291959	60	61
contig_4_22R1PE-22	6171	3435504	60	61
contig_5_22R1PE-22	1070	3441798	60	61
contig_6_22R1PE-22	75801	3442906	60	61
contig_7_22R1PE-22	58704	3519991	60	61
contig_8_22R1PE-22	14112	3579694	60	61
contig_9_22R1PE-22	11181	3594062	60	61
contig_1_22R1PE-23	141179	20	60	61
contig_2_22R1PE-23	6183	143572	60	61
contig_3_22R1PE-23	42128	149879	60	61
contig_4_22R1PE-23	1070	192730	60	61
contig_5_22R1PE-23	3195876	193838	60	61
contig_6_22R1PE-23	75789	3442999	60	61
contig_7_22R1PE-23	58722	3520072	60	61
contig_8_22R1PE-23	14107	3579793	60	61
contig_9_22R1PE-23	11188	3594156	60	61
contig_1_22R1PE-24	3542939	20	60	61
contig_1_22R1PE-26	2812	20	60	61
contig_10_22R1PE-26	3544	2900	60	61
contig_100_22R1PE-26	5339	6526	60	61
contig_101_22R1PE-26	6433	11976	60	61
contig_102_22R1PE-26	3914	18539	60	61
contig_103_22R1PE-26	2649	22541	60	61
contig_104_22R1PE-26	2218	25257	60	61
contig_105_22R1PE-26	10893	27534	60	61
contig_106_22R1PE-26	2350	38631	60	61
contig_107_22R1PE-26	4684	41043	60	61
contig_108_22R1PE-26	2402	45828	60	61
contig_109_22R1PE-26	9137	48293	60	61
contig_11_22R1PE-26	2604	57604	60	61
contig_110_22R1PE-26	8737	60274	60	61
contig_111_22R1PE-26	4365	69179	60	61
contig_112_22R1PE-26	3761	73639	60	61
contig_113_22R1PE-26	7194	77485	60	61
contig_114_22R1PE-26	6813	84821	60	61
contig_115_22R1PE-26	4484	91770	60	61
contig_116_22R1PE-26	5690	96351	60	61
contig_117_22R1PE-26	2889	102158	60	61
contig_118_22R1PE-26	2562	105118	60	61
contig_119_22R1PE-26	5157	107745	60	61
contig_12_22R1PE-26	2798	113009	60	61
contig_120_22R1PE-26	6061	115876	60	61
contig_121_22R1PE-26	6041	122061	60	61
contig_122_22R1PE-26	3827	128225	60	61
contig_123_22R1PE-26	2830	132138	60	61
contig_124_22R1PE-26	2552	135038	60	61
contig_125_22R1PE-26	6635	137655	60	61
contig_126_22R1PE-26	4583	144423	60	61
contig_127_22R1PE-26	15842	149105	60	61
contig_128_22R1PE-26	6044	165234	60	61
contig_129_22R1PE-26	6443	171401	60	61
contig_13_22R1PE-26	9321	177973	60	61
contig_130_22R1PE-26	16326	187472	60	61
contig_131_22R1PE-26	6700	204093	60	61
contig_132_22R1PE-26	2630	210927	60	61
contig_133_22R1PE-26	9839	213623	60	61
contig_134_22R1PE-26	5086	223648	60	61
contig_135_22R1PE-26	5445	228841	60	61
contig_136_22R1PE-26	3024	234399	60	61
contig_137_22R1PE-26	9264	237496	60	61
contig_138_22R1PE-26	9490	246937	60	61
contig_139_22R1PE-26	4244	256608	60	61
contig_14_22R1PE-26	11323	260944	60	61
contig_140_22R1PE-26	3061	272478	60	61
contig_141_22R1PE-26	2774	275613	60	61
contig_142_22R1PE-26	6572	278456	60	61
contig_143_22R1PE-26	2511	285160	60	61
contig_144_22R1PE-26	4273	287735	60	61
contig_145_22R1PE-26	2437	292102	60	61
contig_146_22R1PE-26	6464	294602	60	61
contig_147_22R1PE-26	2551	301196	60	61
contig_148_22R1PE-26	2211	303812	60	61
contig_149_22R1PE-26	3876	306082	60	61
contig_15_22R1PE-26	5308	310044	60	61
contig_150_22R1PE-26	3504	315463	60	61
contig_151_22R1PE-26	3651	319048	60	61
contig_152_22R1PE-26	2370	322782	60	61
contig_153_22R1PE-26	2541	325214	60	61
contig_154_22R1PE-26	5786	327820	60	61
contig_155_22R1PE-26	2369	333725	60	61
contig_156_22R1PE-26	4855	336156	60	61
contig_157_22R1PE-26	6177	341114	60	61
contig_158_22R1PE-26	9287	347416	60	61
contig_159_22R1PE-26	2666	356880	60	61
contig_16_22R1PE-26	2585	359612	60	61
contig_160_22R1PE-26	6015	362263	60	61
contig_161_22R1PE-26	3973	368401	60	61
contig_162_22R1PE-26	2657	372463	60	61
contig_163_22R1PE-26	4823	375187	60	61
contig_164_22R1PE-26	3234	380113	60	61
contig_165_22R1PE-26	3950	383423	60	61
contig_166_22R1PE-26	4770	387461	60	61
contig_167_22R1PE-26	5714	392333	60	61
contig_168_22R1PE-26	2416	398165	60	61
contig_169_22R1PE-26	3309	400644	60	61
contig_17_22R1PE-26	6556	404030	60	61
contig_170_22R1PE-26	8085	410718	60	61
contig_171_22R1PE-26	2458	418960	60	61
contig_172_22R1PE-26	5127	421481	60	61
contig_173_22R1PE-26	3758	426716	60	61
contig_174_22R1PE-26	2595	430559	60	61
contig_175_22R1PE-26	2812	433220	60	61
contig_176_22R1PE-26	4063	436101	60	61
contig_177_22R1PE-26	2957	440254	60	61
contig_178_22R1PE-26	6793	443283	60	61
contig_179_22R1PE-26	2816	450212	60	61
contig_18_22R1PE-26	4470	453096	60	61
contig_180_22R1PE-26	12535	457663	60	61
contig_181_22R1PE-26	3842	470429	60	61
contig_182_22R1PE-26	4347	474358	60	61
contig_183_22R1PE-26	2034	478800	60	61
contig_184_22R1PE-26	1459	480890	60	61
contig_185_22R1PE-26	3738	482396	60	61
contig_186_22R1PE-26	2319	486219	60	61
contig_187_22R1PE-26	9295	488599	60	61
contig_188_22R1PE-26	4438	498071	60	61
contig_189_22R1PE-26	6534	502605	60	61
contig_19_22R1PE-26	8516	509269	60	61
contig_190_22R1PE-26	4922	517949	60	61
contig_191_22R1PE-26	4443	522976	60	61
contig_192_22R1PE-26	4881	527516	60	61
contig_193_22R1PE-26	2724	532501	60	61
contig_194_22R1PE-26	12972	535293	60	61
contig_195_22R1PE-26	2399	548504	60	61
contig_196_22R1PE-26	2430	550965	60	61
contig_197_22R1PE-26	3319	553458	60	61
contig_198_22R1PE-26	2510	556855	60	61
contig_199_22R1PE-26	7035	559429	60	61
contig_2_22R1PE-26	4488	566602	60	61
contig_20_22R1PE-26	3103	571186	60	61
contig_200_22R1PE-26	3940	574363	60	61
contig_201_22R1PE-26	4860	578391	60	61
contig_202_22R1PE-26	4816	583354	60	61
contig_203_22R1PE-26	8119	588273	60	61
contig_204_22R1PE-26	6733	596550	60	61
contig_205_22R1PE-26	2635	603418	60	61
contig_206_22R1PE-26	3047	606119	60	61
contig_207_22R1PE-26	3296	609239	60	61
contig_208_22R1PE-26	4887	612612	60	61
contig_209_22R1PE-26	2266	617603	60	61
contig_21_22R1PE-26	2412	619928	60	61
contig_210_22R1PE-26	11895	622403	60	61
contig_211_22R1PE-26	5057	634519	60	61
contig_212_22R1PE-26	2289	639683	60	61
contig_213_22R1PE-26	4912	642033	60	61
contig_214_22R1PE-26	2587	647049	60	61
contig_215_22R1PE-26	8682	649702	60	61
contig_216_22R1PE-26	3980	658551	60	61
contig_217_22R1PE-26	4414	662620	60	61
contig_218_22R1PE-26	2228	667130	60	61
contig_219_22R1PE-26	2554	669418	60	61
contig_22_22R1PE-26	4118	672036	60	61
contig_220_22R1PE-26	4249	676245	60	61
contig_221_22R1PE-26	10798	680587	60	61
contig_222_22R1PE-26	2538	691587	60	61
contig_223_22R1PE-26	2916	694190	60	61
contig_224_22R1PE-26	5193	697177	60	61
contig_225_22R1PE-26	2288	702479	60	61
contig_226_22R1PE-26	7471	704828	60	61
contig_227_22R1PE-26	2556	712446	60	61
contig_228_22R1PE-26	2897	715067	60	61
contig_229_22R1PE-26	2531	718035	60	61
contig_23_22R1PE-26	4951	720630	60	61
contig_230_22R1PE-26	3147	725686	60	61
contig_231_22R1PE-26	4424	728908	60	61
contig_232_22R1PE-26	9087	733428	60	61
contig_233_22R1PE-26	2460	742689	60	61
contig_234_22R1PE-26	6106	745212	60	61
contig_235_22R1PE-26	4299	751442	60	61
contig_236_22R1PE-26	4894	755835	60	61
contig_237_22R1PE-26	2848	760833	60	61
contig_238_22R1PE-26	2020	763751	60	61
contig_239_22R1PE-26	1713	765827	60	61
contig_24_22R1PE-26	9701	767590	60	61
contig_240_22R1PE-26	10017	777475	60	61
contig_241_22R1PE-26	3776	787681	60	61
contig_242_22R1PE-26	2387	791542	60	61
contig_243_22R1PE-26	34480	793991	60	61
contig_244_22R1PE-26	4146	829068	60	61
contig_245_22R1PE-26	2576	833306	60	61
contig_246_22R1PE-26	2671	835947	60	61
contig_247_22R1PE-26	4524	838685	60	61
contig_248_22R1PE-26	4169	843307	60	61
contig_249_22R1PE-26	3640	847568	60	61
contig_25_22R1PE-26	2741	851290	60	61
contig_250_22R1PE-26	2288	854099	60	61
contig_251_22R1PE-26	2233	856448	60	61
contig_252_22R1PE-26	2405	858741	60	61
contig_253_22R1PE-26	3622	861209	60	61
contig_254_22R1PE-26	4083	864914	60	61
contig_255_22R1PE-26	2293	869088	60	61
contig_256_22R1PE-26	2475	871442	60	61
contig_257_22R1PE-26	2688	873981	60	61
contig_258_22R1PE-26	5720	876736	60	61
contig_259_22R1PE-26	6021	882574	60	61
contig_26_22R1PE-26	26150	888717	60	61
contig_260_22R1PE-26	4714	915325	60	61
contig_261_22R1PE-26	6544	920140	60	61
contig_262_22R1PE-26	5310	926816	60	61
contig_263_22R1PE-26	2536	932237	60	61
contig_264_22R1PE-26	22385	934838	60	61
contig_265_22R1PE-26	2312	957619	60	61
contig_266_22R1PE-26	3236	959992	60	61
contig_267_22R1PE-26	2557	963304	60	61
contig_268_22R1PE-26	2224	965926	60	61
contig_269_22R1PE-26	2300	968210	60	61
contig_27_22R1PE-26	5140	970570	60	61
contig_270_22R1PE-26	4281	975818	60	61
contig_271_22R1PE-26	2416	980193	60	61
contig_272_22R1PE-26	4535	982672	60	61
contig_273_22R1PE-26	2307	987305	60	61
contig_274_22R1PE-26	11741	989673	60	61
contig_275_22R1PE-26	2737	1001632	60	61
contig_276_22R1PE-26	5313	1004437	60	61
contig_277_22R1PE-26	5217	1009861	60	61
contig_278_22R1PE-26	2801	1015187	60	61
contig_279_22R1PE-26	2352	1018057	60	61
contig_28_22R1PE-26	2551	1020470	60	61
contig_280_22R1PE-26	2361	1023086	60	61
contig_281_22R1PE-26	6971	1025509	60	61
contig_282_22R1PE-26	2405	1032619	60	61
contig_283_22R1PE-26	10919	1035087	60	61
contig_284_22R1PE-26	4036	1046210	60	61
contig_285_22R1PE-26	2744	1050336	60	61
contig_286_22R1PE-26	2480	1053148	60	61
contig_287_22R1PE-26	2331	1055692	60	61
contig_288_22R1PE-26	6443	1058084	60	61
contig_289_22R1PE-26	2189	1064657	60	61
contig_29_22R1PE-26	11880	1066904	60	61
contig_290_22R1PE-26	2492	1079004	60	61
contig_291_22R1PE-26	2737	1081560	60	61
contig_292_22R1PE-26	2324	1084365	60	61
contig_293_22R1PE-26	4148	1086750	60	61
contig_294_22R1PE-26	2220	1090990	60	61
contig_295_22R1PE-26	2414	1093269	60	61
contig_296_22R1PE-26	3070	1095746	60	61
contig_297_22R1PE-26	2437	1098890	60	61
contig_298_22R1PE-26	5336	1101390	60	61
contig_299_22R1PE-26	2771	1106837	60	61
contig_3_22R1PE-26	1738	1109675	60	61
contig_30_22R1PE-26	5038	1111463	60	61
contig_300_22R1PE-26	6651	1116607	60	61
contig_301_22R1PE-26	2658	1123391	60	61
contig_302_22R1PE-26	2842	1126116	60	61
contig_303_22R1PE-26	2470	1129028	60	61
contig_304_22R1PE-26	2678	1131562	60	61
contig_305_22R1PE-26	5986	1134307	60	61
contig_306_22R1PE-26	2394	1140415	60	61
contig_307_22R1PE-26	2445	1142871	60	61
contig_308_22R1PE-26	2308	1145379	60	61
contig_309_22R1PE-26	4528	1147748	60	61
contig_31_22R1PE-26	6167	1152373	60	61
contig_310_22R1PE-26	2993	1158665	60	61
contig_311_22R1PE-26	2899	1161730	60	61
contig_312_22R1PE-26	2819	1164700	60	61
contig_313_22R1PE-26	2242	1167588	60	61
contig_314_22R1PE-26	11875	1169890	60	61
contig_315_22R1PE-26	2898	1181985	60	61
contig_316_22R1PE-26	5758	1184954	60	61
contig_317_22R1PE-26	4121	1190830	60	61
contig_318_22R1PE-26	4200	1195042	60	61
contig_319_22R1PE-26	2921	1199334	60	61
contig_32_22R1PE-26	2346	1202325	60	61
contig_320_22R1PE-26	4636	1204733	60	61
contig_321_22R1PE-26	2686	1209469	60	61
contig_322_22R1PE-26	2223	1212222	60	61
contig_323_22R1PE-26	9311	1214505	60	61
contig_324_22R1PE-26	2467	1223994	60	61
contig_325_22R1PE-26	2831	1226525	60	61
contig_326_22R1PE-26	4421	1229426	60	61
contig_327_22R1PE-26	11821	1233943	60	61
contig_328_22R1PE-26	3793	1245984	60	61
contig_329_22R1PE-26	2300	1249863	60	61
contig_33_22R1PE-26	10533	1252223	60	61
contig_330_22R1PE-26	2407	1262954	60	61
contig_331_22R1PE-26	2986	1265424	60	61
contig_332_22R1PE-26	2324	1268482	60	61
contig_333_22R1PE-26	4550	1270867	60	61
contig_334_22R1PE-26	5659	1275515	60	61
contig_335_22R1PE-26	4816	1281291	60	61
contig_336_22R1PE-26	2813	1286210	60	61
contig_337_22R1PE-26	3952	1289092	60	61
contig_338_22R1PE-26	4417	1293132	60	61
contig_339_22R1PE-26	2192	1297645	60	61
contig_34_22R1PE-26	4874	1299895	60	61
contig_340_22R1PE-26	4472	1304873	60	61
contig_341_22R1PE-26	7271	1309442	60	61
contig_342_22R1PE-26	4324	1316857	60	61
contig_343_22R1PE-26	2324	1321276	60	61
contig_344_22R1PE-26	3394	1323661	60	61
contig_345_22R1PE-26	2544	1327134	60	61
contig_346_22R1PE-26	5048	1329743	60	61
contig_347_22R1PE-26	2683	1334898	60	61
contig_348_22R1PE-26	2544	1337648	60	61
contig_349_22R1PE-26	9047	1340257	60	61
contig_35_22R1PE-26	8108	1349476	60	61
contig_350_22R1PE-26	2528	1357742	60	61
contig_351_22R1PE-26	2375	1360335	60	61
contig_352_22R1PE-26	4854	1362772	60	61
contig_353_22R1PE-26	2708	1367729	60	61
contig_354_22R1PE-26	3823	1370505	60	61
contig_355_22R1PE-26	3193	1374414	60	61
contig_356_22R1PE-26	2539	1377683	60	61
contig_357_22R1PE-26	3120	1380287	60	61
contig_358_22R1PE-26	3033	1383481	60	61
contig_359_22R1PE-26	3156	1386587	60	61
contig_36_22R1PE-26	6780	1389817	60	61
contig_360_22R1PE-26	4520	1396732	60	61
contig_361_22R1PE-26	2551	1401350	60	61
contig_362_22R1PE-26	2848	1403966	60	61
contig_363_22R1PE-26	4777	1406884	60	61
contig_364_22R1PE-26	2541	1411763	60	61
contig_365_22R1PE-26	4325	1414369	60	61
contig_366_22R1PE-26	3912	1418789	60	61
contig_367_22R1PE-26	3870	1422789	60	61
contig_368_22R1PE-26	9119	1426746	60	61
contig_369_22R1PE-26	8962	1436039	60	61
contig_37_22R1PE-26	6587	1445172	60	61
contig_370_22R1PE-26	2536	1451891	60	61
contig_371_22R1PE-26	5268	1454492	60	61
contig_372_22R1PE-26	4402	1459870	60	61
contig_373_22R1PE-26	2470	1464368	60	61
contig_374_22R1PE-26	2566	1466902	60	61
contig_375_22R1PE-26	2553	1469533	60	61
contig_376_22R1PE-26	9975	1472151	60	61
contig_377_22R1PE-26	2928	1482315	60	61
contig_378_22R1PE-26	2238	1485314	60	61
contig_379_22R1PE-26	29341	1487612	60	61
contig_38_22R1PE-26	5335	1517464	60	61
contig_380_22R1PE-26	13603	1522910	60	61
contig_381_22R1PE-26	2274	1536762	60	61
contig_382_22R1PE-26	4192	1539096	60	61
contig_383_22R1PE-26	9018	1543380	60	61
contig_384_22R1PE-26	9439	1552571	60	61
contig_385_22R1PE-26	5370	1562190	60	61
contig_386_22R1PE-26	6378	1567672	60	61
contig_387_22R1PE-26	6188	1574179	60	61
contig_388_22R1PE-26	5689	1580493	60	61
contig_389_22R1PE-26	4193	1586299	60	61
contig_39_22R1PE-26	3758	1590583	60	61
contig_390_22R1PE-26	10278	1594426	60	61
contig_391_22R1PE-26	13686	1604898	60	61
contig_392_22R1PE-26	6341	1618835	60	61
contig_393_22R1PE-26	2356	1625304	60	61
contig_394_22R1PE-26	10352	1627722	60	61
contig_395_22R1PE-26	4578	1638269	60	61
contig_396_22R1PE-26	6010	1642946	60	61
contig_397_22R1PE-26	11580	1649079	60	61
contig_398_22R1PE-26	9389	1660874	60	61
contig_399_22R1PE-26	17377	1670442	60	61
contig_4_22R1PE-26	3183	1688129	60	61
contig_40_22R1PE-26	3288	1691387	60	61
contig_400_22R1PE-26	9958	1694752	60	61
contig_401_22R1PE-26	11565	1704898	60	61
contig_402_22R1PE-26	2356	1716678	60	61
contig_403_22R1PE-26	24033	1719096	60	61
contig_404_22R1PE-26	5196	1743552	60	61
contig_405_22R1PE-26	9495	1748857	60	61
contig_406_22R1PE-26	2985	1758533	60	61
contig_407_22R1PE-26	15677	1761590	60	61
contig_408_22R1PE-26	8330	1777551	60	61
contig_409_22R1PE-26	12270	1786042	60	61
contig_41_22R1PE-26	2998	1798538	60	61
contig_410_22R1PE-26	9469	1801608	60	61
contig_411_22R1PE-26	10888	1811257	60	61
contig_412_22R1PE-26	7421	1822349	60	61
contig_413_22R1PE-26	5371	1829916	60	61
contig_414_22R1PE-26	36504	1835399	60	61
contig_415_22R1PE-26	8815	1872534	60	61
contig_416_22R1PE-26	13545	1881518	60	61
contig_417_22R1PE-26	30442	1895311	60	61
contig_418_22R1PE-26	12409	1926283	60	61
contig_419_22R1PE-26	24008	1938921	60	61
contig_42_22R1PE-26	5335	1963351	60	61
contig_420_22R1PE-26	30125	1968797	60	61
contig_421_22R1PE-26	23010	1999447	60	61
contig_422_22R1PE-26	10386	2022863	60	61
contig_423_22R1PE-26	15483	2033445	60	61
contig_424_22R1PE-26	8462	2049209	60	61
contig_425_22R1PE-26	7283	2057835	60	61
contig_426_22R1PE-26	11515	2065262	60	61
contig_427_22R1PE-26	4178	2076991	60	61
contig_428_22R1PE-26	10419	2081261	60	61
contig_429_22R1PE-26	13037	2091876	60	61
contig_43_22R1PE-26	2449	2105152	60	61
contig_430_22R1PE-26	9442	2107664	60	61
contig_431_22R1PE-26	5665	2117286	60	61
contig_432_22R1PE-26	10816	2123068	60	61
contig_44_22R1PE-26	10374	2134086	60	61
contig_45_22R1PE-26	2440	2144654	60	61
contig_46_22R1PE-26	2293	2147156	60	61
contig_47_22R1PE-26	3379	2149509	60	61
contig_48_22R1PE-26	7637	2152966	60	61
contig_49_22R1PE-26	2364	2160752	60	61
contig_5_22R1PE-26	7060	2163176	60	61
contig_50_22R1PE-26	3813	2170375	60	61
contig_51_22R1PE-26	11723	2174273	60	61
contig_52_22R1PE-26	13889	2186213	60	61
contig_53_22R1PE-26	4692	2200355	60	61
contig_54_22R1PE-26	10101	2205147	60	61
contig_55_22R1PE-26	2663	2215438	60	61
contig_56_22R1PE-26	10254	2218167	60	61
contig_57_22R1PE-26	5677	2228613	60	61
contig_58_22R1PE-26	4371	2234406	60	61
contig_59_22R1PE-26	4779	2238871	60	61
contig_6_22R1PE-26	1410	2243750	60	61
contig_60_22R1PE-26	4497	2245205	60	61
contig_61_22R1PE-26	5404	2249798	60	61
contig_62_22R1PE-26	4916	2255314	60	61
contig_63_22R1PE-26	2722	2260333	60	61
contig_64_22R1PE-26	7168	2263122	60	61
contig_65_22R1PE-26	2532	2270431	60	61
contig_66_22R1PE-26	2898	2273027	60	61
contig_67_22R1PE-26	3194	2275995	60	61
contig_68_22R1PE-26	3014	2279264	60	61
contig_69_22R1PE-26	9438	2282350	60	61
contig_7_22R1PE-26	13750	2291966	60	61
contig_70_22R1PE-26	6233	2305967	60	61
contig_71_22R1PE-26	2981	2312325	60	61
contig_72_22R1PE-26	2255	2315377	60	61
contig_73_22R1PE-26	3079	2317691	60	61
contig_74_22R1PE-26	7610	2320843	60	61
contig_75_22R1PE-26	4000	2328601	60	61
contig_76_22R1PE-26	4415	2332689	60	61
contig_77_22R1PE-26	6100	2337199	60	61
contig_78_22R1PE-26	2942	2343422	60	61
contig_79_22R1PE-26	2503	2346435	60	61
contig_8_22R1PE-26	2514	2349000	60	61
contig_80_22R1PE-26	5772	2351577	60	61
contig_81_22R1PE-26	13820	2357467	60	61
contig_82_22R1PE-26	2257	2371539	60	61
contig_83_22R1PE-26	2395	2373855	60	61
contig_84_22R1PE-26	6455	2376311	60	61
contig_85_22R1PE-26	3796	2382895	60	61
contig_86_22R1PE-26	5460	2386776	60	61
contig_87_22R1PE-26	2508	2392348	60	61
contig_88_22R1PE-26	11123	2394919	60	61
contig_89_22R1PE-26	2452	2406249	60	61
contig_9_22R1PE-26	2268	2408762	60	61
contig_90_22R1PE-26	9898	2411089	60	61
contig_91_22R1PE-26	4273	2421173	60	61
contig_92_22R1PE-26	2846	2425539	60	61
contig_93_22R1PE-26	10947	2428454	60	61
contig_94_22R1PE-26	2608	2439605	60	61
contig_95_22R1PE-26	7018	2442278	60	61
contig_96_22R1PE-26	2413	2449434	60	61
contig_97_22R1PE-26	2684	2451909	60	61
contig_98_22R1PE-26	2486	2454659	60	61
contig_99_22R1PE-26	2701	2457208	60	61
contig_1_22R1PE-27	649427	20	60	61
contig_10_22R1PE-27	75800	660292	60	61
contig_11_22R1PE-27	5583	737377	60	61
contig_2_22R1PE-27	2538138	743074	60	61
contig_3_22R1PE-27	10895	3323535	60	61
contig_4_22R1PE-27	4195	3334632	60	61
contig_5_22R1PE-27	6502	3338917	60	61
contig_6_22R1PE-27	3542837	3345548	60	61
contig_7_22R1PE-27	141149	6947453	60	61
contig_8_22R1PE-27	14116	7090975	60	61
contig_9_22R1PE-27	58711	7105347	60	61
contig_1_22R1PE-28	3195767	20	60	61
contig_2_22R1PE-28	141173	3249070	60	61
contig_3_22R1PE-28	42121	3392616	60	61
contig_4_22R1PE-28	5789	3435460	60	61
contig_6_22R1PE-28	14112	3441366	60	61
contig_7_22R1PE-28	58714	3455734	60	61
contig_8_22R1PE-28	75795	3515447	60	61
contig_9_22R1PE-28	22376	3592526	60	61
contig_1_22R1PE-29	4332775	20	60	61
contig_1_22R1PE-2	5880722	19	60	61
contig_2_22R1PE-2	938383	5978773	60	61
contig_1_22R1PE-30	5373612	20	60	61
contig_1_22R1PE-31	371015	20	60	61
contig_2_22R1PE-31	40829	377239	60	61
contig_3_22R1PE-31	278341	418769	60	61
contig_4_22R1PE-31	3813274	701770	60	61
contig_1_22R1PE-32	4147033	20	60	61
contig_1_22R1PE-33	3752453	20	60	61
contig_2_22R1PE-33	9530	3815034	60	61
contig_3_22R1PE-33	16062	3824743	60	61
contig_4_22R1PE-33	7321	3841093	60	61
contig_5_22R1PE-33	10689	3848557	60	61
contig_6_22R1PE-33	4134	3859445	60	61
contig_7_22R1PE-33	1081	3863668	60	61
contig_1_22R1PE-34	5145	20	60	61
contig_10_22R1PE-34	2627	5272	60	61
contig_100_22R1PE-34	2556	7965	60	61
contig_1000_22R1PE-34	2830	10587	60	61
contig_1001_22R1PE-34	2155	13488	60	61
contig_1002_22R1PE-34	2306	15702	60	61
contig_1003_22R1PE-34	2291	18070	60	61
contig_1004_22R1PE-34	3369	20423	60	61
contig_1005_22R1PE-34	2638	23872	60	61
contig_1006_22R1PE-34	2241	26577	60	61
contig_1007_22R1PE-34	2427	28879	60	61
contig_1008_22R1PE-34	3382	31370	60	61
contig_1009_22R1PE-34	2489	34832	60	61
contig_101_22R1PE-34	2524	37385	60	61
contig_1010_22R1PE-34	2410	39975	60	61
contig_1011_22R1PE-34	2510	42449	60	61
contig_1012_22R1PE-34	2458	45024	60	61
contig_1013_22R1PE-34	2709	47546	60	61
contig_1014_22R1PE-34	2310	50324	60	61
contig_1015_22R1PE-34	2252	52696	60	61
contig_1016_22R1PE-34	2430	55009	60	61
contig_1017_22R1PE-34	2808	57503	60	61
contig_1018_22R1PE-34	2356	60381	60	61
contig_1019_22R1PE-34	2964	62800	60	61
contig_102_22R1PE-34	4642	65836	60	61
contig_1020_22R1PE-34	2791	70579	60	61
contig_1021_22R1PE-34	2422	73440	60	61
contig_1022_22R1PE-34	5614	75926	60	61
contig_1023_22R1PE-34	2356	81657	60	61
contig_1024_22R1PE-34	2424	84076	60	61
contig_1025_22R1PE-34	4357	86564	60	61
contig_1026_22R1PE-34	2344	91017	60	61
contig_1027_22R1PE-34	2347	93424	60	61
contig_1028_22R1PE-34	2491	95834	60	61
contig_1029_22R1PE-34	2996	98390	60	61
contig_103_22R1PE-34	2557	101458	60	61
contig_1030_22R1PE-34	2553	104081	60	61
contig_1031_22R1PE-34	2482	106700	60	61
contig_1032_22R1PE-34	6966	109247	60	61
contig_1033_22R1PE-34	3532	116353	60	61
contig_1034_22R1PE-34	2620	119967	60	61
contig_1035_22R1PE-34	2250	122654	60	61
contig_1036_22R1PE-34	3239	124965	60	61
contig_1037_22R1PE-34	2808	128281	60	61
contig_1038_22R1PE-34	3352	131159	60	61
contig_1039_22R1PE-34	2743	134590	60	61
contig_104_22R1PE-34	3271	137401	60	61
contig_1040_22R1PE-34	2501	140750	60	61
contig_1041_22R1PE-34	2278	143316	60	61
contig_1042_22R1PE-34	3030	145655	60	61
contig_1043_22R1PE-34	2298	148759	60	61
contig_1044_22R1PE-34	3486	151119	60	61
contig_1045_22R1PE-34	2461	154687	60	61
contig_1046_22R1PE-34	2776	157213	60	61
contig_1047_22R1PE-34	3301	160059	60	61
contig_1048_22R1PE-34	4789	163439	60	61
contig_1049_22R1PE-34	2245	168331	60	61
contig_105_22R1PE-34	2629	170636	60	61
contig_1050_22R1PE-34	2534	173332	60	61
contig_1051_22R1PE-34	2328	175932	60	61
contig_1052_22R1PE-34	2872	178322	60	61
contig_1053_22R1PE-34	2283	181265	60	61
contig_1054_22R1PE-34	2381	183610	60	61
contig_1055_22R1PE-34	2678	186054	60	61
contig_1056_22R1PE-34	2341	188800	60	61
contig_1057_22R1PE-34	3225	191204	60	61
contig_1058_22R1PE-34	3004	194506	60	61
contig_1059_22R1PE-34	2537	197584	60	61
contig_106_22R1PE-34	2704	200186	60	61
contig_1060_22R1PE-34	2494	202959	60	61
contig_1061_22R1PE-34	2684	205518	60	61
contig_1062_22R1PE-34	2276	208270	60	61
contig_1063_22R1PE-34	2728	210607	60	61
contig_1064_22R1PE-34	2759	213404	60	61
contig_1065_22R1PE-34	2901	216232	60	61
contig_1066_22R1PE-34	4617	219205	60	61
contig_1067_22R1PE-34	2638	223922	60	61
contig_1068_22R1PE-34	2813	226627	60	61
contig_1069_22R1PE-34	3314	229510	60	61
contig_107_22R1PE-34	2443	232902	60	61
contig_1070_22R1PE-34	3154	235409	60	61
contig_1071_22R1PE-34	3409	238639	60	61
contig_1072_22R1PE-34	4160	242128	60	61
contig_1073_22R1PE-34	4531	246381	60	61
contig_1074_22R1PE-34	6311	251011	60	61
contig_1075_22R1PE-34	7118	257451	60	61
contig_1076_22R1PE-34	6119	264711	60	61
contig_1077_22R1PE-34	3930	270955	60	61
contig_1078_22R1PE-34	5367	274974	60	61
contig_1079_22R1PE-34	4785	280454	60	61
contig_108_22R1PE-34	2722	285341	60	61
contig_1080_22R1PE-34	6809	288132	60	61
contig_1081_22R1PE-34	6006	295078	60	61
contig_1082_22R1PE-34	7926	301208	60	61
contig_1083_22R1PE-34	5465	309290	60	61
contig_1084_22R1PE-34	7928	314870	60	61
contig_1085_22R1PE-34	4427	322954	60	61
contig_1086_22R1PE-34	13508	327478	60	61
contig_1087_22R1PE-34	5950	341235	60	61
contig_1088_22R1PE-34	4004	347308	60	61
contig_1089_22R1PE-34	9617	351402	60	61
contig_109_22R1PE-34	2265	361202	60	61
contig_1090_22R1PE-34	3609	363528	60	61
contig_1091_22R1PE-34	3840	367221	60	61
contig_11_22R1PE-34	2336	371146	60	61
contig_110_22R1PE-34	2349	373543	60	61
contig_111_22R1PE-34	2338	375954	60	61
contig_112_22R1PE-34	2245	378353	60	61
contig_113_22R1PE-34	2337	380658	60	61
contig_114_22R1PE-34	2741	383056	60	61
contig_115_22R1PE-34	2314	385865	60	61
contig_116_22R1PE-34	2693	388240	60	61
contig_117_22R1PE-34	2300	391000	60	61
contig_118_22R1PE-34	2994	393361	60	61
contig_119_22R1PE-34	2756	396427	60	61
contig_12_22R1PE-34	2518	399250	60	61
contig_120_22R1PE-34	2325	401832	60	61
contig_121_22R1PE-34	5488	404218	60	61
contig_122_22R1PE-34	2397	409820	60	61
contig_123_22R1PE-34	5162	412279	60	61
contig_124_22R1PE-34	2791	417550	60	61
contig_125_22R1PE-34	2609	420410	60	61
contig_126_22R1PE-34	2429	423085	60	61
contig_127_22R1PE-34	3822	425577	60	61
contig_128_22R1PE-34	2784	429485	60	61
contig_129_22R1PE-34	2617	432338	60	61
contig_13_22R1PE-34	2516	435020	60	61
contig_130_22R1PE-34	2323	437600	60	61
contig_131_22R1PE-34	2783	439984	60	61
contig_132_22R1PE-34	2404	442836	60	61
contig_133_22R1PE-34	3286	445303	60	61
contig_134_22R1PE-34	2513	448666	60	61
contig_135_22R1PE-34	2248	451243	60	61
contig_136_22R1PE-34	2628	453551	60	61
contig_137_22R1PE-34	4590	456245	60	61
contig_138_22R1PE-34	2230	460934	60	61
contig_139_22R1PE-34	2692	463224	60	61
contig_14_22R1PE-34	2342	465982	60	61
contig_140_22R1PE-34	3111	468386	60	61
contig_141_22R1PE-34	2673	471571	60	61
contig_142_22R1PE-34	2586	474311	60	61
contig_143_22R1PE-34	3063	476963	60	61
contig_144_22R1PE-34	2569	480100	60	61
contig_145_22R1PE-34	2487	482734	60	61
contig_146_22R1PE-34	2380	485285	60	61
contig_147_22R1PE-34	2289	487727	60	61
contig_148_22R1PE-34	3991	490077	60	61
contig_149_22R1PE-34	2321	494157	60	61
contig_15_22R1PE-34	2663	496538	60	61
contig_150_22R1PE-34	2101	499268	60	61
contig_151_22R1PE-34	2926	501427	60	61
contig_152_22R1PE-34	5020	504424	60	61
contig_153_22R1PE-34	3371	509550	60	61
contig_154_22R1PE-34	2300	513000	60	61
contig_155_22R1PE-34	2238	515361	60	61
contig_156_22R1PE-34	2213	517659	60	61
contig_157_22R1PE-34	2210	519931	60	61
contig_158_22R1PE-34	2625	522200	60	61
contig_159_22R1PE-34	2363	524891	60	61
contig_16_22R1PE-34	2278	527315	60	61
contig_160_22R1PE-34	2107	529653	60	61
contig_161_22R1PE-34	2846	531818	60	61
contig_162_22R1PE-34	3149	534734	60	61
contig_163_22R1PE-34	3595	537958	60	61
contig_164_22R1PE-34	2335	541635	60	61
contig_165_22R1PE-34	2431	544031	60	61
contig_166_22R1PE-34	2639	546525	60	61
contig_167_22R1PE-34	3163	549230	60	61
contig_168_22R1PE-34	2752	552468	60	61
contig_169_22R1PE-34	2343	555288	60	61
contig_17_22R1PE-34	2850	557692	60	61
contig_170_22R1PE-34	2685	560612	60	61
contig_171_22R1PE-34	2368	563364	60	61
contig_172_22R1PE-34	2586	565794	60	61
contig_173_22R1PE-34	4221	568446	60	61
contig_174_22R1PE-34	2338	572760	60	61
contig_175_22R1PE-34	2295	575159	60	61
contig_176_22R1PE-34	2653	577515	60	61
contig_177_22R1PE-34	3125	580235	60	61
contig_178_22R1PE-34	2346	583435	60	61
contig_179_22R1PE-34	2451	585843	60	61
contig_18_22R1PE-34	2320	588356	60	61
contig_180_22R1PE-34	2728	590737	60	61
contig_181_22R1PE-34	2952	593533	60	61
contig_182_22R1PE-34	2304	596557	60	61
contig_183_22R1PE-34	3744	598922	60	61
contig_184_22R1PE-34	2646	602751	60	61
contig_185_22R1PE-34	2431	605464	60	61
contig_186_22R1PE-34	2500	607958	60	61
contig_187_22R1PE-34	2392	610522	60	61
contig_188_22R1PE-34	3122	612976	60	61
contig_189_22R1PE-34	4054	616173	60	61
contig_19_22R1PE-34	2983	620316	60	61
contig_190_22R1PE-34	4718	623371	60	61
contig_191_22R1PE-34	2335	628190	60	61
contig_192_22R1PE-34	3568	630586	60	61
contig_193_22R1PE-34	2921	634236	60	61
contig_194_22R1PE-34	3847	637228	60	61
contig_195_22R1PE-34	3040	641162	60	61
contig_196_22R1PE-34	4148	644275	60	61
contig_197_22R1PE-34	3295	648515	60	61
contig_198_22R1PE-34	2229	651887	60	61
contig_199_22R1PE-34	3440	654176	60	61
contig_2_22R1PE-34	2427	657694	60	61
contig_20_22R1PE-34	2480	660183	60	61
contig_200_22R1PE-34	2382	662727	60	61
contig_201_22R1PE-34	2693	665171	60	61
contig_202_22R1PE-34	2373	667931	60	61
contig_203_22R1PE-34	2316	670366	60	61
contig_204_22R1PE-34	2763	672743	60	61
contig_205_22R1PE-34	2223	675575	60	61
contig_206_22R1PE-34	2513	677858	60	61
contig_207_22R1PE-34	3365	680435	60	61
contig_208_22R1PE-34	2907	683879	60	61
contig_209_22R1PE-34	2327	686857	60	61
contig_21_22R1PE-34	4368	689244	60	61
contig_210_22R1PE-34	2716	693707	60	61
contig_211_22R1PE-34	4440	696491	60	61
contig_212_22R1PE-34	2589	701027	60	61
contig_213_22R1PE-34	2739	703682	60	61
contig_214_22R1PE-34	2240	706489	60	61
contig_215_22R1PE-34	2243	708789	60	61
contig_216_22R1PE-34	2515	711092	60	61
contig_217_22R1PE-34	5080	713671	60	61
contig_218_22R1PE-34	2846	718858	60	61
contig_219_22R1PE-34	2660	721774	60	61
contig_22_22R1PE-34	4120	724500	60	61
contig_220_22R1PE-34	2104	728711	60	61
contig_221_22R1PE-34	2900	730873	60	61
contig_222_22R1PE-34	3456	733844	60	61
contig_223_22R1PE-34	3155	737380	60	61
contig_224_22R1PE-34	4522	740610	60	61
contig_225_22R1PE-34	2923	745230	60	61
contig_226_22R1PE-34	2246	748224	60	61
contig_227_22R1PE-34	2706	750530	60	61
contig_228_22R1PE-34	2435	753304	60	61
contig_229_22R1PE-34	2294	755802	60	61
contig_23_22R1PE-34	3346	758156	60	61
contig_230_22R1PE-34	2255	761580	60	61
contig_231_22R1PE-34	2239	763895	60	61
contig_232_22R1PE-34	2681	766194	60	61
contig_233_22R1PE-34	3236	768942	60	61
contig_234_22R1PE-34	2978	772254	60	61
contig_235_22R1PE-34	3205	775304	60	61
contig_236_22R1PE-34	3165	778585	60	61
contig_237_22R1PE-34	2690	781825	60	61
contig_238_22R1PE-34	2269	784582	60	61
contig_239_22R1PE-34	2350	786911	60	61
contig_24_22R1PE-34	2440	789322	60	61
contig_240_22R1PE-34	2664	791825	60	61
contig_241_22R1PE-34	2549	794556	60	61
contig_242_22R1PE-34	2705	797170	60	61
contig_243_22R1PE-34	3345	799943	60	61
contig_244_22R1PE-34	2459	803366	60	61
contig_245_22R1PE-34	2248	805888	60	61
contig_246_22R1PE-34	2766	808196	60	61
contig_247_22R1PE-34	2302	811031	60	61
contig_248_22R1PE-34	2282	813394	60	61
contig_249_22R1PE-34	2519	815737	60	61
contig_25_22R1PE-34	2761	818319	60	61
contig_250_22R1PE-34	4346	821149	60	61
contig_251_22R1PE-34	2839	825590	60	61
contig_252_22R1PE-34	3145	828499	60	61
contig_253_22R1PE-34	3053	831719	60	61
contig_254_22R1PE-34	2276	834845	60	61
contig_255_22R1PE-34	2297	837181	60	61
contig_256_22R1PE-34	3491	839539	60	61
contig_257_22R1PE-34	6118	843111	60	61
contig_258_22R1PE-34	2484	849353	60	61
contig_259_22R1PE-34	2915	851901	60	61
contig_26_22R1PE-34	2237	854886	60	61
contig_260_22R1PE-34	2258	857183	60	61
contig_261_22R1PE-34	3243	859501	60	61
contig_262_22R1PE-34	2890	862821	60	61
contig_263_22R1PE-34	2700	865782	60	61
contig_264_22R1PE-34	2552	868549	60	61
contig_265_22R1PE-34	2236	871166	60	61
contig_266_22R1PE-34	4613	873462	60	61
contig_267_22R1PE-34	2927	878174	60	61
contig_268_22R1PE-34	8738	881172	60	61
contig_269_22R1PE-34	3383	890078	60	61
contig_27_22R1PE-34	3785	893539	60	61
contig_270_22R1PE-34	2462	897410	60	61
contig_271_22R1PE-34	2809	899936	60	61
contig_272_22R1PE-34	2323	902814	60	61
contig_273_22R1PE-34	3180	905198	60	61
contig_274_22R1PE-34	2529	908453	60	61
contig_275_22R1PE-34	6174	911047	60	61
contig_276_22R1PE-34	4948	917346	60	61
contig_277_22R1PE-34	8354	922399	60	61
contig_278_22R1PE-34	2288	930915	60	61
contig_279_22R1PE-34	2324	933264	60	61
contig_28_22R1PE-34	3192	935648	60	61
contig_280_22R1PE-34	2219	938916	60	61
contig_281_22R1PE-34	4794	941194	60	61
contig_282_22R1PE-34	2502	946090	60	61
contig_283_22R1PE-34	2174	948656	60	61
contig_284_22R1PE-34	2335	950889	60	61
contig_285_22R1PE-34	2626	953285	60	61
contig_286_22R1PE-34	2387	955977	60	61
contig_287_22R1PE-34	3790	958426	60	61
contig_288_22R1PE-34	2522	962302	60	61
contig_289_22R1PE-34	2488	964889	60	61
contig_29_22R1PE-34	2338	967440	60	61
contig_290_22R1PE-34	2701	969839	60	61
contig_291_22R1PE-34	3526	972608	60	61
contig_292_22R1PE-34	2704	976215	60	61
contig_293_22R1PE-34	2497	978987	60	61
contig_294_22R1PE-34	2359	981548	60	61
contig_295_22R1PE-34	2533	983969	60	61
contig_296_22R1PE-34	2325	986567	60	61
contig_297_22R1PE-34	3022	988953	60	61
contig_298_22R1PE-34	2324	992048	60	61
contig_299_22R1PE-34	2414	994433	60	61
contig_3_22R1PE-34	2891	996908	60	61
contig_30_22R1PE-34	2831	999869	60	61
contig_300_22R1PE-34	2456	1002770	60	61
contig_301_22R1PE-34	3204	1005289	60	61
contig_302_22R1PE-34	2347	1008569	60	61
contig_303_22R1PE-34	4032	1010978	60	61
contig_304_22R1PE-34	2172	1015100	60	61
contig_305_22R1PE-34	2964	1017331	60	61
contig_306_22R1PE-34	4435	1020367	60	61
contig_307_22R1PE-34	2423	1024898	60	61
contig_308_22R1PE-34	2968	1027384	60	61
contig_309_22R1PE-34	2589	1030424	60	61
contig_31_22R1PE-34	2346	1033078	60	61
contig_310_22R1PE-34	2459	1035486	60	61
contig_311_22R1PE-34	2881	1038008	60	61
contig_312_22R1PE-34	2256	1040960	60	61
contig_313_22R1PE-34	4345	1043276	60	61
contig_314_22R1PE-34	5552	1047716	60	61
contig_315_22R1PE-34	2483	1053383	60	61
contig_316_22R1PE-34	4369	1055930	60	61
contig_317_22R1PE-34	2533	1060394	60	61
contig_318_22R1PE-34	2982	1062992	60	61
contig_319_22R1PE-34	2642	1066046	60	61
contig_32_22R1PE-34	2856	1068754	60	61
contig_320_22R1PE-34	2915	1071680	60	61
contig_321_22R1PE-34	2427	1074666	60	61
contig_322_22R1PE-34	2895	1077156	60	61
contig_323_22R1PE-34	2367	1080122	60	61
contig_324_22R1PE-34	2400	1082551	60	61
contig_325_22R1PE-34	2437	1085013	60	61
contig_326_22R1PE-34	2370	1087513	60	61
contig_327_22R1PE-34	2916	1089945	60	61
contig_328_22R1PE-34	2657	1092932	60	61
contig_329_22R1PE-34	6137	1095656	60	61
contig_33_22R1PE-34	4460	1101917	60	61
contig_330_22R1PE-34	3435	1106474	60	61
contig_331_22R1PE-34	2257	1109989	60	61
contig_332_22R1PE-34	2373	1112306	60	61
contig_333_22R1PE-34	2377	1114741	60	61
contig_334_22R1PE-34	5216	1117180	60	61
contig_335_22R1PE-34	4032	1122505	60	61
contig_336_22R1PE-34	2250	1126627	60	61
contig_337_22R1PE-34	2537	1128937	60	61
contig_338_22R1PE-34	2429	1131539	60	61
contig_339_22R1PE-34	4490	1134031	60	61
contig_34_22R1PE-34	2693	1138617	60	61
contig_340_22R1PE-34	4153	1141377	60	61
contig_341_22R1PE-34	4648	1145622	60	61
contig_342_22R1PE-34	4287	1150370	60	61
contig_343_22R1PE-34	2858	1154751	60	61
contig_344_22R1PE-34	2310	1157679	60	61
contig_345_22R1PE-34	2986	1160050	60	61
contig_346_22R1PE-34	3876	1163108	60	61
contig_347_22R1PE-34	3845	1167071	60	61
contig_348_22R1PE-34	2485	1171003	60	61
contig_349_22R1PE-34	2553	1173552	60	61
contig_35_22R1PE-34	2225	1176169	60	61
contig_350_22R1PE-34	6003	1178454	60	61
contig_351_22R1PE-34	3080	1184580	60	61
contig_352_22R1PE-34	2407	1187734	60	61
contig_353_22R1PE-34	2379	1190204	60	61
contig_354_22R1PE-34	3158	1192645	60	61
contig_355_22R1PE-34	2580	1195878	60	61
contig_356_22R1PE-34	4239	1198523	60	61
contig_357_22R1PE-34	3241	1202855	60	61
contig_358_22R1PE-34	2463	1206173	60	61
contig_359_22R1PE-34	2366	1208700	60	61
contig_36_22R1PE-34	2537	1211127	60	61
contig_360_22R1PE-34	2319	1213729	60	61
contig_361_22R1PE-34	2265	1216109	60	61
contig_362_22R1PE-34	2309	1218434	60	61
contig_363_22R1PE-34	8459	1220804	60	61
contig_364_22R1PE-34	4658	1229426	60	61
contig_365_22R1PE-34	2302	1234184	60	61
contig_366_22R1PE-34	2356	1236547	60	61
contig_367_22R1PE-34	2321	1238965	60	61
contig_368_22R1PE-34	2584	1241347	60	61
contig_369_22R1PE-34	2563	1243997	60	61
contig_37_22R1PE-34	2364	1246624	60	61
contig_370_22R1PE-34	2726	1249050	60	61
contig_371_22R1PE-34	2627	1251844	60	61
contig_372_22R1PE-34	2203	1254537	60	61
contig_373_22R1PE-34	2449	1256799	60	61
contig_374_22R1PE-34	2461	1259311	60	61
contig_375_22R1PE-34	2402	1261836	60	61
contig_376_22R1PE-34	6251	1264301	60	61
contig_377_22R1PE-34	4742	1270679	60	61
contig_378_22R1PE-34	3449	1275523	60	61
contig_379_22R1PE-34	2264	1279052	60	61
contig_38_22R1PE-34	2884	1281375	60	61
contig_380_22R1PE-34	4603	1284330	60	61
contig_381_22R1PE-34	2214	1289032	60	61
contig_382_22R1PE-34	2513	1291305	60	61
contig_383_22R1PE-34	2875	1293882	60	61
contig_384_22R1PE-34	5470	1296827	60	61
contig_385_22R1PE-34	2607	1302411	60	61
contig_386_22R1PE-34	2419	1305084	60	61
contig_387_22R1PE-34	3076	1307566	60	61
contig_388_22R1PE-34	2889	1310716	60	61
contig_389_22R1PE-34	2405	1313676	60	61
contig_39_22R1PE-34	5216	1316143	60	61
contig_390_22R1PE-34	3344	1321468	60	61
contig_391_22R1PE-34	2449	1324890	60	61
contig_392_22R1PE-34	4404	1327402	60	61
contig_393_22R1PE-34	3676	1331902	60	61
contig_394_22R1PE-34	2312	1335662	60	61
contig_395_22R1PE-34	2401	1338035	60	61
contig_396_22R1PE-34	2475	1340499	60	61
contig_397_22R1PE-34	3005	1343038	60	61
contig_398_22R1PE-34	3349	1346116	60	61
contig_399_22R1PE-34	2402	1349543	60	61
contig_4_22R1PE-34	3858	1352006	60	61
contig_40_22R1PE-34	2101	1355950	60	61
contig_400_22R1PE-34	2334	1358109	60	61
contig_401_22R1PE-34	2408	1360504	60	61
contig_402_22R1PE-34	2254	1362975	60	61
contig_403_22R1PE-34	2300	1365289	60	61
contig_404_22R1PE-34	4999	1367650	60	61
contig_405_22R1PE-34	2553	1372755	60	61
contig_406_22R1PE-34	2316	1375373	60	61
contig_407_22R1PE-34	2302	1377750	60	61
contig_408_22R1PE-34	2815	1380113	60	61
contig_409_22R1PE-34	2733	1382997	60	61
contig_41_22R1PE-34	2765	1385797	60	61
contig_410_22R1PE-34	5171	1388631	60	61
contig_411_22R1PE-34	6506	1393911	60	61
contig_412_22R1PE-34	2227	1400548	60	61
contig_413_22R1PE-34	2771	1402835	60	61
contig_414_22R1PE-34	2274	1405675	60	61
contig_415_22R1PE-34	4787	1408009	60	61
contig_416_22R1PE-34	2378	1412898	60	61
contig_417_22R1PE-34	2398	1415338	60	61
contig_418_22R1PE-34	2458	1417798	60	61
contig_419_22R1PE-34	2591	1420319	60	61
contig_42_22R1PE-34	6554	1422975	60	61
contig_420_22R1PE-34	6891	1429661	60	61
contig_421_22R1PE-34	2460	1436689	60	61
contig_422_22R1PE-34	2572	1439212	60	61
contig_423_22R1PE-34	3803	1441849	60	61
contig_424_22R1PE-34	2488	1445738	60	61
contig_425_22R1PE-34	2507	1448290	60	61
contig_426_22R1PE-34	2218	1450861	60	61
contig_427_22R1PE-34	3109	1453138	60	61
contig_428_22R1PE-34	2672	1456321	60	61
contig_429_22R1PE-34	3094	1459060	60	61
contig_43_22R1PE-34	2460	1462227	60	61
contig_430_22R1PE-34	2345	1464750	60	61
contig_431_22R1PE-34	2477	1467157	60	61
contig_432_22R1PE-34	2627	1469698	60	61
contig_433_22R1PE-34	2830	1472391	60	61
contig_434_22R1PE-34	2565	1475291	60	61
contig_435_22R1PE-34	3712	1477921	60	61
contig_436_22R1PE-34	2260	1481717	60	61
contig_437_22R1PE-34	3280	1484037	60	61
contig_438_22R1PE-34	4159	1487394	60	61
contig_439_22R1PE-34	2837	1491645	60	61
contig_44_22R1PE-34	2852	1494551	60	61
contig_440_22R1PE-34	2348	1497473	60	61
contig_441_22R1PE-34	3398	1499883	60	61
contig_442_22R1PE-34	2163	1503360	60	61
contig_443_22R1PE-34	2482	1505582	60	61
contig_444_22R1PE-34	3105	1508128	60	61
contig_445_22R1PE-34	4504	1511307	60	61
contig_446_22R1PE-34	2685	1515909	60	61
contig_447_22R1PE-34	2290	1518661	60	61
contig_448_22R1PE-34	2321	1521012	60	61
contig_449_22R1PE-34	4270	1523394	60	61
contig_45_22R1PE-34	2372	1527757	60	61
contig_450_22R1PE-34	2567	1530191	60	61
contig_451_22R1PE-34	2437	1532823	60	61
contig_452_22R1PE-34	2226	1535323	60	61
contig_453_22R1PE-34	2199	1537609	60	61
contig_454_22R1PE-34	2497	1539867	60	61
contig_455_22R1PE-34	2542	1542428	60	61
contig_456_22R1PE-34	3176	1545035	60	61
contig_457_22R1PE-34	2654	1548286	60	61
contig_458_22R1PE-34	2653	1551007	60	61
contig_459_22R1PE-34	2680	1553727	60	61
contig_46_22R1PE-34	2439	1556473	60	61
contig_460_22R1PE-34	2379	1558975	60	61
contig_461_22R1PE-34	2979	1561416	60	61
contig_462_22R1PE-34	2271	1564467	60	61
contig_463_22R1PE-34	2599	1566798	60	61
contig_464_22R1PE-34	2215	1569463	60	61
contig_465_22R1PE-34	2385	1571737	60	61
contig_466_22R1PE-34	3361	1574184	60	61
contig_467_22R1PE-34	2378	1577624	60	61
contig_468_22R1PE-34	2574	1580064	60	61
contig_469_22R1PE-34	2245	1582703	60	61
contig_47_22R1PE-34	3405	1585007	60	61
contig_470_22R1PE-34	2334	1588491	60	61
contig_471_22R1PE-34	2561	1590886	60	61
contig_472_22R1PE-34	2447	1593512	60	61
contig_473_22R1PE-34	2584	1596022	60	61
contig_474_22R1PE-34	2569	1598672	60	61
contig_475_22R1PE-34	3741	1601306	60	61
contig_476_22R1PE-34	4605	1605132	60	61
contig_477_22R1PE-34	3848	1609836	60	61
contig_478_22R1PE-34	2508	1613771	60	61
contig_479_22R1PE-34	2387	1616343	60	61
contig_48_22R1PE-34	2687	1618791	60	61
contig_480_22R1PE-34	3780	1621545	60	61
contig_481_22R1PE-34	2310	1625410	60	61
contig_482_22R1PE-34	2187	1627781	60	61
contig_483_22R1PE-34	4316	1630027	60	61
contig_484_22R1PE-34	2664	1634437	60	61
contig_485_22R1PE-34	2481	1637168	60	61
contig_486_22R1PE-34	2239	1639713	60	61
contig_487_22R1PE-34	2630	1642012	60	61
contig_488_22R1PE-34	2131	1644708	60	61
contig_489_22R1PE-34	3245	1646897	60	61
contig_49_22R1PE-34	2225	1650218	60	61
contig_490_22R1PE-34	3050	1652503	60	61
contig_491_22R1PE-34	3591	1655626	60	61
contig_492_22R1PE-34	2227	1659299	60	61
contig_493_22R1PE-34	2508	1661586	60	61
contig_494_22R1PE-34	2305	1664158	60	61
contig_495_22R1PE-34	2936	1666524	60	61
contig_496_22R1PE-34	3581	1669531	60	61
contig_497_22R1PE-34	4342	1673194	60	61
contig_498_22R1PE-34	3394	1677631	60	61
contig_499_22R1PE-34	2652	1681104	60	61
contig_5_22R1PE-34	2477	1683821	60	61
contig_50_22R1PE-34	2664	1686361	60	61
contig_500_22R1PE-34	2394	1689092	60	61
contig_501_22R1PE-34	2415	1691548	60	61
contig_502_22R1PE-34	2965	1694026	60	61
contig_503_22R1PE-34	2434	1697063	60	61
contig_504_22R1PE-34	2326	1699560	60	61
contig_505_22R1PE-34	2786	1701947	60	61
contig_506_22R1PE-34	2388	1704802	60	61
contig_507_22R1PE-34	2245	1707252	60	61
contig_508_22R1PE-34	3661	1709557	60	61
contig_509_22R1PE-34	2500	1713302	60	61
contig_51_22R1PE-34	3414	1715865	60	61
contig_510_22R1PE-34	2270	1719358	60	61
contig_511_22R1PE-34	2276	1721688	60	61
contig_512_22R1PE-34	2430	1724024	60	61
contig_513_22R1PE-34	6023	1726517	60	61
contig_514_22R1PE-34	2755	1732663	60	61
contig_515_22R1PE-34	2339	1735486	60	61
contig_516_22R1PE-34	3619	1737886	60	61
contig_517_22R1PE-34	2513	1741588	60	61
contig_518_22R1PE-34	2690	1744165	60	61
contig_519_22R1PE-34	3422	1746922	60	61
contig_52_22R1PE-34	2586	1750423	60	61
contig_520_22R1PE-34	2714	1753075	60	61
contig_521_22R1PE-34	2726	1755857	60	61
contig_522_22R1PE-34	2217	1758651	60	61
contig_523_22R1PE-34	7233	1760927	60	61
contig_524_22R1PE-34	2531	1768303	60	61
contig_525_22R1PE-34	2213	1770899	60	61
contig_526_22R1PE-34	2361	1773171	60	61
contig_527_22R1PE-34	4246	1775594	60	61
contig_528_22R1PE-34	2376	1779933	60	61
contig_529_22R1PE-34	2262	1782371	60	61
contig_53_22R1PE-34	2665	1784692	60	61
contig_530_22R1PE-34	2536	1787424	60	61
contig_531_22R1PE-34	2560	1790025	60	61
contig_532_22R1PE-34	2375	1792650	60	61
contig_533_22R1PE-34	2475	1795087	60	61
contig_534_22R1PE-34	2312	1797626	60	61
contig_535_22R1PE-34	2647	1799999	60	61
contig_536_22R1PE-34	2396	1802713	60	61
contig_537_22R1PE-34	2372	1805171	60	61
contig_538_22R1PE-34	3119	1807605	60	61
contig_539_22R1PE-34	2299	1810798	60	61
contig_54_22R1PE-34	2937	1813157	60	61
contig_540_22R1PE-34	2457	1816165	60	61
contig_541_22R1PE-34	3177	1818685	60	61
contig_542_22R1PE-34	2255	1821937	60	61
contig_543_22R1PE-34	2865	1824252	60	61
contig_544_22R1PE-34	3127	1827187	60	61
contig_545_22R1PE-34	2289	1830389	60	61
contig_546_22R1PE-34	2618	1832739	60	61
contig_547_22R1PE-34	3014	1835423	60	61
contig_548_22R1PE-34	2474	1838510	60	61
contig_549_22R1PE-34	3172	1841048	60	61
contig_55_22R1PE-34	2276	1844294	60	61
contig_550_22R1PE-34	4702	1846630	60	61
contig_551_22R1PE-34	2343	1851433	60	61
contig_552_22R1PE-34	2660	1853838	60	61
contig_553_22R1PE-34	2489	1856565	60	61
contig_554_22R1PE-34	2689	1859118	60	61
contig_555_22R1PE-34	2262	1861874	60	61
contig_556_22R1PE-34	2383	1864196	60	61
contig_557_22R1PE-34	2582	1866641	60	61
contig_558_22R1PE-34	2399	1869289	60	61
contig_559_22R1PE-34	2624	1871750	60	61
contig_56_22R1PE-34	2336	1874439	60	61
contig_560_22R1PE-34	2489	1876836	60	61
contig_561_22R1PE-34	3005	1879389	60	61
contig_562_22R1PE-34	2968	1882467	60	61
contig_563_22R1PE-34	2434	1885507	60	61
contig_564_22R1PE-34	2712	1888004	60	61
contig_565_22R1PE-34	5149	1890784	60	61
contig_566_22R1PE-34	2631	1896041	60	61
contig_567_22R1PE-34	2317	1898738	60	61
contig_568_22R1PE-34	2249	1901116	60	61
contig_569_22R1PE-34	1041	1903425	60	61
contig_57_22R1PE-34	2377	1904505	60	61
contig_570_22R1PE-34	2002	1906944	60	61
contig_571_22R1PE-34	3087	1909002	60	61
contig_572_22R1PE-34	1680	1912163	60	61
contig_573_22R1PE-34	5139	1913893	60	61
contig_574_22R1PE-34	2583	1919140	60	61
contig_575_22R1PE-34	2455	1921789	60	61
contig_576_22R1PE-34	2646	1924307	60	61
contig_577_22R1PE-34	4133	1927020	60	61
contig_578_22R1PE-34	4869	1931244	60	61
contig_579_22R1PE-34	4388	1936217	60	61
contig_58_22R1PE-34	2240	1940700	60	61
contig_580_22R1PE-34	2374	1943000	60	61
contig_581_22R1PE-34	4418	1945436	60	61
contig_582_22R1PE-34	2598	1949950	60	61
contig_583_22R1PE-34	2433	1952614	60	61
contig_584_22R1PE-34	3830	1955110	60	61
contig_585_22R1PE-34	4176	1959026	60	61
contig_586_22R1PE-34	3169	1963294	60	61
contig_587_22R1PE-34	3018	1966538	60	61
contig_588_22R1PE-34	2406	1969629	60	61
contig_589_22R1PE-34	2433	1972098	60	61
contig_59_22R1PE-34	2869	1974593	60	61
contig_590_22R1PE-34	2466	1977532	60	61
contig_591_22R1PE-34	3230	1980062	60	61
contig_592_22R1PE-34	5627	1983368	60	61
contig_593_22R1PE-34	2630	1989111	60	61
contig_594_22R1PE-34	3396	1991807	60	61
contig_595_22R1PE-34	4180	1995282	60	61
contig_596_22R1PE-34	6659	1999554	60	61
contig_597_22R1PE-34	2783	2006346	60	61
contig_598_22R1PE-34	2268	2009198	60	61
contig_599_22R1PE-34	3668	2011526	60	61
contig_6_22R1PE-34	2358	2015276	60	61
contig_60_22R1PE-34	2359	2017695	60	61
contig_600_22R1PE-34	2428	2020116	60	61
contig_601_22R1PE-34	2491	2022607	60	61
contig_602_22R1PE-34	4027	2025162	60	61
contig_603_22R1PE-34	3336	2029279	60	61
contig_604_22R1PE-34	2304	2032693	60	61
contig_605_22R1PE-34	4984	2035058	60	61
contig_606_22R1PE-34	4645	2040148	60	61
contig_607_22R1PE-34	2405	2044893	60	61
contig_608_22R1PE-34	2275	2047361	60	61
contig_609_22R1PE-34	2346	2049696	60	61
contig_61_22R1PE-34	4001	2052103	60	61
contig_610_22R1PE-34	2504	2056193	60	61
contig_611_22R1PE-34	3324	2058761	60	61
contig_612_22R1PE-34	2274	2062163	60	61
contig_613_22R1PE-34	2493	2064497	60	61
contig_614_22R1PE-34	2355	2067054	60	61
contig_615_22R1PE-34	4682	2069471	60	61
contig_616_22R1PE-34	2218	2074254	60	61
contig_617_22R1PE-34	3702	2076531	60	61
contig_618_22R1PE-34	2236	2080317	60	61
contig_619_22R1PE-34	2571	2082613	60	61
contig_62_22R1PE-34	2266	2085248	60	61
contig_620_22R1PE-34	2221	2087574	60	61
contig_621_22R1PE-34	3719	2089855	60	61
contig_622_22R1PE-34	2941	2093658	60	61
contig_623_22R1PE-34	3350	2096671	60	61
contig_624_22R1PE-34	2464	2100099	60	61
contig_625_22R1PE-34	3701	2102627	60	61
contig_626_22R1PE-34	2328	2106412	60	61
contig_627_22R1PE-34	3768	2108801	60	61
contig_628_22R1PE-34	4637	2112654	60	61
contig_629_22R1PE-34	4296	2117391	60	61
contig_63_22R1PE-34	2585	2121780	60	61
contig_630_22R1PE-34	2594	2124431	60	61
contig_631_22R1PE-34	2650	2127091	60	61
contig_632_22R1PE-34	2320	2129808	60	61
contig_633_22R1PE-34	2495	2132189	60	61
contig_634_22R1PE-34	2355	2134748	60	61
contig_635_22R1PE-34	2518	2137165	60	61
contig_636_22R1PE-34	2341	2139747	60	61
contig_637_22R1PE-34	2454	2142150	60	61
contig_638_22R1PE-34	2233	2144667	60	61
contig_639_22R1PE-34	2690	2146960	60	61
contig_64_22R1PE-34	3191	2149716	60	61
contig_640_22R1PE-34	2339	2152983	60	61
contig_641_22R1PE-34	2250	2155383	60	61
contig_642_22R1PE-34	3626	2157693	60	61
contig_643_22R1PE-34	2263	2161402	60	61
contig_644_22R1PE-34	2812	2163725	60	61
contig_645_22R1PE-34	2309	2166606	60	61
contig_646_22R1PE-34	3157	2168976	60	61
contig_647_22R1PE-34	2639	2172208	60	61
contig_648_22R1PE-34	2407	2174913	60	61
contig_649_22R1PE-34	4522	2177383	60	61
contig_65_22R1PE-34	2759	2182002	60	61
contig_650_22R1PE-34	3254	2184829	60	61
contig_651_22R1PE-34	2481	2188160	60	61
contig_652_22R1PE-34	4685	2190705	60	61
contig_653_22R1PE-34	2628	2195491	60	61
contig_654_22R1PE-34	2242	2198185	60	61
contig_655_22R1PE-34	3008	2200487	60	61
contig_656_22R1PE-34	2645	2203568	60	61
contig_657_22R1PE-34	2637	2206280	60	61
contig_658_22R1PE-34	10036	2208983	60	61
contig_659_22R1PE-34	1405	2219209	60	61
contig_66_22R1PE-34	3264	2220659	60	61
contig_660_22R1PE-34	2523	2224000	60	61
contig_661_22R1PE-34	3031	2226588	60	61
contig_662_22R1PE-34	2432	2229692	60	61
contig_663_22R1PE-34	2247	2232187	60	61
contig_664_22R1PE-34	4828	2234494	60	61
contig_665_22R1PE-34	2599	2239425	60	61
contig_666_22R1PE-34	2637	2242090	60	61
contig_667_22R1PE-34	2259	2244793	60	61
contig_668_22R1PE-34	2965	2247112	60	61
contig_669_22R1PE-34	2474	2250149	60	61
contig_67_22R1PE-34	2226	2252686	60	61
contig_670_22R1PE-34	2442	2254972	60	61
contig_671_22R1PE-34	2345	2257477	60	61
contig_672_22R1PE-34	3198	2259884	60	61
contig_673_22R1PE-34	3952	2263158	60	61
contig_674_22R1PE-34	2244	2267198	60	61
contig_675_22R1PE-34	2692	2269502	60	61
contig_676_22R1PE-34	2855	2272261	60	61
contig_677_22R1PE-34	2486	2275186	60	61
contig_678_22R1PE-34	2210	2277736	60	61
contig_679_22R1PE-34	2222	2280005	60	61
contig_68_22R1PE-34	2509	2282286	60	61
contig_680_22R1PE-34	2246	2284859	60	61
contig_681_22R1PE-34	2210	2287165	60	61
contig_682_22R1PE-34	2307	2289434	60	61
contig_683_22R1PE-34	2621	2291802	60	61
contig_684_22R1PE-34	2373	2294489	60	61
contig_685_22R1PE-34	2323	2296924	60	61
contig_686_22R1PE-34	4215	2299308	60	61
contig_687_22R1PE-34	2397	2303616	60	61
contig_688_22R1PE-34	2326	2306075	60	61
contig_689_22R1PE-34	4816	2308462	60	61
contig_69_22R1PE-34	4907	2313380	60	61
contig_690_22R1PE-34	2477	2318391	60	61
contig_691_22R1PE-34	3059	2320932	60	61
contig_692_22R1PE-34	3108	2324064	60	61
contig_693_22R1PE-34	2544	2327246	60	61
contig_694_22R1PE-34	2387	2329855	60	61
contig_695_22R1PE-34	4274	2332304	60	61
contig_696_22R1PE-34	2587	2336672	60	61
contig_697_22R1PE-34	4610	2339325	60	61
contig_698_22R1PE-34	2213	2344034	60	61
contig_699_22R1PE-34	2480	2346306	60	61
contig_7_22R1PE-34	2546	2348848	60	61
contig_70_22R1PE-34	3891	2351458	60	61
contig_700_22R1PE-34	2229	2355436	60	61
contig_701_22R1PE-34	5494	2357725	60	61
contig_702_22R1PE-34	2529	2363333	60	61
contig_703_22R1PE-34	2785	2365927	60	61
contig_704_22R1PE-34	2599	2368781	60	61
contig_705_22R1PE-34	3526	2371446	60	61
contig_706_22R1PE-34	2405	2375053	60	61
contig_707_22R1PE-34	2235	2377521	60	61
contig_708_22R1PE-34	2179	2379816	60	61
contig_709_22R1PE-34	4232	2382054	60	61
contig_71_22R1PE-34	2342	2386378	60	61
contig_710_22R1PE-34	2367	2388782	60	61
contig_711_22R1PE-34	3071	2391211	60	61
contig_712_22R1PE-34	2306	2394356	60	61
contig_713_22R1PE-34	3355	2396723	60	61
contig_714_22R1PE-34	2628	2400156	60	61
contig_715_22R1PE-34	4706	2402850	60	61
contig_716_22R1PE-34	2451	2407657	60	61
contig_717_22R1PE-34	2230	2410171	60	61
contig_718_22R1PE-34	2544	2412461	60	61
contig_719_22R1PE-34	2519	2415070	60	61
contig_72_22R1PE-34	2424	2417652	60	61
contig_720_22R1PE-34	2439	2420139	60	61
contig_721_22R1PE-34	2816	2422641	60	61
contig_722_22R1PE-34	3190	2425526	60	61
contig_723_22R1PE-34	4274	2428792	60	61
contig_724_22R1PE-34	2585	2433160	60	61
contig_725_22R1PE-34	3183	2435811	60	61
contig_726_22R1PE-34	2340	2439070	60	61
contig_727_22R1PE-34	3152	2441471	60	61
contig_728_22R1PE-34	2328	2444698	60	61
contig_729_22R1PE-34	3421	2447087	60	61
contig_73_22R1PE-34	2721	2450587	60	61
contig_730_22R1PE-34	2365	2453376	60	61
contig_731_22R1PE-34	2469	2455803	60	61
contig_732_22R1PE-34	2253	2458336	60	61
contig_733_22R1PE-34	2329	2460649	60	61
contig_734_22R1PE-34	2693	2463039	60	61
contig_735_22R1PE-34	4093	2465799	60	61
contig_736_22R1PE-34	3033	2469983	60	61
contig_737_22R1PE-34	3707	2473089	60	61
contig_738_22R1PE-34	2353	2476880	60	61
contig_739_22R1PE-34	5180	2479295	60	61
contig_74_22R1PE-34	2500	2484583	60	61
contig_740_22R1PE-34	2945	2487147	60	61
contig_741_22R1PE-34	2731	2490164	60	61
contig_742_22R1PE-34	2216	2492963	60	61
contig_743_22R1PE-34	3123	2495238	60	61
contig_744_22R1PE-34	2397	2498436	60	61
contig_745_22R1PE-34	2513	2500895	60	61
contig_746_22R1PE-34	2243	2503472	60	61
contig_747_22R1PE-34	2665	2505775	60	61
contig_748_22R1PE-34	4062	2508507	60	61
contig_749_22R1PE-34	2964	2512659	60	61
contig_75_22R1PE-34	2316	2515694	60	61
contig_750_22R1PE-34	2951	2518071	60	61
contig_751_22R1PE-34	2617	2521094	60	61
contig_752_22R1PE-34	2861	2523777	60	61
contig_753_22R1PE-34	4293	2526708	60	61
contig_754_22R1PE-34	3388	2531095	60	61
contig_755_22R1PE-34	2700	2534562	60	61
contig_756_22R1PE-34	2403	2537329	60	61
contig_757_22R1PE-34	3183	2539795	60	61
contig_758_22R1PE-34	2432	2543054	60	61
contig_759_22R1PE-34	3157	2545549	60	61
contig_76_22R1PE-34	3108	2548780	60	61
contig_760_22R1PE-34	3266	2551962	60	61
contig_761_22R1PE-34	2421	2555305	60	61
contig_762_22R1PE-34	2294	2557789	60	61
contig_763_22R1PE-34	2296	2560144	60	61
contig_764_22R1PE-34	2582	2562501	60	61
contig_765_22R1PE-34	2383	2565149	60	61
contig_766_22R1PE-34	2607	2567594	60	61
contig_767_22R1PE-34	3084	2570267	60	61
contig_768_22R1PE-34	2956	2573425	60	61
contig_769_22R1PE-34	2370	2576453	60	61
contig_77_22R1PE-34	2304	2578884	60	61
contig_770_22R1PE-34	2877	2581249	60	61
contig_771_22R1PE-34	2569	2584196	60	61
contig_772_22R1PE-34	2221	2586830	60	61
contig_773_22R1PE-34	2738	2589111	60	61
contig_774_22R1PE-34	5987	2591917	60	61
contig_775_22R1PE-34	3630	2598026	60	61
contig_776_22R1PE-34	2823	2601739	60	61
contig_777_22R1PE-34	2526	2604632	60	61
contig_778_22R1PE-34	2420	2607223	60	61
contig_779_22R1PE-34	2710	2609706	60	61
contig_78_22R1PE-34	2804	2612483	60	61
contig_780_22R1PE-34	4093	2615356	60	61
contig_781_22R1PE-34	2336	2619540	60	61
contig_782_22R1PE-34	2242	2621937	60	61
contig_783_22R1PE-34	2337	2624239	60	61
contig_784_22R1PE-34	4958	2626637	60	61
contig_785_22R1PE-34	2450	2631700	60	61
contig_786_22R1PE-34	2823	2634213	60	61
contig_787_22R1PE-34	3181	2637106	60	61
contig_788_22R1PE-34	2208	2640363	60	61
contig_789_22R1PE-34	2244	2642630	60	61
contig_79_22R1PE-34	2303	2644933	60	61
contig_790_22R1PE-34	2667	2647297	60	61
contig_791_22R1PE-34	2409	2650031	60	61
contig_792_22R1PE-34	2605	2652503	60	61
contig_793_22R1PE-34	2318	2655174	60	61
contig_794_22R1PE-34	3449	2657553	60	61
contig_795_22R1PE-34	2794	2661082	60	61
contig_796_22R1PE-34	2227	2663945	60	61
contig_797_22R1PE-34	2495	2666232	60	61
contig_798_22R1PE-34	4964	2668791	60	61
contig_799_22R1PE-34	2715	2673860	60	61
contig_8_22R1PE-34	2598	2676641	60	61
contig_80_22R1PE-34	3090	2679304	60	61
contig_800_22R1PE-34	2561	2682468	60	61
contig_801_22R1PE-34	2608	2685094	60	61
contig_802_22R1PE-34	2197	2687768	60	61
contig_803_22R1PE-34	2434	2690024	60	61
contig_804_22R1PE-34	3025	2692521	60	61
contig_805_22R1PE-34	2760	2695619	60	61
contig_806_22R1PE-34	2295	2698447	60	61
contig_807_22R1PE-34	2265	2700803	60	61
contig_808_22R1PE-34	2298	2703128	60	61
contig_809_22R1PE-34	2452	2705487	60	61
contig_81_22R1PE-34	2589	2708001	60	61
contig_810_22R1PE-34	2440	2710656	60	61
contig_811_22R1PE-34	2092	2713159	60	61
contig_812_22R1PE-34	2510	2715308	60	61
contig_813_22R1PE-34	3151	2717882	60	61
contig_814_22R1PE-34	2376	2721108	60	61
contig_815_22R1PE-34	2687	2723546	60	61
contig_816_22R1PE-34	2653	2726300	60	61
contig_817_22R1PE-34	2398	2729020	60	61
contig_818_22R1PE-34	2820	2731480	60	61
contig_819_22R1PE-34	2580	2734369	60	61
contig_82_22R1PE-34	2805	2737013	60	61
contig_820_22R1PE-34	2383	2739887	60	61
contig_821_22R1PE-34	2685	2742332	60	61
contig_822_22R1PE-34	2576	2745084	60	61
contig_823_22R1PE-34	3013	2747725	60	61
contig_824_22R1PE-34	3208	2750811	60	61
contig_825_22R1PE-34	2943	2754095	60	61
contig_826_22R1PE-34	2253	2757110	60	61
contig_827_22R1PE-34	3569	2759423	60	61
contig_828_22R1PE-34	2231	2763074	60	61
contig_829_22R1PE-34	2267	2765365	60	61
contig_83_22R1PE-34	2813	2767691	60	61
contig_830_22R1PE-34	4686	2770573	60	61
contig_831_22R1PE-34	2713	2775360	60	61
contig_832_22R1PE-34	2454	2778141	60	61
contig_833_22R1PE-34	2677	2780658	60	61
contig_834_22R1PE-34	2468	2783402	60	61
contig_835_22R1PE-34	4736	2785934	60	61
contig_836_22R1PE-34	2447	2790771	60	61
contig_837_22R1PE-34	2218	2793281	60	61
contig_838_22R1PE-34	2594	2795558	60	61
contig_839_22R1PE-34	2226	2798218	60	61
contig_84_22R1PE-34	2354	2800503	60	61
contig_840_22R1PE-34	2389	2802919	60	61
contig_841_22R1PE-34	2461	2805370	60	61
contig_842_22R1PE-34	2442	2807895	60	61
contig_843_22R1PE-34	2821	2810400	60	61
contig_844_22R1PE-34	2321	2813291	60	61
contig_845_22R1PE-34	2788	2815673	60	61
contig_846_22R1PE-34	2943	2818530	60	61
contig_847_22R1PE-34	5972	2821545	60	61
contig_848_22R1PE-34	8167	2827639	60	61
contig_849_22R1PE-34	3101	2835965	60	61
contig_85_22R1PE-34	3714	2839139	60	61
contig_850_22R1PE-34	4506	2842937	60	61
contig_851_22R1PE-34	3011	2847541	60	61
contig_852_22R1PE-34	2823	2850625	60	61
contig_853_22R1PE-34	2811	2853518	60	61
contig_854_22R1PE-34	5496	2856398	60	61
contig_855_22R1PE-34	2251	2862008	60	61
contig_856_22R1PE-34	2818	2864319	60	61
contig_857_22R1PE-34	2431	2867206	60	61
contig_858_22R1PE-34	4446	2869700	60	61
contig_859_22R1PE-34	2688	2874243	60	61
contig_86_22R1PE-34	2761	2876997	60	61
contig_860_22R1PE-34	2286	2879827	60	61
contig_861_22R1PE-34	3446	2882174	60	61
contig_862_22R1PE-34	2310	2885700	60	61
contig_863_22R1PE-34	2574	2888071	60	61
contig_864_22R1PE-34	3805	2890710	60	61
contig_865_22R1PE-34	2256	2894601	60	61
contig_866_22R1PE-34	2540	2896917	60	61
contig_867_22R1PE-34	4146	2899522	60	61
contig_868_22R1PE-34	2520	2903760	60	61
contig_869_22R1PE-34	2566	2906344	60	61
contig_87_22R1PE-34	2291	2908974	60	61
contig_870_22R1PE-34	2462	2911326	60	61
contig_871_22R1PE-34	5608	2913852	60	61
contig_872_22R1PE-34	2553	2919576	60	61
contig_873_22R1PE-34	2214	2922194	60	61
contig_874_22R1PE-34	2662	2924467	60	61
contig_875_22R1PE-34	4568	2927196	60	61
contig_876_22R1PE-34	2633	2931863	60	61
contig_877_22R1PE-34	3380	2934562	60	61
contig_878_22R1PE-34	2653	2938021	60	61
contig_879_22R1PE-34	2867	2940741	60	61
contig_88_22R1PE-34	2406	2943677	60	61
contig_880_22R1PE-34	2705	2946146	60	61
contig_881_22R1PE-34	2383	2948919	60	61
contig_882_22R1PE-34	2318	2951364	60	61
contig_883_22R1PE-34	2503	2953743	60	61
contig_884_22R1PE-34	2150	2956310	60	61
contig_885_22R1PE-34	2241	2958518	60	61
contig_886_22R1PE-34	2789	2960819	60	61
contig_887_22R1PE-34	2310	2963677	60	61
contig_888_22R1PE-34	3139	2966048	60	61
contig_889_22R1PE-34	2768	2969262	60	61
contig_89_22R1PE-34	2400	2972098	60	61
contig_890_22R1PE-34	2606	2974560	60	61
contig_891_22R1PE-34	2435	2977232	60	61
contig_892_22R1PE-34	2379	2979730	60	61
contig_893_22R1PE-34	2399	2982171	60	61
contig_894_22R1PE-34	2414	2984632	60	61
contig_895_22R1PE-34	2436	2987109	60	61
contig_896_22R1PE-34	2714	2989608	60	61
contig_897_22R1PE-34	2778	2992390	60	61
contig_898_22R1PE-34	4166	2995237	60	61
contig_899_22R1PE-34	2777	2999495	60	61
contig_9_22R1PE-34	2378	3002339	60	61
contig_90_22R1PE-34	4190	3004778	60	61
contig_900_22R1PE-34	2501	3009060	60	61
contig_901_22R1PE-34	2231	3011625	60	61
contig_902_22R1PE-34	2230	3013916	60	61
contig_903_22R1PE-34	2595	3016206	60	61
contig_904_22R1PE-34	2634	3018867	60	61
contig_905_22R1PE-34	4837	3021567	60	61
contig_906_22R1PE-34	2363	3026507	60	61
contig_907_22R1PE-34	2262	3028932	60	61
contig_908_22R1PE-34	2752	3031254	60	61
contig_909_22R1PE-34	2854	3034074	60	61
contig_91_22R1PE-34	2938	3036997	60	61
contig_910_22R1PE-34	3884	3040006	60	61
contig_911_22R1PE-34	2493	3043977	60	61
contig_912_22R1PE-34	2202	3046534	60	61
contig_913_22R1PE-34	3207	3048795	60	61
contig_914_22R1PE-34	2436	3052078	60	61
contig_915_22R1PE-34	2202	3054577	60	61
contig_916_22R1PE-34	2267	3056838	60	61
contig_917_22R1PE-34	2295	3059165	60	61
contig_918_22R1PE-34	2244	3061521	60	61
contig_919_22R1PE-34	4089	3063825	60	61
contig_92_22R1PE-34	2775	3068004	60	61
contig_920_22R1PE-34	3609	3070848	60	61
contig_921_22R1PE-34	2732	3074540	60	61
contig_922_22R1PE-34	2275	3077340	60	61
contig_923_22R1PE-34	2236	3079675	60	61
contig_924_22R1PE-34	2442	3081971	60	61
contig_925_22R1PE-34	2296	3084476	60	61
contig_926_22R1PE-34	2262	3086833	60	61
contig_927_22R1PE-34	2487	3089155	60	61
contig_928_22R1PE-34	4013	3091706	60	61
contig_929_22R1PE-34	2741	3095808	60	61
contig_93_22R1PE-34	2423	3098616	60	61
contig_930_22R1PE-34	2277	3101102	60	61
contig_931_22R1PE-34	2249	3103439	60	61
contig_932_22R1PE-34	2692	3105748	60	61
contig_933_22R1PE-34	2909	3108507	60	61
contig_934_22R1PE-34	2224	3111487	60	61
contig_935_22R1PE-34	3158	3113771	60	61
contig_936_22R1PE-34	5252	3117004	60	61
contig_937_22R1PE-34	2234	3122366	60	61
contig_938_22R1PE-34	2844	3124660	60	61
contig_939_22R1PE-34	3152	3127574	60	61
contig_94_22R1PE-34	2389	3130800	60	61
contig_940_22R1PE-34	2581	3133251	60	61
contig_941_22R1PE-34	4971	3135898	60	61
contig_942_22R1PE-34	2828	3140974	60	61
contig_943_22R1PE-34	3209	3143872	60	61
contig_944_22R1PE-34	2770	3147157	60	61
contig_945_22R1PE-34	2807	3149996	60	61
contig_946_22R1PE-34	2270	3152872	60	61
contig_947_22R1PE-34	2608	3155202	60	61
contig_948_22R1PE-34	2345	3157876	60	61
contig_949_22R1PE-34	4919	3160283	60	61
contig_95_22R1PE-34	2243	3165305	60	61
contig_950_22R1PE-34	2945	3167608	60	61
contig_951_22R1PE-34	2753	3170625	60	61
contig_952_22R1PE-34	2815	3173446	60	61
contig_953_22R1PE-34	2330	3176330	60	61
contig_954_22R1PE-34	2782	3178721	60	61
contig_955_22R1PE-34	2293	3181572	60	61
contig_956_22R1PE-34	2689	3183926	60	61
contig_957_22R1PE-34	2649	3186682	60	61
contig_958_22R1PE-34	2204	3189398	60	61
contig_959_22R1PE-34	2861	3191661	60	61
contig_96_22R1PE-34	3072	3194591	60	61
contig_960_22R1PE-34	2500	3197737	60	61
contig_961_22R1PE-34	5368	3200301	60	61
contig_962_22R1PE-34	2619	3205781	60	61
contig_963_22R1PE-34	2592	3208466	60	61
contig_964_22R1PE-34	3397	3211124	60	61
contig_965_22R1PE-34	2367	3214600	60	61
contig_966_22R1PE-34	2618	3217029	60	61
contig_967_22R1PE-34	3894	3219713	60	61
contig_968_22R1PE-34	2309	3223694	60	61
contig_969_22R1PE-34	2318	3226064	60	61
contig_97_22R1PE-34	2946	3228442	60	61
contig_970_22R1PE-34	2465	3231460	60	61
contig_971_22R1PE-34	3089	3233989	60	61
contig_972_22R1PE-34	2864	3237152	60	61
contig_973_22R1PE-34	3881	3240086	60	61
contig_974_22R1PE-34	2773	3244054	60	61
contig_975_22R1PE-34	4642	3246896	60	61
contig_976_22R1PE-34	2612	3251638	60	61
contig_977_22R1PE-34	2252	3254316	60	61
contig_978_22R1PE-34	3253	3256628	60	61
contig_979_22R1PE-34	2246	3259958	60	61
contig_98_22R1PE-34	3009	3262263	60	61
contig_980_22R1PE-34	2520	3265345	60	61
contig_981_22R1PE-34	2616	3267929	60	61
contig_982_22R1PE-34	2891	3270611	60	61
contig_983_22R1PE-34	3715	3273573	60	61
contig_984_22R1PE-34	2345	3277372	60	61
contig_985_22R1PE-34	2359	3279779	60	61
contig_986_22R1PE-34	4094	3282200	60	61
contig_987_22R1PE-34	5471	3286385	60	61
contig_988_22R1PE-34	7201	3291970	60	61
contig_989_22R1PE-34	2330	3299314	60	61
contig_99_22R1PE-34	2557	3301704	60	61
contig_990_22R1PE-34	2147	3304326	60	61
contig_991_22R1PE-34	2715	3306531	60	61
contig_992_22R1PE-34	2238	3309314	60	61
contig_993_22R1PE-34	2620	3311612	60	61
contig_994_22R1PE-34	3051	3314298	60	61
contig_995_22R1PE-34	2264	3317422	60	61
contig_996_22R1PE-34	2565	3319746	60	61
contig_997_22R1PE-34	2736	3322376	60	61
contig_998_22R1PE-34	2431	3325180	60	61
contig_999_22R1PE-34	2670	3327674	60	61
contig_1_22R1PE-35	3752211	20	60	61
contig_1_22R1PE-36	3752366	20	60	61
contig_1_22R1PE-37	4332911	20	60	61
contig_1_22R1PE-38	4606403	20	60	61
contig_2_22R1PE-38	8324	4683217	60	61
contig_1_22R1PE-39	5898	20	60	61
contig_2_22R1PE-39	4134222	6037	60	61
contig_3_22R1PE-39	2250	4209183	60	61
contig_4_22R1PE-39	1331	4211491	60	61
contig_5_22R1PE-39	572	4212865	60	61
contig_6_22R1PE-39	41744	4213467	60	61
contig_7_22R1PE-39	3752933	4255927	60	61
contig_1_22R1PE-3	4235946	19	60	61
contig_11_22R1PE-3	1026	4306585	60	61
contig_12_22R1PE-3	160886	4307649	60	61
contig_13_22R1PE-3	209721	4471237	60	61
contig_16_22R1PE-3	268491	4684474	60	61
contig_17_22R1PE-3	49977	4957460	60	61
contig_18_22R1PE-3	34085	5008290	60	61
contig_19_22R1PE-3	100321	5042964	60	61
contig_2_22R1PE-3	218581	5144977	60	61
contig_21_22R1PE-3	315395	5367222	60	61
contig_22_22R1PE-3	4657	5687894	60	61
contig_24_22R1PE-3	142701	5692649	60	61
contig_25_22R1PE-3	87683	5837749	60	61
contig_28_22R1PE-3	15647	5926914	60	61
contig_29_22R1PE-3	1494	5942842	60	61
contig_30_22R1PE-3	5665	5944381	60	61
contig_31_22R1PE-3	2581	5950161	60	61
contig_32_22R1PE-3	72502	5952806	60	61
contig_33_22R1PE-3	14081	6026537	60	61
contig_34_22R1PE-3	147022	6040873	60	61
contig_4_22R1PE-3	299948	6190365	60	61
contig_5_22R1PE-3	46252	6495332	60	61
contig_6_22R1PE-3	336793	6542374	60	61
contig_1_22R1PE-40	3752264	20	60	61
contig_1_22R1PE-41	1907	20	60	61
contig_2_22R1PE-41	4139367	1979	60	61
contig_3_22R1PE-41	83466	4210356	60	61
contig_4_22R1PE-41	102787	4295234	60	61
contig_1_22R1PE-42	4028296	20	60	61
contig_2_22R1PE-42	28019	4095475	60	61
contig_3_22R1PE-42	101531	4123981	60	61
contig_1_22R1PE-43	3594231	20	60	61
contig_1_22R1PE-46	5402	20	60	61
contig_10_22R1PE-46	18242	5534	60	61
contig_11_22R1PE-46	6527	24102	60	61
contig_12_22R1PE-46	10982	30759	60	61
contig_13_22R1PE-46	7038	41946	60	61
contig_14_22R1PE-46	29940	49123	60	61
contig_15_22R1PE-46	6462	79583	60	61
contig_16_22R1PE-46	5761	86174	60	61
contig_17_22R1PE-46	11170	92053	60	61
contig_18_22R1PE-46	10659	103431	60	61
contig_19_22R1PE-46	11354	114289	60	61
contig_2_22R1PE-46	20602	125853	60	61
contig_20_22R1PE-46	4461	146820	60	61
contig_21_22R1PE-46	7806	151377	60	61
contig_3_22R1PE-46	13016	159334	60	61
contig_4_22R1PE-46	11646	172587	60	61
contig_5_22R1PE-46	38136	184448	60	61
contig_6_22R1PE-46	17483	223240	60	61
contig_7_22R1PE-46	27502	241035	60	61
contig_8_22R1PE-46	18737	269016	60	61
contig_9_22R1PE-46	12227	288086	60	61
contig_1_22R1PE-4	3752284	19	60	61
contig_1_22R1PE-5	18753	19	60	61
contig_10_22R1PE-5	20712	19105	60	61
contig_100_22R1PE-5	56556	40184	60	61
contig_101_22R1PE-5	50463	97704	60	61
contig_102_22R1PE-5	55183	149030	60	61
contig_103_22R1PE-5	16554	205154	60	61
contig_104_22R1PE-5	26929	222005	60	61
contig_105_22R1PE-5	3911	249404	60	61
contig_106_22R1PE-5	34404	253402	60	61
contig_107_22R1PE-5	46256	288401	60	61
contig_108_22R1PE-5	17968	335449	60	61
contig_109_22R1PE-5	48783	353738	60	61
contig_11_22R1PE-5	55143	403355	60	61
contig_110_22R1PE-5	18978	459439	60	61
contig_111_22R1PE-5	19078	478755	60	61
contig_112_22R1PE-5	17520	498172	60	61
contig_113_22R1PE-5	26590	516005	60	61
contig_114_22R1PE-5	55356	543060	60	61
contig_115_22R1PE-5	143929	599360	60	61
contig_116_22R1PE-5	5323	745709	60	61
contig_117_22R1PE-5	29294	751142	60	61
contig_118_22R1PE-5	29963	780946	60	61
contig_119_22R1PE-5	141082	811430	60	61
contig_12_22R1PE-5	8821	954884	60	61
contig_120_22R1PE-5	27228	963874	60	61
contig_121_22R1PE-5	76523	991577	60	61
contig_122_22R1PE-5	29048	1069397	60	61
contig_123_22R1PE-5	73418	1098951	60	61
contig_124_22R1PE-5	69283	1173614	60	61
contig_125_22R1PE-5	27999	1244073	60	61
contig_126_22R1PE-5	23533	1272560	60	61
contig_127_22R1PE-5	55177	1296507	60	61
contig_128_22R1PE-5	73628	1352625	60	61
contig_129_22R1PE-5	165018	1427502	60	61
contig_13_22R1PE-5	29023	1595291	60	61
contig_130_22R1PE-5	102340	1624819	60	61
contig_131_22R1PE-5	75935	1728886	60	61
contig_14_22R1PE-5	2320	1806107	60	61
contig_15_22R1PE-5	35447	1808486	60	61
contig_16_22R1PE-5	34614	1844544	60	61
contig_17_22R1PE-5	29847	1879755	60	61
contig_18_22R1PE-5	11341	1910120	60	61
contig_19_22R1PE-5	47636	1921671	60	61
contig_2_22R1PE-5	120316	1970120	60	61
contig_20_22R1PE-5	3931	2092462	60	61
contig_21_22R1PE-5	80578	2096479	60	61
contig_22_22R1PE-5	91690	2178420	60	61
contig_23_22R1PE-5	61073	2271659	60	61
contig_24_22R1PE-5	45683	2333770	60	61
contig_25_22R1PE-5	14113	2380235	60	61
contig_26_22R1PE-5	17807	2394604	60	61
contig_27_22R1PE-5	29393	2412728	60	61
contig_28_22R1PE-5	31922	2442631	60	61
contig_29_22R1PE-5	8877	2475106	60	61
contig_3_22R1PE-5	82581	2484150	60	61
contig_30_22R1PE-5	230044	2568128	60	61
contig_31_22R1PE-5	22113	2802027	60	61
contig_32_22R1PE-5	18975	2824529	60	61
contig_33_22R1PE-5	16145	2843841	60	61
contig_34_22R1PE-5	8224	2860276	60	61
contig_35_22R1PE-5	17484	2868658	60	61
contig_36_22R1PE-5	22304	2886454	60	61
contig_37_22R1PE-5	9418	2909150	60	61
contig_38_22R1PE-5	7268	2918745	60	61
contig_39_22R1PE-5	10612	2926155	60	61
contig_4_22R1PE-5	65109	2936963	60	61
contig_40_22R1PE-5	5028	3003178	60	61
contig_41_22R1PE-5	4513	3008310	60	61
contig_42_22R1PE-5	35504	3012919	60	61
contig_43_22R1PE-5	35014	3049035	60	61
contig_44_22R1PE-5	93301	3084653	60	61
contig_45_22R1PE-5	8382	3179530	60	61
contig_46_22R1PE-5	2439	3188072	60	61
contig_47_22R1PE-5	17509	3190572	60	61
contig_48_22R1PE-5	80939	3208393	60	61
contig_5_22R1PE-5	58922	3290700	60	61
contig_50_22R1PE-5	2438	3350625	60	61
contig_51_22R1PE-5	9330	3353124	60	61
contig_52_22R1PE-5	2979	3362630	60	61
contig_53_22R1PE-5	113355	3365679	60	61
contig_54_22R1PE-5	55038	3480944	60	61
contig_55_22R1PE-5	30708	3536920	60	61
contig_56_22R1PE-5	2754	3568160	60	61
contig_57_22R1PE-5	3145	3570980	60	61
contig_58_22R1PE-5	3267	3574198	60	61
contig_59_22R1PE-5	10170	3577540	60	61
contig_6_22R1PE-5	17014	3587899	60	61
contig_60_22R1PE-5	193430	3605217	60	61
contig_61_22R1PE-5	6291	3801891	60	61
contig_62_22R1PE-5	25720	3808307	60	61
contig_63_22R1PE-5	38053	3834476	60	61
contig_64_22R1PE-5	33789	3873184	60	61
contig_65_22R1PE-5	2453	3907557	60	61
contig_66_22R1PE-5	2984	3910071	60	61
contig_67_22R1PE-5	14351	3913125	60	61
contig_68_22R1PE-5	8062	3927736	60	61
contig_69_22R1PE-5	3111	3935953	60	61
contig_7_22R1PE-5	42990	3939135	60	61
contig_70_22R1PE-5	8361	3982862	60	61
contig_71_22R1PE-5	66781	3991383	60	61
contig_72_22R1PE-5	10273	4059298	60	61
contig_73_22R1PE-5	2612	4069763	60	61
contig_74_22R1PE-5	3015	4072439	60	61
contig_75_22R1PE-5	2575	4075525	60	61
contig_76_22R1PE-5	15058	4078163	60	61
contig_77_22R1PE-5	3748	4093492	60	61
contig_78_22R1PE-5	2936	4097323	60	61
contig_79_22R1PE-5	7153	4100328	60	61
contig_8_22R1PE-5	8176	4107620	60	61
contig_80_22R1PE-5	32549	4115953	60	61
contig_81_22R1PE-5	75440	4149065	60	61
contig_82_22R1PE-5	22028	4225783	60	61
contig_83_22R1PE-5	25592	4248199	60	61
contig_84_22R1PE-5	86140	4274238	60	61
contig_85_22R1PE-5	69199	4361834	60	61
contig_86_22R1PE-5	15811	4432207	60	61
contig_87_22R1PE-5	52065	4448302	60	61
contig_88_22R1PE-5	19744	4501255	60	61
contig_89_22R1PE-5	62284	4521349	60	61
contig_9_22R1PE-5	39850	4584691	60	61
contig_90_22R1PE-5	96773	4625226	60	61
contig_91_22R1PE-5	36176	4723632	60	61
contig_92_22R1PE-5	6508	4760431	60	61
contig_93_22R1PE-5	63322	4767068	60	61
contig_94_22R1PE-5	56474	4831466	60	61
contig_95_22R1PE-5	12721	4888902	60	61
contig_96_22R1PE-5	67862	4901856	60	61
contig_97_22R1PE-5	156370	4970870	60	61
contig_98_22R1PE-5	47097	5129867	60	61
contig_99_22R1PE-5	61185	5177769	60	61
contig_1_22R1PE-6	5211	19	60	61
contig_2_22R1PE-6	5514876	5336	60	61
contig_3_22R1PE-6	3437	5612146	60	61
contig_1_22R1PE-7	109642	19	60	61
contig_2_22R1PE-7	3450540	111508	60	61
contig_4_22R1PE-7	148615	3619576	60	61
contig_5_22R1PE-7	47216	3770687	60	61
contig_6_22R1PE-7	294165	3818709	60	61
contig_7_22R1PE-7	456008	4117796	60	61
contig_8_22R1PE-7	675794	4581424	60	61
contig_1_22R1PE-8	3105739	19	60	61
contig_1_22R1PE-9	66309	19	60	61
contig_2_22R1PE-9	3938799	67453	60	61
contig_3_22R1PE-9	17829	4071918	60	61
contig_2_22R1R2A-12	831767	21	60	61
contig_3_22R1R2A-12	3199345	845672	60	61
contig_1_22R1R2A-13	4044344	21	60	61
contig_2_22R1R2A-13	184070	4111792	60	61
contig_3_22R1R2A-13	554135	4298951	60	61
contig_4_22R1R2A-13	66687	4862343	60	61
contig_1_22R1R2A-14	4142664	21	60	61
contig_2_22R1R2A-14	39988	4211751	60	61
contig_3_22R1R2A-14	14782	4252427	60	61
contig_1_22R1R2A-15	4116105	21	60	61
contig_2_22R1R2A-15	225293	4184749	60	61
contig_1_22R1R2A-16	3372277	21	60	61
contig_1_22R1R2A-17	183987	21	60	61
contig_2_22R1R2A-17	4053179	187096	60	61
contig_3_22R1R2A-17	554158	4307849	60	61
contig_4_22R1R2A-17	66670	4871264	60	61
contig_1_22R1R2A-18	4239656	21	60	61
contig_2_22R1R2A-18	87583	4310359	60	61
contig_1_22R1R2A-19	4053818	21	60	61
contig_2_22R1R2A-19	184061	4121424	60	61
contig_3_22R1R2A-19	554152	4308574	60	61
contig_4_22R1R2A-19	66678	4871983	60	61
contig_1_22R1R2A-1	504066	20	60	61
contig_2_22R1R2A-1	4323032	512508	60	61
contig_3_22R1R2A-1	25283	4907611	60	61
contig_4_22R1R2A-1	49637	4933336	60	61
contig_1_22R1R2A-20	4053111	21	60	61
contig_2_22R1R2A-20	184035	4120705	60	61
contig_3_22R1R2A-20	554181	4307829	60	61
contig_4_22R1R2A-20	66686	4871268	60	61
contig_1_22R1R2A-21	4056658	21	60	61
contig_2_22R1R2A-21	71233	4124311	60	61
contig_1_22R1R2A-22	3719509	21	60	61
contig_1_22R1R2A-23	4178273	21	60	61
contig_2_22R1R2A-23	248915	4247953	60	61
contig_1_22R1R2A-24	91794	21	60	61
contig_2_22R1R2A-24	4099233	93366	60	61
contig_3_22R1R2A-24	265224	4260941	60	61
contig_1_22R1R2A-25	99887	21	60	61
contig_2_22R1R2A-25	464974	101594	60	61
contig_3_22R1R2A-25	4931270	574339	60	61
contig_1_22R1R2A-26	21454	21	60	61
contig_10_22R1R2A-26	21695	21855	60	61
contig_100_22R1R2A-26	25573	43935	60	61
contig_101_22R1R2A-26	12793	69958	60	61
contig_102_22R1R2A-26	14942	82988	60	61
contig_103_22R1R2A-26	37083	98203	60	61
contig_104_22R1R2A-26	2254	135928	60	61
contig_105_22R1R2A-26	12416	138243	60	61
contig_106_22R1R2A-26	15656	150889	60	61
contig_107_22R1R2A-26	6655	166829	60	61
contig_108_22R1R2A-26	10044	173618	60	61
contig_109_22R1R2A-26	14950	183853	60	61
contig_11_22R1R2A-26	24971	199075	60	61
contig_110_22R1R2A-26	7409	224486	60	61
contig_111_22R1R2A-26	22007	232042	60	61
contig_112_22R1R2A-26	55512	254439	60	61
contig_113_22R1R2A-26	30497	310900	60	61
contig_114_22R1R2A-26	8095	341929	60	61
contig_115_22R1R2A-26	12895	350182	60	61
contig_116_22R1R2A-26	4902	363315	60	61
contig_117_22R1R2A-26	13240	368322	60	61
contig_118_22R1R2A-26	3797	381806	60	61
contig_119_22R1R2A-26	3344	385690	60	61
contig_12_22R1R2A-26	4099	389112	60	61
contig_120_22R1R2A-26	6381	393303	60	61
contig_121_22R1R2A-26	3155	399814	60	61
contig_122_22R1R2A-26	11386	403045	60	61
contig_123_22R1R2A-26	73515	414644	60	61
contig_124_22R1R2A-26	9342	489408	60	61
contig_125_22R1R2A-26	12512	498929	60	61
contig_126_22R1R2A-26	7518	511673	60	61
contig_127_22R1R2A-26	2297	519340	60	61
contig_128_22R1R2A-26	8048	521699	60	61
contig_129_22R1R2A-26	2572	529905	60	61
contig_13_22R1R2A-26	13033	532542	60	61
contig_130_22R1R2A-26	15562	545816	60	61
contig_131_22R1R2A-26	4263	561661	60	61
contig_132_22R1R2A-26	3183	566019	60	61
contig_133_22R1R2A-26	3198	569279	60	61
contig_134_22R1R2A-26	73809	572554	60	61
contig_135_22R1R2A-26	3121	647617	60	61
contig_136_22R1R2A-26	1754	650814	60	61
contig_137_22R1R2A-26	2774	652621	60	61
contig_138_22R1R2A-26	7258	655465	60	61
contig_139_22R1R2A-26	4285	662867	60	61
contig_14_22R1R2A-26	18305	667246	60	61
contig_140_22R1R2A-26	4813	685880	60	61
contig_141_22R1R2A-26	27112	690797	60	61
contig_142_22R1R2A-26	2643	718384	60	61
contig_143_22R1R2A-26	2235	721095	60	61
contig_144_22R1R2A-26	6739	723391	60	61
contig_145_22R1R2A-26	47427	730266	60	61
contig_146_22R1R2A-26	3019	778507	60	61
contig_147_22R1R2A-26	9734	781600	60	61
contig_148_22R1R2A-26	3545	791520	60	61
contig_149_22R1R2A-26	3020	795148	60	61
contig_15_22R1R2A-26	16717	798241	60	61
contig_150_22R1R2A-26	2910	815260	60	61
contig_151_22R1R2A-26	3055	818242	60	61
contig_152_22R1R2A-26	5734	821371	60	61
contig_153_22R1R2A-26	10957	827224	60	61
contig_154_22R1R2A-26	3537	838387	60	61
contig_155_22R1R2A-26	6617	842006	60	61
contig_156_22R1R2A-26	2646	848757	60	61
contig_157_22R1R2A-26	4285	851471	60	61
contig_158_22R1R2A-26	3903	855851	60	61
contig_159_22R1R2A-26	2313	859843	60	61
contig_16_22R1R2A-26	13936	862217	60	61
contig_160_22R1R2A-26	2209	876409	60	61
contig_161_22R1R2A-26	2228	878678	60	61
contig_162_22R1R2A-26	16265	880967	60	61
contig_163_22R1R2A-26	17803	897527	60	61
contig_164_22R1R2A-26	76220	915650	60	61
contig_165_22R1R2A-26	17637	993164	60	61
contig_166_22R1R2A-26	19579	1011118	60	61
contig_167_22R1R2A-26	2539	1031047	60	61
contig_168_22R1R2A-26	7870	1033652	60	61
contig_169_22R1R2A-26	52687	1041677	60	61
contig_17_22R1R2A-26	5098	1095265	60	61
contig_170_22R1R2A-26	42186	1100471	60	61
contig_171_22R1R2A-26	8059	1143384	60	61
contig_172_22R1R2A-26	12670	1151601	60	61
contig_173_22R1R2A-26	28666	1164506	60	61
contig_174_22R1R2A-26	5238	1193673	60	61
contig_175_22R1R2A-26	7432	1199022	60	61
contig_176_22R1R2A-26	20036	1206601	60	61
contig_177_22R1R2A-26	50105	1226994	60	61
contig_178_22R1R2A-26	18091	1277958	60	61
contig_179_22R1R2A-26	7049	1296374	60	61
contig_18_22R1R2A-26	31132	1303563	60	61
contig_180_22R1R2A-26	14842	1335237	60	61
contig_181_22R1R2A-26	26802	1350350	60	61
contig_182_22R1R2A-26	4795	1377622	60	61
contig_183_22R1R2A-26	47060	1382520	60	61
contig_184_22R1R2A-26	11037	1430388	60	61
contig_185_22R1R2A-26	16547	1441632	60	61
contig_186_22R1R2A-26	9271	1458478	60	61
contig_187_22R1R2A-26	15127	1467927	60	61
contig_188_22R1R2A-26	3486	1483330	60	61
contig_189_22R1R2A-26	14838	1486898	60	61
contig_19_22R1R2A-26	2719	1502006	60	61
contig_190_22R1R2A-26	27817	1504794	60	61
contig_191_22R1R2A-26	13272	1533098	60	61
contig_192_22R1R2A-26	11406	1546615	60	61
contig_193_22R1R2A-26	13567	1558235	60	61
contig_194_22R1R2A-26	12331	1572052	60	61
contig_195_22R1R2A-26	31301	1584612	60	61
contig_196_22R1R2A-26	44606	1616458	60	61
contig_197_22R1R2A-26	2339	1661831	60	61
contig_198_22R1R2A-26	13423	1664232	60	61
contig_199_22R1R2A-26	86358	1677902	60	61
contig_2_22R1R2A-26	16728	1765721	60	61
contig_20_22R1R2A-26	15275	1782750	60	61
contig_200_22R1R2A-26	24407	1798303	60	61
contig_201_22R1R2A-26	36626	1823140	60	61
contig_202_22R1R2A-26	2648	1860400	60	61
contig_203_22R1R2A-26	19313	1863116	60	61
contig_204_22R1R2A-26	97992	1882774	60	61
contig_205_22R1R2A-26	21860	1982423	60	61
contig_206_22R1R2A-26	17521	2004671	60	61
contig_207_22R1R2A-26	34749	2022508	60	61
contig_208_22R1R2A-26	63935	2057860	60	61
contig_209_22R1R2A-26	77953	2122884	60	61
contig_21_22R1R2A-26	7039	2202159	60	61
contig_210_22R1R2A-26	16976	2209339	60	61
contig_211_22R1R2A-26	26832	2226621	60	61
contig_212_22R1R2A-26	51241	2253924	60	61
contig_213_22R1R2A-26	61584	2306043	60	61
contig_214_22R1R2A-26	94462	2368677	60	61
contig_215_22R1R2A-26	6691	2464737	60	61
contig_216_22R1R2A-26	30161	2471563	60	61
contig_217_22R1R2A-26	32311	2502250	60	61
contig_218_22R1R2A-26	18623	2535123	60	61
contig_219_22R1R2A-26	22939	2554080	60	61
contig_22_22R1R2A-26	21033	2577424	60	61
contig_220_22R1R2A-26	14660	2598831	60	61
contig_221_22R1R2A-26	14749	2613759	60	61
contig_222_22R1R2A-26	24265	2628777	60	61
contig_223_22R1R2A-26	85921	2653470	60	61
contig_23_22R1R2A-26	14374	2740846	60	61
contig_24_22R1R2A-26	13758	2755482	60	61
contig_25_22R1R2A-26	14179	2769492	60	61
contig_26_22R1R2A-26	2641	2783930	60	61
contig_27_22R1R2A-26	33247	2786638	60	61
contig_28_22R1R2A-26	28233	2820462	60	61
contig_29_22R1R2A-26	37514	2849188	60	61
contig_3_22R1R2A-26	2399	2887349	60	61
contig_30_22R1R2A-26	16439	2889810	60	61
contig_31_22R1R2A-26	16061	2906545	60	61
contig_32_22R1R2A-26	9616	2922896	60	61
contig_33_22R1R2A-26	4385	2932695	60	61
contig_34_22R1R2A-26	37418	2937176	60	61
contig_35_22R1R2A-26	24737	2975240	60	61
contig_36_22R1R2A-26	44963	3000412	60	61
contig_37_22R1R2A-26	3292	3046147	60	61
contig_38_22R1R2A-26	4050	3049516	60	61
contig_39_22R1R2A-26	7965	3053656	60	61
contig_4_22R1R2A-26	15662	3061775	60	61
contig_40_22R1R2A-26	6028	3077721	60	61
contig_41_22R1R2A-26	9396	3083872	60	61
contig_42_22R1R2A-26	4113	3093447	60	61
contig_43_22R1R2A-26	38426	3097651	60	61
contig_44_22R1R2A-26	3859	3136740	60	61
contig_45_22R1R2A-26	4846	3140686	60	61
contig_46_22R1R2A-26	24483	3145635	60	61
contig_47_22R1R2A-26	9556	3170549	60	61
contig_48_22R1R2A-26	6969	3180287	60	61
contig_49_22R1R2A-26	48076	3187395	60	61
contig_5_22R1R2A-26	22021	3236294	60	61
contig_50_22R1R2A-26	10755	3258705	60	61
contig_51_22R1R2A-26	5025	3269662	60	61
contig_52_22R1R2A-26	7807	3274793	60	61
contig_53_22R1R2A-26	5204	3282753	60	61
contig_54_22R1R2A-26	7882	3288066	60	61
contig_55_22R1R2A-26	20954	3296102	60	61
contig_56_22R1R2A-26	36013	3317428	60	61
contig_57_22R1R2A-26	71119	3354064	60	61
contig_58_22R1R2A-26	6599	3426391	60	61
contig_59_22R1R2A-26	9148	3433122	60	61
contig_6_22R1R2A-26	23825	3442444	60	61
contig_60_22R1R2A-26	8869	3466689	60	61
contig_61_22R1R2A-26	4448	3475728	60	61
contig_62_22R1R2A-26	2471	3480273	60	61
contig_63_22R1R2A-26	33327	3482808	60	61
contig_64_22R1R2A-26	6218	3516713	60	61
contig_65_22R1R2A-26	13684	3523057	60	61
contig_66_22R1R2A-26	16461	3536992	60	61
contig_67_22R1R2A-26	14468	3553750	60	61
contig_68_22R1R2A-26	8526	3568482	60	61
contig_69_22R1R2A-26	9745	3577173	60	61
contig_7_22R1R2A-26	4570	3587102	60	61
contig_70_22R1R2A-26	49265	3591771	60	61
contig_71_22R1R2A-26	16916	3641880	60	61
contig_72_22R1R2A-26	3165	3659100	60	61
contig_73_22R1R2A-26	12947	3662340	60	61
contig_74_22R1R2A-26	15424	3675525	60	61
contig_75_22R1R2A-26	14723	3691229	60	61
contig_76_22R1R2A-26	3409	3706220	60	61
contig_77_22R1R2A-26	29144	3709708	60	61
contig_78_22R1R2A-26	11846	3739360	60	61
contig_79_22R1R2A-26	11322	3751426	60	61
contig_8_22R1R2A-26	30617	3762958	60	61
contig_80_22R1R2A-26	23952	3794108	60	61
contig_81_22R1R2A-26	3368	3818482	60	61
contig_82_22R1R2A-26	9521	3821929	60	61
contig_83_22R1R2A-26	8957	3831631	60	61
contig_84_22R1R2A-26	4242	3840760	60	61
contig_85_22R1R2A-26	8775	3845095	60	61
contig_86_22R1R2A-26	5354	3854039	60	61
contig_87_22R1R2A-26	5849	3859505	60	61
contig_88_22R1R2A-26	2441	3865474	60	61
contig_89_22R1R2A-26	20279	3867978	60	61
contig_9_22R1R2A-26	21509	3888616	60	61
contig_90_22R1R2A-26	72608	3910506	60	61
contig_91_22R1R2A-26	2408	3984347	60	61
contig_92_22R1R2A-26	11173	3986818	60	61
contig_93_22R1R2A-26	12728	3998200	60	61
contig_94_22R1R2A-26	11667	4011163	60	61
contig_95_22R1R2A-26	23555	4023047	60	61
contig_96_22R1R2A-26	8256	4047017	60	61
contig_97_22R1R2A-26	11391	4055433	60	61
contig_98_22R1R2A-26	6881	4067036	60	61
contig_99_22R1R2A-26	30509	4074054	60	61
contig_1_22R1R2A-27	4096892	21	60	61
contig_2_22R1R2A-27	70445	4165216	60	61
contig_3_22R1R2A-27	15300	4236857	60	61
contig_1_22R1R2A-28	48235	21	60	61
contig_10_22R1R2A-28	2486	49082	60	61
contig_11_22R1R2A-28	45593	51632	60	61
contig_13_22R1R2A-28	2600	98007	60	61
contig_14_22R1R2A-28	55156	100673	60	61
contig_15_22R1R2A-28	146272	156771	60	61
contig_17_22R1R2A-28	380785	305503	60	61
contig_18_22R1R2A-28	362654	692657	60	61
contig_19_22R1R2A-28	159354	1061378	60	61
contig_2_22R1R2A-28	363430	1223409	60	61
contig_20_22R1R2A-28	36753	1592919	60	61
contig_21_22R1R2A-28	6178	1630307	60	61
contig_22_22R1R2A-28	52738	1636610	60	61
contig_23_22R1R2A-28	4609	1690249	60	61
contig_24_22R1R2A-28	7608	1694957	60	61
contig_25_22R1R2A-28	23338	1702714	60	61
contig_26_22R1R2A-28	2359	1726463	60	61
contig_27_22R1R2A-28	2473	1728884	60	61
contig_28_22R1R2A-28	11536	1731421	60	61
contig_29_22R1R2A-28	2411	1743172	60	61
contig_3_22R1R2A-28	18835	1745645	60	61
contig_30_22R1R2A-28	2627	1764816	60	61
contig_31_22R1R2A-28	2790	1767509	60	61
contig_32_22R1R2A-28	2204	1770368	60	61
contig_33_22R1R2A-28	241709	1772631	60	61
contig_34_22R1R2A-28	92826	2018391	60	61
contig_35_22R1R2A-28	2908	2112787	60	61
contig_36_22R1R2A-28	88363	2115766	60	61
contig_37_22R1R2A-28	369147	2205624	60	61
contig_38_22R1R2A-28	5157	2580946	60	61
contig_39_22R1R2A-28	43453	2586211	60	61
contig_4_22R1R2A-28	81790	2630410	60	61
contig_40_22R1R2A-28	19284	2713586	60	61
contig_41_22R1R2A-28	78416	2733214	60	61
contig_42_22R1R2A-28	8607	2812959	60	61
contig_43_22R1R2A-28	175907	2821732	60	61
contig_45_22R1R2A-28	61808	3000593	60	61
contig_46_22R1R2A-28	76714	3063454	60	61
contig_47_22R1R2A-28	184548	3141469	60	61
contig_48_22R1R2A-28	3899	3329115	60	61
contig_49_22R1R2A-28	2934	3333101	60	61
contig_5_22R1R2A-28	24156	3336105	60	61
contig_51_22R1R2A-28	43056	3360686	60	61
contig_52_22R1R2A-28	84129	3404482	60	61
contig_53_22R1R2A-28	32213	3490036	60	61
contig_54_22R1R2A-28	7964	3522808	60	61
contig_55_22R1R2A-28	16829	3530927	60	61
contig_56_22R1R2A-28	17954	3548059	60	61
contig_57_22R1R2A-28	29956	3566335	60	61
contig_58_22R1R2A-28	9483	3596813	60	61
contig_59_22R1R2A-28	14265	3606477	60	61
contig_6_22R1R2A-28	4765	3621001	60	61
contig_60_22R1R2A-28	46644	3625868	60	61
contig_61_22R1R2A-28	28606	3673312	60	61
contig_62_22R1R2A-28	16898	3702417	60	61
contig_63_22R1R2A-28	424960	3719619	60	61
contig_64_22R1R2A-28	65969	4151684	60	61
contig_65_22R1R2A-28	10653	4218775	60	61
contig_66_22R1R2A-28	31879	4229628	60	61
contig_67_22R1R2A-28	27754	4262061	60	61
contig_68_22R1R2A-28	13300	4290300	60	61
contig_69_22R1R2A-28	41711	4303844	60	61
contig_7_22R1R2A-28	32405	4346272	60	61
contig_70_22R1R2A-28	25615	4379240	60	61
contig_71_22R1R2A-28	10809	4405304	60	61
contig_72_22R1R2A-28	21608	4416316	60	61
contig_73_22R1R2A-28	4010	4438307	60	61
contig_74_22R1R2A-28	30828	4442406	60	61
contig_75_22R1R2A-28	6017	4473770	60	61
contig_76_22R1R2A-28	14905	4479910	60	61
contig_77_22R1R2A-28	28095	4495086	60	61
contig_78_22R1R2A-28	3728	4523672	60	61
contig_79_22R1R2A-28	16484	4527485	60	61
contig_8_22R1R2A-28	5264	4544265	60	61
contig_80_22R1R2A-28	86756	4549639	60	61
contig_81_22R1R2A-28	95257	4637863	60	61
contig_82_22R1R2A-28	48931	4734730	60	61
contig_83_22R1R2A-28	68018	4784499	60	61
contig_84_22R1R2A-28	36413	4853673	60	61
contig_85_22R1R2A-28	25506	4890715	60	61
contig_86_22R1R2A-28	202038	4916669	60	61
contig_87_22R1R2A-28	75208	5122097	60	61
contig_88_22R1R2A-28	151021	5198581	60	61
contig_89_22R1R2A-28	178095	5352142	60	61
contig_9_22R1R2A-28	2604	5533227	60	61
contig_90_22R1R2A-28	14683	5535897	60	61
contig_91_22R1R2A-28	75207	5550847	60	61
contig_92_22R1R2A-28	29781	5627330	60	61
contig_1_22R1R2A-2	2579130	20	60	61
contig_2_22R1R2A-2	1912427	2622156	60	61
contig_4_22R1R2A-2	5223	4566477	60	61
contig_1_22R1R2A-3	4084624	20	60	61
contig_2_22R1R2A-3	107203	4152742	60	61
contig_1_22R1R2A-4	3998287	20	60	61
contig_2_22R1R2A-4	259926	4064966	60	61
contig_1_22R1R2A-5	3929372	20	60	61
contig_1_22R1R2A-6	3752178	20	60	61
contig_1_22R1R2A-7	4232674	20	60	61
contig_2_22R1R2A-7	140146	4303259	60	61
contig_1_22R1R2A-8	3888	20	60	61
contig_10_22R1R2A-8	11807	3994	60	61
contig_100_22R1R2A-8	27462	16020	60	61
contig_101_22R1R2A-8	99949	43962	60	61
contig_102_22R1R2A-8	28570	145599	60	61
contig_103_22R1R2A-8	22658	174668	60	61
contig_104_22R1R2A-8	54402	197726	60	61
contig_105_22R1R2A-8	72598	253057	60	61
contig_106_22R1R2A-8	88841	326887	60	61
contig_11_22R1R2A-8	59960	417230	60	61
contig_12_22R1R2A-8	24591	478211	60	61
contig_13_22R1R2A-8	6026	503233	60	61
contig_14_22R1R2A-8	9900	509381	60	61
contig_15_22R1R2A-8	8897	519467	60	61
contig_16_22R1R2A-8	21863	528534	60	61
contig_17_22R1R2A-8	25772	550783	60	61
contig_18_22R1R2A-8	25168	577006	60	61
contig_19_22R1R2A-8	3196	602615	60	61
contig_2_22R1R2A-8	19848	605885	60	61
contig_20_22R1R2A-8	2449	626085	60	61
contig_21_22R1R2A-8	4584	628596	60	61
contig_22_22R1R2A-8	2604	633278	60	61
contig_23_22R1R2A-8	6359	635947	60	61
contig_24_22R1R2A-8	3953	642433	60	61
contig_25_22R1R2A-8	5498	646473	60	61
contig_26_22R1R2A-8	82607	652084	60	61
contig_27_22R1R2A-8	3339	736089	60	61
contig_28_22R1R2A-8	2527	739505	60	61
contig_29_22R1R2A-8	6384	742096	60	61
contig_3_22R1R2A-8	6946	748607	60	61
contig_30_22R1R2A-8	11671	755690	60	61
contig_31_22R1R2A-8	14319	767577	60	61
contig_32_22R1R2A-8	2592	782156	60	61
contig_33_22R1R2A-8	6924	784813	60	61
contig_34_22R1R2A-8	2632	791874	60	61
contig_35_22R1R2A-8	17136	794571	60	61
contig_36_22R1R2A-8	2594	812014	60	61
contig_37_22R1R2A-8	74688	814673	60	61
contig_38_22R1R2A-8	59634	890627	60	61
contig_39_22R1R2A-8	4665	951276	60	61
contig_4_22R1R2A-8	2407	956039	60	61
contig_40_22R1R2A-8	10546	958508	60	61
contig_41_22R1R2A-8	70241	969251	60	61
contig_42_22R1R2A-8	12171	1040684	60	61
contig_43_22R1R2A-8	9732	1053079	60	61
contig_44_22R1R2A-8	34101	1062995	60	61
contig_45_22R1R2A-8	6623	1097686	60	61
contig_46_22R1R2A-8	27356	1104441	60	61
contig_47_22R1R2A-8	14766	1132274	60	61
contig_48_22R1R2A-8	31477	1147308	60	61
contig_49_22R1R2A-8	114645	1179331	60	61
contig_5_22R1R2A-8	23300	1295907	60	61
contig_50_22R1R2A-8	26881	1319617	60	61
contig_51_22R1R2A-8	4920	1346968	60	61
contig_52_22R1R2A-8	76520	1351991	60	61
contig_53_22R1R2A-8	31074	1429808	60	61
contig_54_22R1R2A-8	79242	1461421	60	61
contig_55_22R1R2A-8	60589	1542005	60	61
contig_56_22R1R2A-8	7673	1603625	60	61
contig_57_22R1R2A-8	29047	1611447	60	61
contig_58_22R1R2A-8	79943	1641000	60	61
contig_59_22R1R2A-8	36425	1722297	60	61
contig_6_22R1R2A-8	46928	1759350	60	61
contig_60_22R1R2A-8	82236	1807082	60	61
contig_61_22R1R2A-8	18220	1890710	60	61
contig_62_22R1R2A-8	67653	1909255	60	61
contig_63_22R1R2A-8	32141	1978057	60	61
contig_64_22R1R2A-8	5703	2010755	60	61
contig_65_22R1R2A-8	2900	2016575	60	61
contig_66_22R1R2A-8	17106	2019545	60	61
contig_67_22R1R2A-8	2557	2036958	60	61
contig_68_22R1R2A-8	14883	2039579	60	61
contig_69_22R1R2A-8	11502	2054732	60	61
contig_7_22R1R2A-8	203927	2066446	60	61
contig_70_22R1R2A-8	30419	2273793	60	61
contig_71_22R1R2A-8	149022	2304740	60	61
contig_72_22R1R2A-8	2252	2456267	60	61
contig_73_22R1R2A-8	36164	2458578	60	61
contig_74_22R1R2A-8	15207	2495366	60	61
contig_75_22R1R2A-8	62765	2510848	60	61
contig_76_22R1R2A-8	50899	2574681	60	61
contig_77_22R1R2A-8	4303	2626450	60	61
contig_78_22R1R2A-8	3289	2630846	60	61
contig_79_22R1R2A-8	31980	2634211	60	61
contig_8_22R1R2A-8	2397	2666744	60	61
contig_80_22R1R2A-8	20298	2669202	60	61
contig_81_22R1R2A-8	6968	2689860	60	61
contig_82_22R1R2A-8	24580	2696966	60	61
contig_83_22R1R2A-8	11771	2721977	60	61
contig_84_22R1R2A-8	8484	2733966	60	61
contig_85_22R1R2A-8	14042	2742613	60	61
contig_86_22R1R2A-8	37801	2756911	60	61
contig_87_22R1R2A-8	3636	2795364	60	61
contig_88_22R1R2A-8	48659	2799082	60	61
contig_89_22R1R2A-8	5765	2848573	60	61
contig_9_22R1R2A-8	4599	2854455	60	61
contig_90_22R1R2A-8	12707	2859152	60	61
contig_91_22R1R2A-8	18630	2872092	60	61
contig_92_22R1R2A-8	76791	2891054	60	61
contig_93_22R1R2A-8	13305	2969146	60	61
contig_94_22R1R2A-8	92462	2982694	60	61
contig_95_22R1R2A-8	133870	3076719	60	61
contig_96_22R1R2A-8	32499	3212842	60	61
contig_97_22R1R2A-8	46161	3245904	60	61
contig_98_22R1R2A-8	33259	3292856	60	61
contig_99_22R1R2A-8	118139	3326691	60	61
contig_1_22R1R2A-9	305321	20	60	61
contig_10_22R1R2A-9	103263	310451	60	61
contig_11_22R1R2A-9	184584	415457	60	61
contig_12_22R1R2A-9	39810	603139	60	61
contig_2_22R1R2A-9	5433502	643633	60	61
contig_3_22R1R2A-9	50969	6167714	60	61
contig_4_22R1R2A-9	47918	6219553	60	61
contig_5_22R1R2A-9	159812	6268290	60	61
contig_6_22R1R2A-9	12364	6430786	60	61
contig_7_22R1R2A-9	33747	6443377	60	61
contig_8_22R1R2A-9	67347	6477707	60	61
contig_9_22R1R2A-9	12556	6546197	60	61
contig_1_22R1S1G-1	4746096	20	60	61
contig_1_22R1S1G-2	5509804	20	60	61
contig_1_22R1S1G-3	4649867	20	60	61
contig_2_22R1S1G-3	648065	4727405	60	61
contig_3_22R1S1G-3	221670	5386292	60	61
contig_4_22R1S1G-3	62058	5611677	60	61
contig_1_22R1VL55-10	3750662	22	60	61
contig_1_22R1VL55-1	4139183	21	60	61
contig_2_22R1VL55-1	41728	4208212	60	61
contig_1_22R1VL55-2	4259050	21	60	61
contig_2_22R1VL55-2	16108	4330077	60	61
contig_3_22R1VL55-2	60930	4346475	60	61
contig_1_22R1VL55-3	3873289	21	60	61
contig_2_22R1VL55-3	401119	3937886	60	61
contig_1_22R1VL55-4	109883	21	60	61
contig_10_22R1VL55-4	26588	111758	60	61
contig_100_22R1VL55-4	92726	138813	60	61
contig_101_22R1VL55-4	81802	233108	60	61
contig_102_22R1VL55-4	79462	316297	60	61
contig_103_22R1VL55-4	28860	397107	60	61
contig_104_22R1VL55-4	239479	426471	60	61
contig_105_22R1VL55-4	13179	669965	60	61
contig_106_22R1VL55-4	242913	683387	60	61
contig_107_22R1VL55-4	24381	930372	60	61
contig_108_22R1VL55-4	31647	955183	60	61
contig_109_22R1VL55-4	5939	987381	60	61
contig_11_22R1VL55-4	37828	993441	60	61
contig_110_22R1VL55-4	138834	1031923	60	61
contig_111_22R1VL55-4	31566	1173094	60	61
contig_112_22R1VL55-4	16933	1205210	60	61
contig_113_22R1VL55-4	129622	1222449	60	61
contig_114_22R1VL55-4	47780	1354255	60	61
contig_115_22R1VL55-4	6803	1402855	60	61
contig_116_22R1VL55-4	10795	1409795	60	61
contig_117_22R1VL55-4	108954	1420793	60	61
contig_118_22R1VL55-4	68614	1531586	60	61
contig_119_22R1VL55-4	115698	1601367	60	61
contig_12_22R1VL55-4	50396	1719016	60	61
contig_120_22R1VL55-4	19051	1770275	60	61
contig_121_22R1VL55-4	186310	1789667	60	61
contig_122_22R1VL55-4	310535	1979106	60	61
contig_123_22R1VL55-4	20333	2294840	60	61
contig_124_22R1VL55-4	122205	2315535	60	61
contig_125_22R1VL55-4	20336	2439800	60	61
contig_126_22R1VL55-4	327885	2460498	60	61
contig_127_22R1VL55-4	108881	2793871	60	61
contig_128_22R1VL55-4	92063	2904590	60	61
contig_129_22R1VL55-4	9665	2998211	60	61
contig_13_22R1VL55-4	70625	3008060	60	61
contig_130_22R1VL55-4	22170	3079886	60	61
contig_131_22R1VL55-4	160159	3102449	60	61
contig_132_22R1VL55-4	124312	3265301	60	61
contig_133_22R1VL55-4	124626	3391708	60	61
contig_134_22R1VL55-4	283180	3518435	60	61
contig_135_22R1VL55-4	172688	3806358	60	61
contig_136_22R1VL55-4	119193	3981948	60	61
contig_137_22R1VL55-4	139123	4103151	60	61
contig_14_22R1VL55-4	137822	4244615	60	61
contig_15_22R1VL55-4	12723	4384757	60	61
contig_16_22R1VL55-4	19562	4397715	60	61
contig_17_22R1VL55-4	31281	4417626	60	61
contig_18_22R1VL55-4	21350	4449451	60	61
contig_19_22R1VL55-4	15504	4471179	60	61
contig_2_22R1VL55-4	90806	4486963	60	61
contig_20_22R1VL55-4	32220	4579305	60	61
contig_21_22R1VL55-4	38442	4612084	60	61
contig_22_22R1VL55-4	31852	4651189	60	61
contig_23_22R1VL55-4	83163	4683594	60	61
contig_24_22R1VL55-4	3405	4768166	60	61
contig_25_22R1VL55-4	326281	4771650	60	61
contig_26_22R1VL55-4	86299	5103392	60	61
contig_27_22R1VL55-4	60902	5191152	60	61
contig_28_22R1VL55-4	84357	5253092	60	61
contig_29_22R1VL55-4	35310	5338877	60	61
contig_3_22R1VL55-4	59067	5374797	60	61
contig_30_22R1VL55-4	62112	5434871	60	61
contig_31_22R1VL55-4	71089	5498041	60	61
contig_32_22R1VL55-4	40860	5570337	60	61
contig_33_22R1VL55-4	9908	5611900	60	61
contig_34_22R1VL55-4	102082	5621996	60	61
contig_35_22R1VL55-4	29396	5725802	60	61
contig_36_22R1VL55-4	24717	5755710	60	61
contig_37_22R1VL55-4	126706	5780861	60	61
contig_38_22R1VL55-4	41958	5909701	60	61
contig_39_22R1VL55-4	26958	5952381	60	61
contig_4_22R1VL55-4	16894	5979810	60	61
contig_40_22R1VL55-4	93363	5997008	60	61
contig_41_22R1VL55-4	38453	6091950	60	61
contig_42_22R1VL55-4	9715	6131066	60	61
contig_43_22R1VL55-4	37456	6140965	60	61
contig_44_22R1VL55-4	38932	6179068	60	61
contig_45_22R1VL55-4	26091	6218671	60	61
contig_46_22R1VL55-4	18208	6245219	60	61
contig_47_22R1VL55-4	18933	6263753	60	61
contig_48_22R1VL55-4	30913	6283024	60	61
contig_49_22R1VL55-4	42878	6314475	60	61
contig_5_22R1VL55-4	10211	6358089	60	61
contig_50_22R1VL55-4	16687	6368493	60	61
contig_51_22R1VL55-4	28134	6385481	60	61
contig_52_22R1VL55-4	26991	6414106	60	61
contig_53_22R1VL55-4	7953	6441569	60	61
contig_54_22R1VL55-4	20088	6449677	60	61
contig_55_22R1VL55-4	11274	6470122	60	61
contig_56_22R1VL55-4	3211	6481606	60	61
contig_57_22R1VL55-4	5065	6484893	60	61
contig_58_22R1VL55-4	13674	6490065	60	61
contig_59_22R1VL55-4	31979	6503989	60	61
contig_6_22R1VL55-4	93379	6536522	60	61
contig_60_22R1VL55-4	6087	6631480	60	61
contig_61_22R1VL55-4	13588	6637691	60	61
contig_62_22R1VL55-4	61125	6651528	60	61
contig_63_22R1VL55-4	151848	6713694	60	61
contig_64_22R1VL55-4	141195	6868095	60	61
contig_65_22R1VL55-4	15310	7011666	60	61
contig_66_22R1VL55-4	6696	7027254	60	61
contig_67_22R1VL55-4	6681	7034084	60	61
contig_68_22R1VL55-4	20859	7040899	60	61
contig_69_22R1VL55-4	11977	7062128	60	61
contig_7_22R1VL55-4	20487	7074326	60	61
contig_70_22R1VL55-4	29572	7095177	60	61
contig_71_22R1VL55-4	15934	7125264	60	61
contig_72_22R1VL55-4	9117	7141486	60	61
contig_73_22R1VL55-4	41250	7150777	60	61
contig_74_22R1VL55-4	200833	7192737	60	61
contig_76_22R1VL55-4	22102	7396940	60	61
contig_77_22R1VL55-4	191172	7419433	60	61
contig_78_22R1VL55-4	12548	7613814	60	61
contig_79_22R1VL55-4	47723	7626594	60	61
contig_8_22R1VL55-4	611514	7675134	60	61
contig_80_22R1VL55-4	9921	8296862	60	61
contig_81_22R1VL55-4	109002	8306971	60	61
contig_82_22R1VL55-4	17890	8417812	60	61
contig_83_22R1VL55-4	50961	8436023	60	61
contig_84_22R1VL55-4	16661	8487856	60	61
contig_85_22R1VL55-4	513610	8504817	60	61
contig_86_22R1VL55-4	86861	9027010	60	61
contig_87_22R1VL55-4	230920	9115341	60	61
contig_88_22R1VL55-4	11746	9350132	60	61
contig_89_22R1VL55-4	13008	9362096	60	61
contig_9_22R1VL55-4	501	9375342	60	61
contig_90_22R1VL55-4	52043	9375874	60	61
contig_91_22R1VL55-4	395296	9428807	60	61
contig_92_22R1VL55-4	8295	9830714	60	61
contig_93_22R1VL55-4	34834	9839170	60	61
contig_94_22R1VL55-4	3011	9874607	60	61
contig_95_22R1VL55-4	4127	9877691	60	61
contig_96_22R1VL55-4	24122	9881909	60	61
contig_97_22R1VL55-4	33834	9906456	60	61
contig_98_22R1VL55-4	254536	9940876	60	61
contig_99_22R1VL55-4	34113	10199677	60	61
contig_1_22R1VL55-5	2736	21	60	61
contig_10_22R1VL55-5	30941	2825	60	61
contig_11_22R1VL55-5	6110	34304	60	61
contig_12_22R1VL55-5	11960	40538	60	61
contig_13_22R1VL55-5	8016	52720	60	61
contig_14_22R1VL55-5	34415	60892	60	61
contig_15_22R1VL55-5	23078	95903	60	61
contig_16_22R1VL55-5	10511	119388	60	61
contig_17_22R1VL55-5	10758	130097	60	61
contig_18_22R1VL55-5	8149	141057	60	61
contig_19_22R1VL55-5	38453	149364	60	61
contig_2_22R1VL55-5	7758	188479	60	61
contig_20_22R1VL55-5	13262	196389	60	61
contig_21_22R1VL55-5	26802	209895	60	61
contig_22_22R1VL55-5	71788	237166	60	61
contig_24_22R1VL55-5	9414	310173	60	61
contig_25_22R1VL55-5	15305	319766	60	61
contig_26_22R1VL55-5	128988	335349	60	61
contig_27_22R1VL55-5	40760	466509	60	61
contig_28_22R1VL55-5	350737	507971	60	61
contig_29_22R1VL55-5	54477	864576	60	61
contig_3_22R1VL55-5	24897	919982	60	61
contig_30_22R1VL55-5	39106	945316	60	61
contig_31_22R1VL55-5	100590	985096	60	61
contig_32_22R1VL55-5	60053	1087385	60	61
contig_33_22R1VL55-5	229178	1148461	60	61
contig_34_22R1VL55-5	3077	1381481	60	61
contig_35_22R1VL55-5	85308	1384632	60	61
contig_36_22R1VL55-5	128054	1471384	60	61
contig_37_22R1VL55-5	47022	1601595	60	61
contig_38_22R1VL55-5	8848	1649423	60	61
contig_39_22R1VL55-5	105958	1658441	60	61
contig_4_22R1VL55-5	68596	1766186	60	61
contig_40_22R1VL55-5	17048	1835948	60	61
contig_41_22R1VL55-5	8487	1853303	60	61
contig_42_22R1VL55-5	86408	1861954	60	61
contig_43_22R1VL55-5	41244	1949825	60	61
contig_44_22R1VL55-5	27099	1991779	60	61
contig_45_22R1VL55-5	63711	2019352	60	61
contig_46_22R1VL55-5	68921	2084147	60	61
contig_47_22R1VL55-5	103637	2154239	60	61
contig_48_22R1VL55-5	33234	2259626	60	61
contig_49_22R1VL55-5	93879	2293436	60	61
contig_5_22R1VL55-5	41377	2388901	60	61
contig_50_22R1VL55-5	48636	2430990	60	61
contig_51_22R1VL55-5	32851	2480459	60	61
contig_52_22R1VL55-5	71956	2513880	60	61
contig_53_22R1VL55-5	233770	2587058	60	61
contig_54_22R1VL55-5	53953	2824747	60	61
contig_55_22R1VL55-5	62429	2879622	60	61
contig_56_22R1VL55-5	40894	2943114	60	61
contig_6_22R1VL55-5	13209	2984711	60	61
contig_7_22R1VL55-5	18486	2998162	60	61
contig_8_22R1VL55-5	7648	3016978	60	61
contig_9_22R1VL55-5	15359	3024775	60	61
contig_1_22R1VL55-6	3750948	21	60	61
contig_1_22R1VL55-7	40363	21	60	61
contig_10_22R1VL55-7	127292	41079	60	61
contig_11_22R1VL55-7	42231	170515	60	61
contig_12_22R1VL55-7	60643	213472	60	61
contig_13_22R1VL55-7	180824	275148	60	61
contig_14_22R1VL55-7	81623	459008	60	61
contig_15_22R1VL55-7	38060	542014	60	61
contig_16_22R1VL55-7	22690	580731	60	61
contig_17_22R1VL55-7	155838	603822	60	61
contig_18_22R1VL55-7	75254	762280	60	61
contig_19_22R1VL55-7	28521	838811	60	61
contig_2_22R1VL55-7	69066	867829	60	61
contig_20_22R1VL55-7	140530	938069	60	61
contig_21_22R1VL55-7	38516	1080964	60	61
contig_22_22R1VL55-7	67571	1120144	60	61
contig_3_22R1VL55-7	46638	1188863	60	61
contig_4_22R1VL55-7	70627	1236300	60	61
contig_5_22R1VL55-7	57763	1308126	60	61
contig_6_22R1VL55-7	41885	1366873	60	61
contig_7_22R1VL55-7	42551	1409478	60	61
contig_8_22R1VL55-7	45188	1452760	60	61
contig_9_22R1VL55-7	58997	1498723	60	61
contig_1_22R1VL55-8	7806	21	60	61
contig_10_22R1VL55-8	4129	7980	60	61
contig_11_22R1VL55-8	5540	12200	60	61
contig_12_22R1VL55-8	7555	17855	60	61
contig_13_22R1VL55-8	8987	25558	60	61
contig_14_22R1VL55-8	6135	34717	60	61
contig_15_22R1VL55-8	4966	40977	60	61
contig_16_22R1VL55-8	7493	46048	60	61
contig_17_22R1VL55-8	3770	53688	60	61
contig_18_22R1VL55-8	2909	57543	60	61
contig_19_22R1VL55-8	3183	60523	60	61
contig_2_22R1VL55-8	5708	63781	60	61
contig_20_22R1VL55-8	7921	69607	60	61
contig_21_22R1VL55-8	4346	77683	60	61
contig_22_22R1VL55-8	2562	82124	60	61
contig_23_22R1VL55-8	5955	84751	60	61
contig_24_22R1VL55-8	6285	90828	60	61
contig_25_22R1VL55-8	3084	97240	60	61
contig_26_22R1VL55-8	3006	100398	60	61
contig_27_22R1VL55-8	4362	103477	60	61
contig_28_22R1VL55-8	3946	107934	60	61
contig_29_22R1VL55-8	5066	111968	60	61
contig_3_22R1VL55-8	9409	117140	60	61
contig_30_22R1VL55-8	2277	126728	60	61
contig_31_22R1VL55-8	2514	129065	60	61
contig_32_22R1VL55-8	4928	131643	60	61
contig_33_22R1VL55-8	2505	136676	60	61
contig_34_22R1VL55-8	4175	139245	60	61
contig_35_22R1VL55-8	8336	143512	60	61
contig_36_22R1VL55-8	5789	152009	60	61
contig_37_22R1VL55-8	2796	157917	60	61
contig_38_22R1VL55-8	4161	160782	60	61
contig_39_22R1VL55-8	3482	165035	60	61
contig_4_22R1VL55-8	6235	168597	60	61
contig_40_22R1VL55-8	4787	174958	60	61
contig_41_22R1VL55-8	2428	179847	60	61
contig_42_22R1VL55-8	9330	182338	60	61
contig_43_22R1VL55-8	3098	191846	60	61
contig_44_22R1VL55-8	6939	195018	60	61
contig_45_22R1VL55-8	4144	202095	60	61
contig_46_22R1VL55-8	2507	206331	60	61
contig_47_22R1VL55-8	3183	208902	60	61
contig_48_22R1VL55-8	4142	212161	60	61
contig_49_22R1VL55-8	6638	216395	60	61
contig_5_22R1VL55-8	2635	223165	60	61
contig_50_22R1VL55-8	6938	225866	60	61
contig_51_22R1VL55-8	2819	232942	60	61
contig_52_22R1VL55-8	1974	235830	60	61
contig_53_22R1VL55-8	3777	237859	60	61
contig_54_22R1VL55-8	9384	241721	60	61
contig_55_22R1VL55-8	5503	251284	60	61
contig_56_22R1VL55-8	8032	256901	60	61
contig_57_22R1VL55-8	9025	265089	60	61
contig_58_22R1VL55-8	4703	274287	60	61
contig_59_22R1VL55-8	8451	279091	60	61
contig_6_22R1VL55-8	6194	287704	60	61
contig_60_22R1VL55-8	7131	294024	60	61
contig_61_22R1VL55-8	6136	301296	60	61
contig_62_22R1VL55-8	12314	307557	60	61
contig_63_22R1VL55-8	4495	320099	60	61
contig_64_22R1VL55-8	3232	324691	60	61
contig_65_22R1VL55-8	4316	327999	60	61
contig_66_22R1VL55-8	2301	332409	60	61
contig_67_22R1VL55-8	3091	334771	60	61
contig_68_22R1VL55-8	8934	337936	60	61
contig_69_22R1VL55-8	3306	347041	60	61
contig_7_22R1VL55-8	4692	350424	60	61
contig_70_22R1VL55-8	2199	355217	60	61
contig_71_22R1VL55-8	6418	357475	60	61
contig_72_22R1VL55-8	6612	364022	60	61
contig_73_22R1VL55-8	2707	370767	60	61
contig_74_22R1VL55-8	4330	373542	60	61
contig_75_22R1VL55-8	3429	377967	60	61
contig_76_22R1VL55-8	15519	381476	60	61
contig_77_22R1VL55-8	13373	397276	60	61
contig_78_22R1VL55-8	4901	410894	60	61
contig_79_22R1VL55-8	13733	415899	60	61
contig_8_22R1VL55-8	4558	429882	60	61
contig_9_22R1VL55-8	6576	434537	60	61
contig_1_22R1VL55-9	2821638	21	60	61
contig_2_22R1VL55-9	936211	2868708	60	61
contig_1_22R2L9-1	69591	19	60	61
contig_2_22R2L9-1	4017734	70789	60	61
contig_3_22R2L9-1	76400	4155505	60	61
contig_4_22R2L9-1	24760	4233198	60	61
contig_5_22R2L9-1	442037	4258390	60	61
contig_1_22R2L9-2	79587	19	60	61
contig_2_22R2L9-2	1076253	80952	60	61
contig_3_22R2L9-2	86461	1175162	60	61
contig_4_22R2L9-2	2713033	1263084	60	61
contig_5_22R2L9-2	442049	4021354	60	61
contig_6_22R2L9-2	150115	4470790	60	61
contig_7_22R2L9-2	69594	4623426	60	61
contig_8_22R2L9-2	12380	4694199	60	61
contig_1_22R2L9-3	934923	19	60	61
contig_2_22R2L9-3	3083816	950544	60	61
contig_3_22R2L9-3	17499	4085776	60	61
contig_4_22R2L9-3	442196	4103586	60	61
contig_5_22R2L9-3	69602	4553171	60	61
contig_6_22R2L9-3	86530	4623953	60	61
contig_7_22R2L9-3	24766	4711945	60	61
contig_1_22R2L9-4	37817	19	60	61
contig_10_22R2L9-4	224746	38487	60	61
contig_11_22R2L9-4	62942	266999	60	61
contig_12_22R2L9-4	67886	331011	60	61
contig_13_22R2L9-4	116290	400049	60	61
contig_14_22R2L9-4	32054	518298	60	61
contig_15_22R2L9-4	345552	550907	60	61
contig_16_22R2L9-4	17958	902239	60	61
contig_17_22R2L9-4	5474	920517	60	61
contig_18_22R2L9-4	7986	926103	60	61
contig_19_22R2L9-4	4494	934243	60	61
contig_2_22R2L9-4	157310	938831	60	61
contig_20_22R2L9-4	10763	1098783	60	61
contig_21_22R2L9-4	46931	1109746	60	61
contig_22_22R2L9-4	19075	1157480	60	61
contig_23_22R2L9-4	71998	1176893	60	61
contig_24_22R2L9-4	260472	1250111	60	61
contig_25_22R2L9-4	123344	1514945	60	61
contig_26_22R2L9-4	239858	1640365	60	61
contig_27_22R2L9-4	420112	1884241	60	61
contig_28_22R2L9-4	103015	2311375	60	61
contig_29_22R2L9-4	105722	2416127	60	61
contig_3_22R2L9-4	507571	2523631	60	61
contig_30_22R2L9-4	59107	3039682	60	61
contig_31_22R2L9-4	79561	3099795	60	61
contig_32_22R2L9-4	185811	3180703	60	61
contig_33_22R2L9-4	47784	3369631	60	61
contig_4_22R2L9-4	4131	3418231	60	61
contig_5_22R2L9-4	33985	3422450	60	61
contig_7_22R2L9-4	802442	3457021	60	61
contig_8_22R2L9-4	109020	4272857	60	61
contig_9_22R2L9-4	35072	4383713	60	61
contig_1_22R2S1G-2	14169	20	60	61
contig_10_22R2S1G-2	82132	14447	60	61
contig_11_22R2S1G-2	26241	97969	60	61
contig_12_22R2S1G-2	316545	124669	60	61
contig_13_22R2S1G-2	187925	446511	60	61
contig_14_22R2S1G-2	11336	637590	60	61
contig_15_22R2S1G-2	166644	649136	60	61
contig_16_22R2S1G-2	10601	818579	60	61
contig_18_22R2S1G-2	166665	829378	60	61
contig_19_22R2S1G-2	27348	998842	60	61
contig_2_22R2S1G-2	295628	1026666	60	61
contig_20_22R2S1G-2	73903	1327243	60	61
contig_21_22R2S1G-2	77830	1402399	60	61
contig_23_22R2S1G-2	66206	1481548	60	61
contig_25_22R2S1G-2	8173	1548879	60	61
contig_26_22R2S1G-2	93704	1557210	60	61
contig_27_22R2S1G-2	54725	1652497	60	61
contig_28_22R2S1G-2	7056	1708156	60	61
contig_29_22R2S1G-2	126039	1715351	60	61
contig_3_22R2S1G-2	49717	1843511	60	61
contig_30_22R2S1G-2	64706	1894078	60	61
contig_31_22R2S1G-2	35638	1959884	60	61
contig_32_22R2S1G-2	26868	1996137	60	61
contig_33_22R2S1G-2	186956	2023474	60	61
contig_34_22R2S1G-2	8590	2213567	60	61
contig_35_22R2S1G-2	26167	2222322	60	61
contig_36_22R2S1G-2	29544	2248947	60	61
contig_37_22R2S1G-2	142563	2279005	60	61
contig_38_22R2S1G-2	10386	2423966	60	61
contig_39_22R2S1G-2	62776	2434547	60	61
contig_4_22R2S1G-2	3749	2498390	60	61
contig_40_22R2S1G-2	5549	2502223	60	61
contig_41_22R2S1G-2	4200	2507886	60	61
contig_42_22R2S1G-2	55398	2512177	60	61
contig_43_22R2S1G-2	68564	2568520	60	61
contig_44_22R2S1G-2	3916	2638248	60	61
contig_45_22R2S1G-2	8602	2642251	60	61
contig_46_22R2S1G-2	179471	2651018	60	61
contig_47_22R2S1G-2	61328	2833502	60	61
contig_48_22R2S1G-2	17455	2895874	60	61
contig_49_22R2S1G-2	17762	2913641	60	61
contig_5_22R2S1G-2	275471	2931720	60	61
contig_50_22R2S1G-2	16169	3211804	60	61
contig_51_22R2S1G-2	3896	3228264	60	61
contig_52_22R2S1G-2	4833	3232246	60	61
contig_53_22R2S1G-2	7435	3237181	60	61
contig_54_22R2S1G-2	2579	3244761	60	61
contig_55_22R2S1G-2	4808	3247404	60	61
contig_56_22R2S1G-2	22471	3252314	60	61
contig_57_22R2S1G-2	4281	3275181	60	61
contig_58_22R2S1G-2	49822	3279555	60	61
contig_6_22R2S1G-2	33000	3330228	60	61
contig_61_22R2S1G-2	111264	3363799	60	61
contig_62_22R2S1G-2	229469	3476939	60	61
contig_63_22R2S1G-2	485918	3710254	60	61
contig_65_22R2S1G-2	503052	4204292	60	61
contig_66_22R2S1G-2	199865	4715750	60	61
contig_67_22R2S1G-2	239469	4918968	60	61
contig_68_22R2S1G-2	35497	5162450	60	61
contig_69_22R2S1G-2	52937	5198560	60	61
contig_7_22R2S1G-2	232579	5252400	60	61
contig_8_22R2S1G-2	92918	5488876	60	61
contig_9_22R2S1G-2	17060	5583363	60	61
scaffold_60_22R2S1G-2	510740	5600731	60	61
contig_1_22R2S1G-4	7923	20	60	61
contig_10_22R2S1G-4	5628	8097	60	61
contig_100_22R2S1G-4	2442	13841	60	61
contig_101_22R2S1G-4	2842	16346	60	61
contig_102_22R2S1G-4	5703	19258	60	61
contig_103_22R2S1G-4	12939	25079	60	61
contig_104_22R2S1G-4	2736	38256	60	61
contig_105_22R2S1G-4	4514	41060	60	61
contig_106_22R2S1G-4	2926	45672	60	61
contig_107_22R2S1G-4	4498	48669	60	61
contig_108_22R2S1G-4	4474	53264	60	61
contig_109_22R2S1G-4	14172	57835	60	61
contig_11_22R2S1G-4	6737	72265	60	61
contig_110_22R2S1G-4	9151	79137	60	61
contig_111_22R2S1G-4	4209	88463	60	61
contig_112_22R2S1G-4	3006	92765	60	61
contig_113_22R2S1G-4	2478	95844	60	61
contig_114_22R2S1G-4	8973	98386	60	61
contig_115_22R2S1G-4	5029	107531	60	61
contig_116_22R2S1G-4	3030	112666	60	61
contig_117_22R2S1G-4	2301	115769	60	61
contig_118_22R2S1G-4	3411	118131	60	61
contig_119_22R2S1G-4	3605	121621	60	61
contig_12_22R2S1G-4	11795	125308	60	61
contig_120_22R2S1G-4	3286	137322	60	61
contig_121_22R2S1G-4	4323	140685	60	61
contig_122_22R2S1G-4	3031	145103	60	61
contig_123_22R2S1G-4	7632	148207	60	61
contig_124_22R2S1G-4	2235	155989	60	61
contig_125_22R2S1G-4	3622	158284	60	61
contig_126_22R2S1G-4	2245	161989	60	61
contig_127_22R2S1G-4	5548	164294	60	61
contig_128_22R2S1G-4	1027	169957	60	61
contig_129_22R2S1G-4	13598	171024	60	61
contig_13_22R2S1G-4	2863	184870	60	61
contig_130_22R2S1G-4	4149	187803	60	61
contig_131_22R2S1G-4	6979	192044	60	61
contig_132_22R2S1G-4	3093	199162	60	61
contig_133_22R2S1G-4	5152	202329	60	61
contig_134_22R2S1G-4	3392	207589	60	61
contig_135_22R2S1G-4	4238	211060	60	61
contig_136_22R2S1G-4	3353	215391	60	61
contig_137_22R2S1G-4	3886	218822	60	61
contig_138_22R2S1G-4	2650	222795	60	61
contig_139_22R2S1G-4	2764	225512	60	61
contig_14_22R2S1G-4	5194	228344	60	61
contig_140_22R2S1G-4	11375	233647	60	61
contig_141_22R2S1G-4	2443	245234	60	61
contig_142_22R2S1G-4	3927	247740	60	61
contig_143_22R2S1G-4	3982	251755	60	61
contig_144_22R2S1G-4	3237	255826	60	61
contig_145_22R2S1G-4	3266	259139	60	61
contig_146_22R2S1G-4	2832	262482	60	61
contig_147_22R2S1G-4	9450	265384	60	61
contig_148_22R2S1G-4	4699	275014	60	61
contig_149_22R2S1G-4	2355	279814	60	61
contig_15_22R2S1G-4	7252	282230	60	61
contig_150_22R2S1G-4	4417	289625	60	61
contig_151_22R2S1G-4	7590	294138	60	61
contig_152_22R2S1G-4	2301	301877	60	61
contig_153_22R2S1G-4	5871	304239	60	61
contig_154_22R2S1G-4	2618	310230	60	61
contig_155_22R2S1G-4	2689	312914	60	61
contig_156_22R2S1G-4	3086	315670	60	61
contig_157_22R2S1G-4	2759	318830	60	61
contig_158_22R2S1G-4	2715	321657	60	61
contig_159_22R2S1G-4	2547	324440	60	61
contig_16_22R2S1G-4	6287	327051	60	61
contig_160_22R2S1G-4	8103	333465	60	61
contig_161_22R2S1G-4	2337	341726	60	61
contig_162_22R2S1G-4	2231	344124	60	61
contig_163_22R2S1G-4	8323	346415	60	61
contig_164_22R2S1G-4	2322	354899	60	61
contig_165_22R2S1G-4	3694	357282	60	61
contig_166_22R2S1G-4	2262	361060	60	61
contig_167_22R2S1G-4	3599	363382	60	61
contig_168_22R2S1G-4	2259	367063	60	61
contig_169_22R2S1G-4	2486	369382	60	61
contig_17_22R2S1G-4	3756	371931	60	61
contig_170_22R2S1G-4	6260	375772	60	61
contig_171_22R2S1G-4	2528	382159	60	61
contig_172_22R2S1G-4	4931	384752	60	61
contig_173_22R2S1G-4	4427	389788	60	61
contig_174_22R2S1G-4	2324	394311	60	61
contig_175_22R2S1G-4	9318	396696	60	61
contig_176_22R2S1G-4	3118	406192	60	61
contig_177_22R2S1G-4	2345	409384	60	61
contig_178_22R2S1G-4	7986	411791	60	61
contig_179_22R2S1G-4	4880	419933	60	61
contig_18_22R2S1G-4	2275	424916	60	61
contig_180_22R2S1G-4	2240	427251	60	61
contig_181_22R2S1G-4	2870	429551	60	61
contig_182_22R2S1G-4	2504	432491	60	61
contig_183_22R2S1G-4	2258	435059	60	61
contig_184_22R2S1G-4	2380	437377	60	61
contig_185_22R2S1G-4	2249	439819	60	61
contig_186_22R2S1G-4	3763	442128	60	61
contig_187_22R2S1G-4	7805	445976	60	61
contig_188_22R2S1G-4	2471	453934	60	61
contig_189_22R2S1G-4	6676	456469	60	61
contig_19_22R2S1G-4	2228	463278	60	61
contig_190_22R2S1G-4	3311	465566	60	61
contig_191_22R2S1G-4	2296	468955	60	61
contig_192_22R2S1G-4	5017	471312	60	61
contig_193_22R2S1G-4	6118	476435	60	61
contig_194_22R2S1G-4	2551	482677	60	61
contig_195_22R2S1G-4	2314	485293	60	61
contig_196_22R2S1G-4	3384	487668	60	61
contig_197_22R2S1G-4	2599	491131	60	61
contig_198_22R2S1G-4	2795	493796	60	61
contig_199_22R2S1G-4	4667	496660	60	61
contig_2_22R2S1G-4	3962	501425	60	61
contig_20_22R2S1G-4	2335	505475	60	61
contig_200_22R2S1G-4	4145	507871	60	61
contig_201_22R2S1G-4	5468	512108	60	61
contig_202_22R2S1G-4	2835	517690	60	61
contig_203_22R2S1G-4	6939	520595	60	61
contig_204_22R2S1G-4	2631	527672	60	61
contig_205_22R2S1G-4	3701	530369	60	61
contig_206_22R2S1G-4	2909	534154	60	61
contig_207_22R2S1G-4	3104	537134	60	61
contig_208_22R2S1G-4	4400	540312	60	61
contig_209_22R2S1G-4	5620	544808	60	61
contig_21_22R2S1G-4	2209	550543	60	61
contig_210_22R2S1G-4	2299	552811	60	61
contig_211_22R2S1G-4	2366	555171	60	61
contig_212_22R2S1G-4	2505	557599	60	61
contig_213_22R2S1G-4	2315	560168	60	61
contig_214_22R2S1G-4	3424	562544	60	61
contig_215_22R2S1G-4	5707	566048	60	61
contig_216_22R2S1G-4	3776	571873	60	61
contig_217_22R2S1G-4	2438	575734	60	61
contig_218_22R2S1G-4	5156	578235	60	61
contig_219_22R2S1G-4	3729	583499	60	61
contig_22_22R2S1G-4	2279	587312	60	61
contig_220_22R2S1G-4	4646	589651	60	61
contig_221_22R2S1G-4	4059	594397	60	61
contig_222_22R2S1G-4	2419	598546	60	61
contig_223_22R2S1G-4	2420	601028	60	61
contig_224_22R2S1G-4	2683	603511	60	61
contig_225_22R2S1G-4	2492	606261	60	61
contig_226_22R2S1G-4	2654	608817	60	61
contig_227_22R2S1G-4	2323	611538	60	61
contig_228_22R2S1G-4	2321	613922	60	61
contig_229_22R2S1G-4	6130	616304	60	61
contig_23_22R2S1G-4	2760	622558	60	61
contig_230_22R2S1G-4	2309	625386	60	61
contig_231_22R2S1G-4	6953	627756	60	61
contig_232_22R2S1G-4	3295	634847	60	61
contig_233_22R2S1G-4	3281	638219	60	61
contig_234_22R2S1G-4	5793	641577	60	61
contig_235_22R2S1G-4	2478	647489	60	61
contig_236_22R2S1G-4	2785	650031	60	61
contig_237_22R2S1G-4	2526	652885	60	61
contig_238_22R2S1G-4	3682	655476	60	61
contig_239_22R2S1G-4	9193	659242	60	61
contig_24_22R2S1G-4	5945	668610	60	61
contig_240_22R2S1G-4	6669	674677	60	61
contig_241_22R2S1G-4	3532	681480	60	61
contig_242_22R2S1G-4	2277	685093	60	61
contig_243_22R2S1G-4	5756	687430	60	61
contig_244_22R2S1G-4	2456	693304	60	61
contig_245_22R2S1G-4	4327	695823	60	61
contig_246_22R2S1G-4	8666	700245	60	61
contig_247_22R2S1G-4	2309	709078	60	61
contig_248_22R2S1G-4	4245	711448	60	61
contig_249_22R2S1G-4	2460	715786	60	61
contig_25_22R2S1G-4	2945	718308	60	61
contig_250_22R2S1G-4	2404	721325	60	61
contig_251_22R2S1G-4	3972	723792	60	61
contig_252_22R2S1G-4	2842	727853	60	61
contig_253_22R2S1G-4	2865	730765	60	61
contig_254_22R2S1G-4	2525	733700	60	61
contig_255_22R2S1G-4	2233	736290	60	61
contig_256_22R2S1G-4	2947	738583	60	61
contig_257_22R2S1G-4	4438	741602	60	61
contig_258_22R2S1G-4	4934	746136	60	61
contig_259_22R2S1G-4	4702	751175	60	61
contig_26_22R2S1G-4	2865	755977	60	61
contig_260_22R2S1G-4	2667	758912	60	61
contig_261_22R2S1G-4	2565	761646	60	61
contig_262_22R2S1G-4	5810	764276	60	61
contig_263_22R2S1G-4	2633	770205	60	61
contig_264_22R2S1G-4	2423	772904	60	61
contig_265_22R2S1G-4	2778	775390	60	61
contig_266_22R2S1G-4	2872	778237	60	61
contig_267_22R2S1G-4	3058	781179	60	61
contig_268_22R2S1G-4	3297	784310	60	61
contig_269_22R2S1G-4	3391	787684	60	61
contig_27_22R2S1G-4	6607	791153	60	61
contig_270_22R2S1G-4	7469	797893	60	61
contig_271_22R2S1G-4	3381	805509	60	61
contig_272_22R2S1G-4	2749	808969	60	61
contig_273_22R2S1G-4	4070	811786	60	61
contig_274_22R2S1G-4	3095	815946	60	61
contig_275_22R2S1G-4	2562	819115	60	61
contig_276_22R2S1G-4	2683	821742	60	61
contig_277_22R2S1G-4	2790	824492	60	61
contig_278_22R2S1G-4	2378	827351	60	61
contig_279_22R2S1G-4	2377	829791	60	61
contig_28_22R2S1G-4	2432	832229	60	61
contig_280_22R2S1G-4	7705	834724	60	61
contig_281_22R2S1G-4	2716	842580	60	61
contig_282_22R2S1G-4	2766	845364	60	61
contig_283_22R2S1G-4	2441	848199	60	61
contig_284_22R2S1G-4	2442	850703	60	61
contig_285_22R2S1G-4	2481	853208	60	61
contig_286_22R2S1G-4	3002	855753	60	61
contig_287_22R2S1G-4	2787	858828	60	61
contig_288_22R2S1G-4	15489	861684	60	61
contig_289_22R2S1G-4	10226	877454	60	61
contig_29_22R2S1G-4	5646	887872	60	61
contig_290_22R2S1G-4	2771	893635	60	61
contig_291_22R2S1G-4	2796	896475	60	61
contig_292_22R2S1G-4	8038	899340	60	61
contig_293_22R2S1G-4	2703	907534	60	61
contig_294_22R2S1G-4	2817	910305	60	61
contig_295_22R2S1G-4	2232	913191	60	61
contig_296_22R2S1G-4	2481	915483	60	61
contig_297_22R2S1G-4	2851	918028	60	61
contig_298_22R2S1G-4	2432	920949	60	61
contig_299_22R2S1G-4	2650	923444	60	61
contig_3_22R2S1G-4	2494	926159	60	61
contig_30_22R2S1G-4	5173	928716	60	61
contig_300_22R2S1G-4	4779	933998	60	61
contig_301_22R2S1G-4	4303	938879	60	61
contig_302_22R2S1G-4	2459	943276	60	61
contig_303_22R2S1G-4	6981	945798	60	61
contig_304_22R2S1G-4	8204	952918	60	61
contig_305_22R2S1G-4	2963	961281	60	61
contig_306_22R2S1G-4	3735	964316	60	61
contig_307_22R2S1G-4	2435	968136	60	61
contig_308_22R2S1G-4	5609	970634	60	61
contig_309_22R2S1G-4	2959	976359	60	61
contig_31_22R2S1G-4	4828	979389	60	61
contig_310_22R2S1G-4	3172	984320	60	61
contig_311_22R2S1G-4	5741	987567	60	61
contig_312_22R2S1G-4	2660	993426	60	61
contig_313_22R2S1G-4	6869	996153	60	61
contig_314_22R2S1G-4	2691	1003159	60	61
contig_315_22R2S1G-4	2243	1005917	60	61
contig_316_22R2S1G-4	7409	1008220	60	61
contig_317_22R2S1G-4	6529	1015775	60	61
contig_318_22R2S1G-4	3360	1022435	60	61
contig_319_22R2S1G-4	5772	1025873	60	61
contig_32_22R2S1G-4	10567	1031763	60	61
contig_320_22R2S1G-4	2801	1042529	60	61
contig_321_22R2S1G-4	3162	1045399	60	61
contig_322_22R2S1G-4	3248	1048636	60	61
contig_323_22R2S1G-4	3015	1051961	60	61
contig_324_22R2S1G-4	5139	1055049	60	61
contig_325_22R2S1G-4	2598	1060296	60	61
contig_326_22R2S1G-4	2777	1062960	60	61
contig_327_22R2S1G-4	4630	1065806	60	61
contig_328_22R2S1G-4	2424	1070536	60	61
contig_329_22R2S1G-4	4710	1073023	60	61
contig_33_22R2S1G-4	5732	1077833	60	61
contig_330_22R2S1G-4	3508	1083683	60	61
contig_331_22R2S1G-4	3192	1087272	60	61
contig_332_22R2S1G-4	2350	1090540	60	61
contig_333_22R2S1G-4	2889	1092952	60	61
contig_334_22R2S1G-4	3274	1095912	60	61
contig_335_22R2S1G-4	4455	1099263	60	61
contig_336_22R2S1G-4	4868	1103815	60	61
contig_337_22R2S1G-4	4647	1108787	60	61
contig_338_22R2S1G-4	6261	1113534	60	61
contig_339_22R2S1G-4	14423	1119922	60	61
contig_34_22R2S1G-4	5909	1134607	60	61
contig_340_22R2S1G-4	6991	1140637	60	61
contig_341_22R2S1G-4	4440	1147767	60	61
contig_342_22R2S1G-4	2646	1152303	60	61
contig_343_22R2S1G-4	3092	1155016	60	61
contig_344_22R2S1G-4	5852	1158182	60	61
contig_345_22R2S1G-4	2435	1164154	60	61
contig_346_22R2S1G-4	15802	1166652	60	61
contig_347_22R2S1G-4	2416	1182740	60	61
contig_348_22R2S1G-4	2537	1185219	60	61
contig_349_22R2S1G-4	2195	1187821	60	61
contig_35_22R2S1G-4	3713	1190074	60	61
contig_350_22R2S1G-4	2249	1193871	60	61
contig_351_22R2S1G-4	6810	1196180	60	61
contig_352_22R2S1G-4	4552	1203126	60	61
contig_353_22R2S1G-4	2710	1207776	60	61
contig_354_22R2S1G-4	2579	1210554	60	61
contig_355_22R2S1G-4	6013	1213198	60	61
contig_356_22R2S1G-4	7552	1219334	60	61
contig_357_22R2S1G-4	4860	1227034	60	61
contig_358_22R2S1G-4	5511	1231997	60	61
contig_359_22R2S1G-4	7721	1237622	60	61
contig_36_22R2S1G-4	11118	1245493	60	61
contig_37_22R2S1G-4	6889	1256818	60	61
contig_38_22R2S1G-4	21376	1263843	60	61
contig_39_22R2S1G-4	7565	1285597	60	61
contig_4_22R2S1G-4	4934	1293309	60	61
contig_40_22R2S1G-4	2569	1298347	60	61
contig_41_22R2S1G-4	4277	1300980	60	61
contig_42_22R2S1G-4	3383	1305350	60	61
contig_43_22R2S1G-4	2613	1308811	60	61
contig_44_22R2S1G-4	8186	1311489	60	61
contig_45_22R2S1G-4	2396	1319833	60	61
contig_46_22R2S1G-4	4184	1322290	60	61
contig_47_22R2S1G-4	2405	1326565	60	61
contig_48_22R2S1G-4	2597	1329032	60	61
contig_49_22R2S1G-4	2226	1331694	60	61
contig_5_22R2S1G-4	6191	1333978	60	61
contig_50_22R2S1G-4	2546	1340294	60	61
contig_51_22R2S1G-4	3018	1342904	60	61
contig_52_22R2S1G-4	4198	1345994	60	61
contig_53_22R2S1G-4	3922	1350283	60	61
contig_54_22R2S1G-4	7336	1354292	60	61
contig_55_22R2S1G-4	2442	1361772	60	61
contig_56_22R2S1G-4	2269	1364276	60	61
contig_57_22R2S1G-4	8582	1366604	60	61
contig_58_22R2S1G-4	3863	1375351	60	61
contig_59_22R2S1G-4	2595	1379300	60	61
contig_6_22R2S1G-4	4311	1381959	60	61
contig_60_22R2S1G-4	4066	1386363	60	61
contig_61_22R2S1G-4	9769	1390518	60	61
contig_62_22R2S1G-4	3523	1400471	60	61
contig_63_22R2S1G-4	13877	1404074	60	61
contig_64_22R2S1G-4	20767	1418204	60	61
contig_65_22R2S1G-4	6615	1439339	60	61
contig_66_22R2S1G-4	5552	1446086	60	61
contig_67_22R2S1G-4	2326	1451752	60	61
contig_68_22R2S1G-4	2223	1454138	60	61
contig_69_22R2S1G-4	2339	1456420	60	61
contig_7_22R2S1G-4	5055	1458818	60	61
contig_70_22R2S1G-4	9153	1463979	60	61
contig_71_22R2S1G-4	6186	1473306	60	61
contig_72_22R2S1G-4	2372	1479617	60	61
contig_73_22R2S1G-4	3031	1482050	60	61
contig_74_22R2S1G-4	5665	1485153	60	61
contig_75_22R2S1G-4	11645	1490934	60	61
contig_76_22R2S1G-4	3230	1502795	60	61
contig_77_22R2S1G-4	13759	1506100	60	61
contig_78_22R2S1G-4	4240	1520110	60	61
contig_79_22R2S1G-4	3780	1524442	60	61
contig_8_22R2S1G-4	2246	1528305	60	61
contig_80_22R2S1G-4	4551	1530610	60	61
contig_81_22R2S1G-4	4242	1535258	60	61
contig_82_22R2S1G-4	2366	1539592	60	61
contig_83_22R2S1G-4	3104	1542019	60	61
contig_84_22R2S1G-4	4729	1545196	60	61
contig_85_22R2S1G-4	2286	1550025	60	61
contig_86_22R2S1G-4	7027	1552371	60	61
contig_87_22R2S1G-4	2649	1559537	60	61
contig_88_22R2S1G-4	2611	1562252	60	61
contig_89_22R2S1G-4	5528	1564928	60	61
contig_9_22R2S1G-4	9056	1570569	60	61
contig_90_22R2S1G-4	2334	1579797	60	61
contig_91_22R2S1G-4	4079	1582191	60	61
contig_92_22R2S1G-4	2307	1586359	60	61
contig_93_22R2S1G-4	2427	1588726	60	61
contig_94_22R2S1G-4	7593	1591215	60	61
contig_95_22R2S1G-4	2386	1598956	60	61
contig_96_22R2S1G-4	3259	1601403	60	61
contig_97_22R2S1G-4	6444	1604738	60	61
contig_98_22R2S1G-4	2322	1611311	60	61
contig_99_22R2S1G-4	2850	1613693	60	61
contig_1_22R2S1G-5	3270	20	60	61
contig_10_22R2S1G-5	3888	3366	60	61
contig_100_22R2S1G-5	2627	7341	60	61
contig_101_22R2S1G-5	7147	10034	60	61
contig_102_22R2S1G-5	10933	17323	60	61
contig_103_22R2S1G-5	4409	28461	60	61
contig_104_22R2S1G-5	19582	32966	60	61
contig_105_22R2S1G-5	5469	52897	60	61
contig_106_22R2S1G-5	4305	58480	60	61
contig_107_22R2S1G-5	2469	62879	60	61
contig_108_22R2S1G-5	8404	65412	60	61
contig_109_22R2S1G-5	12305	73979	60	61
contig_11_22R2S1G-5	5016	86511	60	61
contig_110_22R2S1G-5	21240	91633	60	61
contig_111_22R2S1G-5	5421	113249	60	61
contig_112_22R2S1G-5	6705	118783	60	61
contig_113_22R2S1G-5	2263	125622	60	61
contig_114_22R2S1G-5	9500	127945	60	61
contig_115_22R2S1G-5	14371	137626	60	61
contig_116_22R2S1G-5	14212	152259	60	61
contig_117_22R2S1G-5	11014	166730	60	61
contig_118_22R2S1G-5	4461	177950	60	61
contig_119_22R2S1G-5	5326	182508	60	61
contig_12_22R2S1G-5	4692	187944	60	61
contig_120_22R2S1G-5	31642	192737	60	61
contig_121_22R2S1G-5	17203	224929	60	61
contig_122_22R2S1G-5	12827	242441	60	61
contig_123_22R2S1G-5	13771	255504	60	61
contig_124_22R2S1G-5	4461	269527	60	61
contig_125_22R2S1G-5	8007	274085	60	61
contig_126_22R2S1G-5	2543	282248	60	61
contig_127_22R2S1G-5	2598	284856	60	61
contig_128_22R2S1G-5	11016	287520	60	61
contig_129_22R2S1G-5	17716	298742	60	61
contig_13_22R2S1G-5	26934	316775	60	61
contig_130_22R2S1G-5	3190	344180	60	61
contig_131_22R2S1G-5	48697	347446	60	61
contig_132_22R2S1G-5	2749	396977	60	61
contig_133_22R2S1G-5	21710	399794	60	61
contig_134_22R2S1G-5	2690	421888	60	61
contig_135_22R2S1G-5	27109	424645	60	61
contig_136_22R2S1G-5	3383	452228	60	61
contig_137_22R2S1G-5	11040	455690	60	61
contig_138_22R2S1G-5	2906	466936	60	61
contig_139_22R2S1G-5	4124	469913	60	61
contig_14_22R2S1G-5	30865	474127	60	61
contig_140_22R2S1G-5	2559	505529	60	61
contig_141_22R2S1G-5	3779	508153	60	61
contig_142_22R2S1G-5	2458	512017	60	61
contig_143_22R2S1G-5	5642	514538	60	61
contig_144_22R2S1G-5	27376	520297	60	61
contig_145_22R2S1G-5	20310	548152	60	61
contig_146_22R2S1G-5	3042	568823	60	61
contig_147_22R2S1G-5	14817	571938	60	61
contig_148_22R2S1G-5	9440	587024	60	61
contig_149_22R2S1G-5	2744	596644	60	61
contig_15_22R2S1G-5	14569	599455	60	61
contig_150_22R2S1G-5	3483	614289	60	61
contig_151_22R2S1G-5	4652	617853	60	61
contig_152_22R2S1G-5	22628	622605	60	61
contig_153_22R2S1G-5	4825	645633	60	61
contig_154_22R2S1G-5	5198	650561	60	61
contig_155_22R2S1G-5	7185	655868	60	61
contig_156_22R2S1G-5	4282	663195	60	61
contig_157_22R2S1G-5	2713	667571	60	61
contig_158_22R2S1G-5	6913	670352	60	61
contig_159_22R2S1G-5	9090	677403	60	61
contig_16_22R2S1G-5	29676	686666	60	61
contig_160_22R2S1G-5	11796	716859	60	61
contig_161_22R2S1G-5	5029	728874	60	61
contig_162_22R2S1G-5	7859	734009	60	61
contig_163_22R2S1G-5	7513	742021	60	61
contig_164_22R2S1G-5	22672	749682	60	61
contig_165_22R2S1G-5	5679	772754	60	61
contig_166_22R2S1G-5	4284	778550	60	61
contig_167_22R2S1G-5	2713	782928	60	61
contig_168_22R2S1G-5	13209	785709	60	61
contig_169_22R2S1G-5	2333	799161	60	61
contig_17_22R2S1G-5	2396	801554	60	61
contig_170_22R2S1G-5	21149	804012	60	61
contig_171_22R2S1G-5	2308	825536	60	61
contig_172_22R2S1G-5	5803	827905	60	61
contig_173_22R2S1G-5	9168	833827	60	61
contig_174_22R2S1G-5	7952	843170	60	61
contig_175_22R2S1G-5	6147	851277	60	61
contig_176_22R2S1G-5	6438	857549	60	61
contig_177_22R2S1G-5	9422	864117	60	61
contig_178_22R2S1G-5	4892	873719	60	61
contig_179_22R2S1G-5	14175	878715	60	61
contig_18_22R2S1G-5	5749	893148	60	61
contig_180_22R2S1G-5	12232	899015	60	61
contig_181_22R2S1G-5	14372	911473	60	61
contig_182_22R2S1G-5	8882	926107	60	61
contig_183_22R2S1G-5	13297	935160	60	61
contig_184_22R2S1G-5	13119	948701	60	61
contig_185_22R2S1G-5	7777	962061	60	61
contig_186_22R2S1G-5	5378	969990	60	61
contig_187_22R2S1G-5	2370	975480	60	61
contig_188_22R2S1G-5	5805	977912	60	61
contig_189_22R2S1G-5	4568	983836	60	61
contig_19_22R2S1G-5	15820	988502	60	61
contig_190_22R2S1G-5	5013	1004608	60	61
contig_191_22R2S1G-5	31648	1009727	60	61
contig_192_22R2S1G-5	2510	1041925	60	61
contig_193_22R2S1G-5	5411	1044499	60	61
contig_194_22R2S1G-5	4035	1050023	60	61
contig_195_22R2S1G-5	2444	1054148	60	61
contig_196_22R2S1G-5	12563	1056655	60	61
contig_197_22R2S1G-5	2322	1069450	60	61
contig_198_22R2S1G-5	18724	1071833	60	61
contig_199_22R2S1G-5	2300	1090892	60	61
contig_2_22R2S1G-5	17001	1093251	60	61
contig_20_22R2S1G-5	7141	1110557	60	61
contig_200_22R2S1G-5	6646	1117840	60	61
contig_201_22R2S1G-5	2320	1124619	60	61
contig_202_22R2S1G-5	5831	1127000	60	61
contig_203_22R2S1G-5	2577	1132951	60	61
contig_204_22R2S1G-5	5459	1135593	60	61
contig_205_22R2S1G-5	16176	1141165	60	61
contig_206_22R2S1G-5	4492	1157633	60	61
contig_207_22R2S1G-5	5635	1162222	60	61
contig_208_22R2S1G-5	9767	1167973	60	61
contig_209_22R2S1G-5	6468	1177925	60	61
contig_21_22R2S1G-5	19863	1184522	60	61
contig_210_22R2S1G-5	2466	1204739	60	61
contig_211_22R2S1G-5	2250	1207269	60	61
contig_212_22R2S1G-5	6631	1209579	60	61
contig_213_22R2S1G-5	3109	1216343	60	61
contig_214_22R2S1G-5	7120	1219526	60	61
contig_215_22R2S1G-5	2220	1226787	60	61
contig_216_22R2S1G-5	5491	1229066	60	61
contig_217_22R2S1G-5	10486	1234671	60	61
contig_218_22R2S1G-5	3522	1245354	60	61
contig_219_22R2S1G-5	2717	1248957	60	61
contig_22_22R2S1G-5	21942	1251741	60	61
contig_220_22R2S1G-5	16223	1274071	60	61
contig_221_22R2S1G-5	14921	1290587	60	61
contig_222_22R2S1G-5	2668	1305779	60	61
contig_223_22R2S1G-5	2755	1308514	60	61
contig_224_22R2S1G-5	9647	1311337	60	61
contig_225_22R2S1G-5	2372	1321167	60	61
contig_226_22R2S1G-5	6057	1323601	60	61
contig_227_22R2S1G-5	5324	1329781	60	61
contig_228_22R2S1G-5	2496	1335216	60	61
contig_229_22R2S1G-5	3393	1337776	60	61
contig_23_22R2S1G-5	14996	1341247	60	61
contig_230_22R2S1G-5	3303	1356515	60	61
contig_231_22R2S1G-5	20848	1359896	60	61
contig_232_22R2S1G-5	20534	1381114	60	61
contig_233_22R2S1G-5	14934	1402013	60	61
contig_234_22R2S1G-5	10059	1417218	60	61
contig_235_22R2S1G-5	24557	1427467	60	61
contig_236_22R2S1G-5	13290	1452456	60	61
contig_237_22R2S1G-5	12934	1465990	60	61
contig_238_22R2S1G-5	5824	1479162	60	61
contig_239_22R2S1G-5	6065	1485106	60	61
contig_24_22R2S1G-5	7319	1491294	60	61
contig_240_22R2S1G-5	4583	1498757	60	61
contig_241_22R2S1G-5	19513	1503439	60	61
contig_242_22R2S1G-5	7237	1523300	60	61
contig_243_22R2S1G-5	8952	1530680	60	61
contig_244_22R2S1G-5	15433	1539804	60	61
contig_245_22R2S1G-5	13883	1555517	60	61
contig_246_22R2S1G-5	2572	1569654	60	61
contig_247_22R2S1G-5	40042	1572291	60	61
contig_248_22R2S1G-5	8195	1613023	60	61
contig_249_22R2S1G-5	16538	1621377	60	61
contig_25_22R2S1G-5	4708	1638212	60	61
contig_250_22R2S1G-5	4135	1643021	60	61
contig_251_22R2S1G-5	20250	1647247	60	61
contig_252_22R2S1G-5	19765	1667857	60	61
contig_253_22R2S1G-5	48775	1687974	60	61
contig_254_22R2S1G-5	6006	1737584	60	61
contig_255_22R2S1G-5	5755	1743713	60	61
contig_256_22R2S1G-5	22957	1749586	60	61
contig_257_22R2S1G-5	5694	1772948	60	61
contig_258_22R2S1G-5	11286	1778759	60	61
contig_259_22R2S1G-5	7210	1790256	60	61
contig_26_22R2S1G-5	3802	1797608	60	61
contig_260_22R2S1G-5	5149	1801496	60	61
contig_261_22R2S1G-5	5529	1806753	60	61
contig_262_22R2S1G-5	26964	1812397	60	61
contig_263_22R2S1G-5	4590	1839833	60	61
contig_264_22R2S1G-5	2620	1844522	60	61
contig_265_22R2S1G-5	8653	1847208	60	61
contig_266_22R2S1G-5	14217	1856028	60	61
contig_267_22R2S1G-5	17266	1870504	60	61
contig_268_22R2S1G-5	32258	1888080	60	61
contig_269_22R2S1G-5	8378	1920898	60	61
contig_27_22R2S1G-5	6846	1929437	60	61
contig_270_22R2S1G-5	8985	1936420	60	61
contig_271_22R2S1G-5	22016	1945577	60	61
contig_272_22R2S1G-5	17116	1967982	60	61
contig_273_22R2S1G-5	23389	1985406	60	61
contig_274_22R2S1G-5	28425	2009207	60	61
contig_275_22R2S1G-5	20113	2038128	60	61
contig_276_22R2S1G-5	7280	2058599	60	61
contig_277_22R2S1G-5	26469	2066023	60	61
contig_278_22R2S1G-5	14709	2092956	60	61
contig_279_22R2S1G-5	10869	2107933	60	61
contig_28_22R2S1G-5	2393	2119005	60	61
contig_280_22R2S1G-5	31553	2121460	60	61
contig_281_22R2S1G-5	14613	2153561	60	61
contig_29_22R2S1G-5	11789	2168439	60	61
contig_3_22R2S1G-5	24269	2180445	60	61
contig_30_22R2S1G-5	29595	2205140	60	61
contig_31_22R2S1G-5	13896	2235250	60	61
contig_32_22R2S1G-5	6150	2249399	60	61
contig_33_22R2S1G-5	28007	2255673	60	61
contig_34_22R2S1G-5	4961	2284168	60	61
contig_35_22R2S1G-5	26035	2289233	60	61
contig_36_22R2S1G-5	2683	2315723	60	61
contig_37_22R2S1G-5	21682	2318472	60	61
contig_38_22R2S1G-5	2474	2340537	60	61
contig_39_22R2S1G-5	2450	2343074	60	61
contig_4_22R2S1G-5	527	2345585	60	61
contig_40_22R2S1G-5	13819	2346142	60	61
contig_41_22R2S1G-5	3538	2360213	60	61
contig_42_22R2S1G-5	14910	2363831	60	61
contig_43_22R2S1G-5	4625	2379011	60	61
contig_44_22R2S1G-5	15718	2383735	60	61
contig_45_22R2S1G-5	3028	2399736	60	61
contig_46_22R2S1G-5	3734	2402836	60	61
contig_47_22R2S1G-5	13000	2406654	60	61
contig_48_22R2S1G-5	26055	2419892	60	61
contig_49_22R2S1G-5	34646	2446403	60	61
contig_5_22R2S1G-5	24405	2481647	60	61
contig_50_22R2S1G-5	4443	2506480	60	61
contig_51_22R2S1G-5	8649	2511019	60	61
contig_52_22R2S1G-5	3980	2519834	60	61
contig_53_22R2S1G-5	16985	2523902	60	61
contig_54_22R2S1G-5	17380	2541192	60	61
contig_55_22R2S1G-5	10705	2558883	60	61
contig_56_22R2S1G-5	4868	2569788	60	61
contig_57_22R2S1G-5	4122	2574759	60	61
contig_58_22R2S1G-5	3213	2578971	60	61
contig_59_22R2S1G-5	6307	2582259	60	61
contig_6_22R2S1G-5	8450	2588692	60	61
contig_60_22R2S1G-5	17545	2597304	60	61
contig_61_22R2S1G-5	3030	2615163	60	61
contig_62_22R2S1G-5	9239	2618265	60	61
contig_63_22R2S1G-5	9227	2627679	60	61
contig_64_22R2S1G-5	9286	2637081	60	61
contig_65_22R2S1G-5	2561	2646543	60	61
contig_66_22R2S1G-5	5191	2649168	60	61
contig_67_22R2S1G-5	33505	2654467	60	61
contig_68_22R2S1G-5	21990	2688552	60	61
contig_69_22R2S1G-5	46133	2710930	60	61
contig_7_22R2S1G-5	12548	2757852	60	61
contig_70_22R2S1G-5	17339	2770631	60	61
contig_71_22R2S1G-5	3841	2788280	60	61
contig_72_22R2S1G-5	12912	2792207	60	61
contig_73_22R2S1G-5	11668	2805356	60	61
contig_74_22R2S1G-5	4738	2817240	60	61
contig_75_22R2S1G-5	2530	2822078	60	61
contig_76_22R2S1G-5	7194	2824672	60	61
contig_77_22R2S1G-5	2645	2832007	60	61
contig_78_22R2S1G-5	2231	2834718	60	61
contig_79_22R2S1G-5	10153	2837008	60	61
contig_8_22R2S1G-5	10280	2847351	60	61
contig_80_22R2S1G-5	2240	2857824	60	61
contig_81_22R2S1G-5	15966	2860123	60	61
contig_82_22R2S1G-5	19196	2876377	60	61
contig_83_22R2S1G-5	20136	2895914	60	61
contig_84_22R2S1G-5	3434	2916407	60	61
contig_85_22R2S1G-5	14482	2919920	60	61
contig_86_22R2S1G-5	18737	2934665	60	61
contig_87_22R2S1G-5	10914	2953736	60	61
contig_88_22R2S1G-5	2929	2964853	60	61
contig_89_22R2S1G-5	16149	2967852	60	61
contig_9_22R2S1G-5	21677	2984291	60	61
contig_90_22R2S1G-5	16135	3006351	60	61
contig_91_22R2S1G-5	3456	3022776	60	61
contig_92_22R2S1G-5	17144	3026311	60	61
contig_93_22R2S1G-5	2259	3043762	60	61
contig_94_22R2S1G-5	18737	3046080	60	61
contig_95_22R2S1G-5	4348	3065151	60	61
contig_96_22R2S1G-5	10577	3069593	60	61
contig_97_22R2S1G-5	18970	3080368	60	61
contig_98_22R2S1G-5	2770	3099676	60	61
contig_99_22R2S1G-5	4822	3102514	60	61
contig_1_22R3L9-1	8700	19	60	61
contig_10_22R3L9-1	26967	8884	60	61
contig_2_22R3L9-1	306733	36320	60	61
contig_3_22R3L9-1	2454362	348185	60	61
contig_4_22R3L9-1	73444	2843473	60	61
contig_5_22R3L9-1	2695	2918161	60	61
contig_6_22R3L9-1	583407	2920920	60	61
contig_7_22R3L9-1	296553	3514070	60	61
contig_8_22R3L9-1	242098	3815585	60	61
contig_9_22R3L9-1	69383	4061737	60	61
contig_1_22R3L9-2	4164327	19	60	61
contig_2_22R3L9-2	9909	4233771	60	61
contig_1_22R3L9-3	4228142	19	60	61
contig_2_22R3L9-3	158964	4298650	60	61
contig_1_22R3L9-4	4795	19	60	61
contig_1_22R3NFb-1	6041	20	60	61
contig_10_22R3NFb-1	19511	6183	60	61
contig_11_22R3NFb-1	30600	26041	60	61
contig_12_22R3NFb-1	111507	57172	60	61
contig_13_22R3NFb-1	40197	170559	60	61
contig_14_22R3NFb-1	95411	211447	60	61
contig_15_22R3NFb-1	59190	308470	60	61
contig_16_22R3NFb-1	75052	368668	60	61
contig_17_22R3NFb-1	34623	444992	60	61
contig_18_22R3NFb-1	45963	480214	60	61
contig_19_22R3NFb-1	85255	526965	60	61
contig_2_22R3NFb-1	78244	613661	60	61
contig_20_22R3NFb-1	50140	693231	60	61
contig_21_22R3NFb-1	20244	744228	60	61
contig_22_22R3NFb-1	72815	764831	60	61
contig_23_22R3NFb-1	4617	838881	60	61
contig_24_22R3NFb-1	49151	843596	60	61
contig_25_22R3NFb-1	7516	893588	60	61
contig_26_22R3NFb-1	147106	901251	60	61
contig_27_22R3NFb-1	342887	1050830	60	61
contig_28_22R3NFb-1	41169	1399453	60	61
contig_29_22R3NFb-1	138512	1441330	60	61
contig_3_22R3NFb-1	45575	1582171	60	61
contig_30_22R3NFb-1	240027	1628527	60	61
contig_31_22R3NFb-1	242864	1872576	60	61
contig_32_22R3NFb-1	222572	2119509	60	61
contig_33_22R3NFb-1	63119	2345812	60	61
contig_34_22R3NFb-1	87426	2410004	60	61
contig_35_22R3NFb-1	163561	2498909	60	61
contig_36_22R3NFb-1	109582	2665218	60	61
contig_37_22R3NFb-1	93892	2776648	60	61
contig_38_22R3NFb-1	61646	2872126	60	61
contig_4_22R3NFb-1	30579	2934820	60	61
contig_5_22R3NFb-1	6351	2965929	60	61
contig_6_22R3NFb-1	158072	2972406	60	61
contig_7_22R3NFb-1	34115	3133133	60	61
contig_8_22R3NFb-1	43970	3167837	60	61
contig_9_22R3NFb-1	32419	3212560	60	61
contig_1_22R3NFb-2	437548	20	60	61
contig_10_22R3NFb-2	22161	444882	60	61
contig_11_22R3NFb-2	808611	467434	60	61
contig_12_22R3NFb-2	767244	1289543	60	61
contig_13_22R3NFb-2	106656	2069596	60	61
contig_14_22R3NFb-2	35420	2178051	60	61
contig_2_22R3NFb-2	392364	2214082	60	61
contig_3_22R3NFb-2	81240	2613006	60	61
contig_4_22R3NFb-2	16570	2695620	60	61
contig_5_22R3NFb-2	147702	2712487	60	61
contig_6_22R3NFb-2	146150	2862671	60	61
contig_7_22R3NFb-2	35254	3011277	60	61
contig_8_22R3NFb-2	271286	3047139	60	61
contig_9_22R3NFb-2	466524	3322967	60	61
contig_1_22R3NFb-3	3711705	20	60	61
contig_3_22R3PE-13	4202137	20	60	61
contig_4_22R3PE-13	258540	4272213	60	61
contig_5_22R3PE-13	31338	4535082	60	61
contig_1_22R3PE-16	152939	20	60	61
contig_10_22R3PE-16	27276	155529	60	61
contig_100_22R3PE-16	31625	183282	60	61
contig_101_22R3PE-16	6638	215457	60	61
contig_102_22R3PE-16	53207	222228	60	61
contig_103_22R3PE-16	43981	276344	60	61
contig_11_22R3PE-16	8805	321080	60	61
contig_12_22R3PE-16	17867	330053	60	61
contig_13_22R3PE-16	9759	348239	60	61
contig_14_22R3PE-16	33688	358182	60	61
contig_15_22R3PE-16	28951	392453	60	61
contig_16_22R3PE-16	11004	421908	60	61
contig_17_22R3PE-16	11456	433117	60	61
contig_18_22R3PE-16	32451	444785	60	61
contig_19_22R3PE-16	17727	477798	60	61
contig_2_22R3PE-16	30455	495841	60	61
contig_20_22R3PE-16	64943	526825	60	61
contig_21_22R3PE-16	18039	592872	60	61
contig_22_22R3PE-16	19871	611233	60	61
contig_23_22R3PE-16	15790	631457	60	61
contig_24_22R3PE-16	10657	647532	60	61
contig_25_22R3PE-16	29513	658388	60	61
contig_26_22R3PE-16	7795	688414	60	61
contig_27_22R3PE-16	43294	696360	60	61
contig_28_22R3PE-16	25611	740397	60	61
contig_29_22R3PE-16	25720	766456	60	61
contig_3_22R3PE-16	56204	792625	60	61
contig_30_22R3PE-16	10992	849787	60	61
contig_31_22R3PE-16	13332	860984	60	61
contig_32_22R3PE-16	28433	874560	60	61
contig_33_22R3PE-16	23969	903488	60	61
contig_34_22R3PE-16	12331	927878	60	61
contig_35_22R3PE-16	11248	940436	60	61
contig_36_22R3PE-16	39082	951893	60	61
contig_37_22R3PE-16	99472	991648	60	61
contig_38_22R3PE-16	9239	1092799	60	61
contig_39_22R3PE-16	15927	1102213	60	61
contig_4_22R3PE-16	35164	1118426	60	61
contig_40_22R3PE-16	51271	1154198	60	61
contig_41_22R3PE-16	32128	1206345	60	61
contig_42_22R3PE-16	30056	1239030	60	61
contig_43_22R3PE-16	28557	1269608	60	61
contig_44_22R3PE-16	3695	1298662	60	61
contig_45_22R3PE-16	23938	1302440	60	61
contig_46_22R3PE-16	22162	1326798	60	61
contig_47_22R3PE-16	14361	1349351	60	61
contig_48_22R3PE-16	16597	1363973	60	61
contig_49_22R3PE-16	10254	1380868	60	61
contig_5_22R3PE-16	36797	1391313	60	61
contig_50_22R3PE-16	4883	1428745	60	61
contig_51_22R3PE-16	13355	1433731	60	61
contig_52_22R3PE-16	7726	1447330	60	61
contig_53_22R3PE-16	100370	1455206	60	61
contig_54_22R3PE-16	120220	1557270	60	61
contig_55_22R3PE-16	76183	1679515	60	61
contig_56_22R3PE-16	125167	1756989	60	61
contig_57_22R3PE-16	43774	1884264	60	61
contig_58_22R3PE-16	37741	1928789	60	61
contig_59_22R3PE-16	23294	1967181	60	61
contig_6_22R3PE-16	26481	1990884	60	61
contig_60_22R3PE-16	48013	2017828	60	61
contig_61_22R3PE-16	36474	2066663	60	61
contig_62_22R3PE-16	38398	2103766	60	61
contig_63_22R3PE-16	46851	2142825	60	61
contig_64_22R3PE-16	31339	2190478	60	61
contig_65_22R3PE-16	23510	2222361	60	61
contig_66_22R3PE-16	20432	2246284	60	61
contig_67_22R3PE-16	22417	2267078	60	61
contig_68_22R3PE-16	46920	2289890	60	61
contig_69_22R3PE-16	105037	2337613	60	61
contig_7_22R3PE-16	3948	2444421	60	61
contig_70_22R3PE-16	43072	2448456	60	61
contig_71_22R3PE-16	19387	2492267	60	61
contig_72_22R3PE-16	20249	2511999	60	61
contig_73_22R3PE-16	49032	2532607	60	61
contig_74_22R3PE-16	66976	2582478	60	61
contig_75_22R3PE-16	57255	2650592	60	61
contig_76_22R3PE-16	37992	2708823	60	61
contig_77_22R3PE-16	48512	2747470	60	61
contig_78_22R3PE-16	39763	2796812	60	61
contig_79_22R3PE-16	48302	2837259	60	61
contig_8_22R3PE-16	47133	2886387	60	61
contig_80_22R3PE-16	32710	2934327	60	61
contig_81_22R3PE-16	102211	2967604	60	61
contig_82_22R3PE-16	49452	3071540	60	61
contig_83_22R3PE-16	6814	3121838	60	61
contig_84_22R3PE-16	46910	3128787	60	61
contig_85_22R3PE-16	25945	3176500	60	61
contig_86_22R3PE-16	39022	3202899	60	61
contig_87_22R3PE-16	50035	3242593	60	61
contig_88_22R3PE-16	6946	3293483	60	61
contig_89_22R3PE-16	31313	3300566	60	61
contig_9_22R3PE-16	57041	3332421	60	61
contig_90_22R3PE-16	28371	3390434	60	61
contig_91_22R3PE-16	32500	3419299	60	61
contig_92_22R3PE-16	50293	3452362	60	61
contig_93_22R3PE-16	59876	3503515	60	61
contig_94_22R3PE-16	26818	3564410	60	61
contig_95_22R3PE-16	39840	3591696	60	61
contig_96_22R3PE-16	39005	3632221	60	61
contig_97_22R3PE-16	11842	3671898	60	61
contig_98_22R3PE-16	130271	3683959	60	61
contig_99_22R3PE-16	10104	3816423	60	61
contig_1_22R3PE-1	18258	19	60	61
contig_10_22R3PE-1	11081	18602	60	61
contig_11_22R3PE-1	3402	29888	60	61
contig_12_22R3PE-1	21823	33367	60	61
contig_13_22R3PE-1	30649	55574	60	61
contig_14_22R3PE-1	5336	86754	60	61
contig_15_22R3PE-1	4042	92199	60	61
contig_16_22R3PE-1	2250	96329	60	61
contig_17_22R3PE-1	16136	98637	60	61
contig_18_22R3PE-1	22143	115062	60	61
contig_19_22R3PE-1	27483	137595	60	61
contig_2_22R3PE-1	30196	165556	60	61
contig_20_22R3PE-1	5114	196276	60	61
contig_21_22R3PE-1	17611	201496	60	61
contig_22_22R3PE-1	7418	219421	60	61
contig_23_22R3PE-1	15900	226983	60	61
contig_24_22R3PE-1	5454	243168	60	61
contig_25_22R3PE-1	10965	248733	60	61
contig_26_22R3PE-1	8523	259901	60	61
contig_27_22R3PE-1	7843	268587	60	61
contig_28_22R3PE-1	23874	276581	60	61
contig_29_22R3PE-1	15198	300873	60	61
contig_3_22R3PE-1	11750	316344	60	61
contig_30_22R3PE-1	61892	328310	60	61
contig_31_22R3PE-1	30349	391254	60	61
contig_32_22R3PE-1	5421	422129	60	61
contig_33_22R3PE-1	8552	427661	60	61
contig_34_22R3PE-1	7589	436376	60	61
contig_35_22R3PE-1	17530	444112	60	61
contig_36_22R3PE-1	16950	461955	60	61
contig_37_22R3PE-1	3571	479208	60	61
contig_38_22R3PE-1	8471	482859	60	61
contig_4_22R3PE-1	8813	491491	60	61
contig_5_22R3PE-1	20836	500470	60	61
contig_6_22R3PE-1	12473	521673	60	61
contig_7_22R3PE-1	3138	534373	60	61
contig_8_22R3PE-1	6228	537583	60	61
contig_9_22R3PE-1	6566	543934	60	61
contig_1_22R3PE-2	19847	19	60	61
contig_2_22R3PE-2	3472	20216	60	61
contig_3_22R3PE-2	28547	23765	60	61
contig_4_22R3PE-2	12946	52807	60	61
contig_1_22R3PE-5	31310	19	60	61
contig_10_22R3PE-5	10025	31871	60	61
contig_11_22R3PE-5	557920	42084	60	61
contig_12_22R3PE-5	37619	609323	60	61
contig_13_22R3PE-5	73574	647589	60	61
contig_14_22R3PE-5	46256	722410	60	61
contig_15_22R3PE-5	71375	769457	60	61
contig_18_22R3PE-5	155712	842042	60	61
contig_19_22R3PE-5	82887	1000370	60	61
contig_2_22R3PE-5	350594	1084658	60	61
contig_20_22R3PE-5	79895	1441116	60	61
contig_21_22R3PE-5	102290	1522363	60	61
contig_23_22R3PE-5	227240	1626378	60	61
contig_25_22R3PE-5	55704	1857426	60	61
contig_26_22R3PE-5	28131	1914079	60	61
contig_27_22R3PE-5	38124	1942699	60	61
contig_28_22R3PE-5	106922	1981479	60	61
contig_29_22R3PE-5	78387	2090204	60	61
contig_3_22R3PE-5	131668	2169917	60	61
contig_30_22R3PE-5	131324	2303800	60	61
contig_31_22R3PE-5	2905	2437333	60	61
contig_32_22R3PE-5	19576	2440307	60	61
contig_33_22R3PE-5	95124	2460230	60	61
contig_34_22R3PE-5	81927	2556960	60	61
contig_35_22R3PE-5	39115	2640273	60	61
contig_36_22R3PE-5	32255	2680060	60	61
contig_37_22R3PE-5	8591	2712873	60	61
contig_38_22R3PE-5	29609	2721628	60	61
contig_39_22R3PE-5	8394	2751751	60	61
contig_4_22R3PE-5	357077	2760304	60	61
contig_40_22R3PE-5	6290	3123353	60	61
contig_41_22R3PE-5	3127	3129768	60	61
contig_42_22R3PE-5	6825	3132968	60	61
contig_43_22R3PE-5	69443	3139927	60	61
contig_44_22R3PE-5	253061	3210548	60	61
contig_45_22R3PE-5	54097	3467847	60	61
contig_46_22R3PE-5	334419	3522866	60	61
contig_47_22R3PE-5	73101	3862879	60	61
contig_48_22R3PE-5	87969	3937219	60	61
contig_5_22R3PE-5	14875	4026674	60	61
contig_6_22R3PE-5	8455	4041816	60	61
contig_7_22R3PE-5	280029	4050431	60	61
contig_8_22R3PE-5	17649	4335147	60	61
contig_9_22R3PE-5	370943	4353110	60	61
contig_1_22R3PE-6	3428882	19	60	61
contig_4_22R3PE-6	615891	3486069	60	61
contig_5_22R3PE-6	41230	4112244	60	61
contig_6_22R3PE-6	93789	4154181	60	61
contig_7_22R3PE-6	157156	4249553	60	61
contig_8_22R3PE-6	131136	4409348	60	61
contig_9_22R3PE-6	497787	4542689	60	61
contig_1_22R3PE-7	16325	19	60	61
contig_100_22R3PE-7	27642	16638	60	61
contig_101_22R3PE-7	48600	44762	60	61
contig_102_22R3PE-7	33692	94193	60	61
contig_103_22R3PE-7	10571	128468	60	61
contig_104_22R3PE-7	23628	139237	60	61
contig_105_22R3PE-7	15834	163280	60	61
contig_106_22R3PE-7	31980	179399	60	61
contig_107_22R3PE-7	39339	211933	60	61
contig_108_22R3PE-7	74089	251949	60	61
contig_109_22R3PE-7	4031	327294	60	61
contig_110_22R3PE-7	78868	331414	60	61
contig_111_22R3PE-7	15891	411618	60	61
contig_112_22R3PE-7	41521	427795	60	61
contig_113_22R3PE-7	39404	470030	60	61
contig_114_22R3PE-7	42377	510112	60	61
contig_115_22R3PE-7	7414	553217	60	61
contig_116_22R3PE-7	23855	560776	60	61
contig_117_22R3PE-7	88776	585050	60	61
contig_118_22R3PE-7	67820	675327	60	61
contig_119_22R3PE-7	51609	744299	60	61
contig_12_22R3PE-7	35877	796789	60	61
contig_120_22R3PE-7	11196	833285	60	61
contig_121_22R3PE-7	40512	844689	60	61
contig_122_22R3PE-7	35182	885898	60	61
contig_123_22R3PE-7	19220	921688	60	61
contig_124_22R3PE-7	24526	941250	60	61
contig_125_22R3PE-7	35451	966206	60	61
contig_126_22R3PE-7	16478	1002269	60	61
contig_127_22R3PE-7	83570	1019043	60	61
contig_13_22R3PE-7	20979	1104026	60	61
contig_14_22R3PE-7	13171	1125375	60	61
contig_15_22R3PE-7	31694	1138786	60	61
contig_16_22R3PE-7	29532	1171029	60	61
contig_17_22R3PE-7	61838	1201074	60	61
contig_18_22R3PE-7	42140	1263963	60	61
contig_19_22R3PE-7	10486	1306826	60	61
contig_2_22R3PE-7	61723	1317506	60	61
contig_20_22R3PE-7	35343	1380278	60	61
contig_21_22R3PE-7	18673	1416231	60	61
contig_22_22R3PE-7	11547	1435236	60	61
contig_23_22R3PE-7	101675	1446996	60	61
contig_26_22R3PE-7	70561	1550386	60	61
contig_27_22R3PE-7	14846	1622144	60	61
contig_28_22R3PE-7	28103	1637258	60	61
contig_29_22R3PE-7	26974	1665850	60	61
contig_3_22R3PE-7	55047	1693293	60	61
contig_30_22R3PE-7	12103	1749278	60	61
contig_31_22R3PE-7	23744	1761603	60	61
contig_32_22R3PE-7	4263	1785763	60	61
contig_33_22R3PE-7	101808	1790118	60	61
contig_34_22R3PE-7	35278	1893643	60	61
contig_35_22R3PE-7	16448	1929529	60	61
contig_36_22R3PE-7	20334	1946272	60	61
contig_37_22R3PE-7	20961	1966965	60	61
contig_38_22R3PE-7	37628	1988296	60	61
contig_39_22R3PE-7	8378	2026572	60	61
contig_4_22R3PE-7	23219	2035109	60	61
contig_40_22R3PE-7	10187	2058735	60	61
contig_41_22R3PE-7	8972	2069112	60	61
contig_42_22R3PE-7	122629	2078254	60	61
contig_43_22R3PE-7	15055	2202947	60	61
contig_44_22R3PE-7	60298	2218273	60	61
contig_45_22R3PE-7	12403	2279596	60	61
contig_46_22R3PE-7	22835	2292226	60	61
contig_47_22R3PE-7	15679	2315462	60	61
contig_48_22R3PE-7	34349	2331423	60	61
contig_49_22R3PE-7	8244	2366365	60	61
contig_5_22R3PE-7	3381	2374766	60	61
contig_50_22R3PE-7	31380	2378224	60	61
contig_51_22R3PE-7	64749	2410147	60	61
contig_52_22R3PE-7	28257	2475996	60	61
contig_53_22R3PE-7	2589	2504744	60	61
contig_54_22R3PE-7	33191	2507397	60	61
contig_55_22R3PE-7	3564	2541162	60	61
contig_56_22R3PE-7	141927	2544806	60	61
contig_57_22R3PE-7	16805	2689119	60	61
contig_58_22R3PE-7	18119	2706225	60	61
contig_59_22R3PE-7	26500	2724666	60	61
contig_6_22R3PE-7	17037	2751627	60	61
contig_60_22R3PE-7	41232	2768968	60	61
contig_61_22R3PE-7	26110	2810908	60	61
contig_62_22R3PE-7	30724	2837474	60	61
contig_63_22R3PE-7	28582	2868731	60	61
contig_64_22R3PE-7	29172	2897810	60	61
contig_65_22R3PE-7	91635	2927489	60	61
contig_66_22R3PE-7	57440	3020672	60	61
contig_67_22R3PE-7	44754	3079090	60	61
contig_68_22R3PE-7	62363	3124610	60	61
contig_69_22R3PE-7	39830	3188033	60	61
contig_7_22R3PE-7	69134	3228546	60	61
contig_70_22R3PE-7	87330	3298853	60	61
contig_71_22R3PE-7	15503	3387659	60	61
contig_72_22R3PE-7	107597	3403441	60	61
contig_73_22R3PE-7	10322	3512852	60	61
contig_74_22R3PE-7	22657	3523367	60	61
contig_75_22R3PE-7	55081	3546422	60	61
contig_76_22R3PE-7	49087	3602442	60	61
contig_77_22R3PE-7	84310	3652368	60	61
contig_78_22R3PE-7	20686	3738104	60	61
contig_79_22R3PE-7	38494	3759155	60	61
contig_80_22R3PE-7	79681	3798311	60	61
contig_81_22R3PE-7	33788	3879341	60	61
contig_82_22R3PE-7	59150	3913713	60	61
contig_83_22R3PE-7	24743	3973869	60	61
contig_84_22R3PE-7	48809	3999045	60	61
contig_85_22R3PE-7	42051	4048688	60	61
contig_86_22R3PE-7	5493	4091460	60	61
contig_87_22R3PE-7	32886	4097065	60	61
contig_88_22R3PE-7	20631	4130520	60	61
contig_89_22R3PE-7	11724	4151515	60	61
contig_90_22R3PE-7	78922	4163455	60	61
contig_91_22R3PE-7	36777	4243713	60	61
contig_92_22R3PE-7	22126	4281123	60	61
contig_93_22R3PE-7	24087	4303638	60	61
contig_94_22R3PE-7	80303	4328147	60	61
contig_95_22R3PE-7	14772	4409809	60	61
contig_96_22R3PE-7	103931	4424848	60	61
contig_97_22R3PE-7	25209	4530532	60	61
contig_98_22R3PE-7	16740	4556182	60	61
contig_99_22R3PE-7	11992	4573221	60	61
contig_1_22R3PE-8	1797666	19	60	61
contig_2_22R3PE-8	3587566	1827666	60	61
contig_3_22R3PE-8	31059	5475044	60	61
contig_4_22R3PE-8	73158	5506640	60	61
contig_5_22R3PE-8	8501	5581037	60	61
contig_3_22R3PE-9	3392901	19	60	61
contig_1_22R3R2A-10	3382	21	60	61
contig_10_22R3R2A-10	12126	3482	60	61
contig_11_22R3R2A-10	2355	15833	60	61
contig_12_22R3R2A-10	19188	18250	60	61
contig_13_22R3R2A-10	5883	37780	60	61
contig_2_22R3R2A-10	19935	43783	60	61
contig_3_22R3R2A-10	9056	64072	60	61
contig_4_22R3R2A-10	2581	73300	60	61
contig_5_22R3R2A-10	40166	75946	60	61
contig_6_22R3R2A-10	17379	116803	60	61
contig_7_22R3R2A-10	2293	134493	60	61
contig_8_22R3R2A-10	21644	136846	60	61
contig_9_22R3R2A-10	4883	158872	60	61
contig_1_22R3R2A-1	3496100	20	60	61
contig_1_22R3R2A-2	4248	20	60	61
contig_10_22R3R2A-2	6252	4360	60	61
contig_11_22R3R2A-2	14180	10738	60	61
contig_12_22R3R2A-2	6817	25176	60	61
contig_13_22R3R2A-2	16490	32128	60	61
contig_14_22R3R2A-2	2558	48914	60	61
contig_15_22R3R2A-2	5969	51536	60	61
contig_16_22R3R2A-2	2632	57626	60	61
contig_17_22R3R2A-2	2675	60323	60	61
contig_18_22R3R2A-2	6697	63064	60	61
contig_19_22R3R2A-2	12456	69894	60	61
contig_2_22R3R2A-2	2508	82578	60	61
contig_20_22R3R2A-2	3572	85149	60	61
contig_21_22R3R2A-2	23842	88802	60	61
contig_22_22R3R2A-2	7942	113063	60	61
contig_23_22R3R2A-2	5871	121159	60	61
contig_24_22R3R2A-2	12769	127149	60	61
contig_25_22R3R2A-2	7671	140152	60	61
contig_26_22R3R2A-2	5540	147972	60	61
contig_27_22R3R2A-2	3030	153626	60	61
contig_28_22R3R2A-2	2923	156728	60	61
contig_29_22R3R2A-2	2367	159721	60	61
contig_3_22R3R2A-2	20254	162148	60	61
contig_30_22R3R2A-2	5907	182761	60	61
contig_31_22R3R2A-2	8010	188788	60	61
contig_32_22R3R2A-2	27475	196953	60	61
contig_33_22R3R2A-2	2354	224907	60	61
contig_34_22R3R2A-2	9694	227322	60	61
contig_35_22R3R2A-2	2763	237199	60	61
contig_36_22R3R2A-2	14303	240030	60	61
contig_37_22R3R2A-2	9874	254593	60	61
contig_38_22R3R2A-2	8898	264653	60	61
contig_39_22R3R2A-2	15546	273721	60	61
contig_4_22R3R2A-2	2259	289547	60	61
contig_40_22R3R2A-2	6208	291865	60	61
contig_41_22R3R2A-2	5443	298198	60	61
contig_42_22R3R2A-2	6759	303753	60	61
contig_43_22R3R2A-2	6486	310646	60	61
contig_44_22R3R2A-2	2696	317262	60	61
contig_45_22R3R2A-2	7710	320024	60	61
contig_46_22R3R2A-2	3563	327884	60	61
contig_47_22R3R2A-2	9845	331528	60	61
contig_48_22R3R2A-2	3819	341559	60	61
contig_49_22R3R2A-2	3380	345463	60	61
contig_5_22R3R2A-2	3212	348920	60	61
contig_50_22R3R2A-2	6050	352207	60	61
contig_51_22R3R2A-2	4095	358379	60	61
contig_52_22R3R2A-2	8873	362564	60	61
contig_53_22R3R2A-2	6323	371606	60	61
contig_54_22R3R2A-2	4791	378056	60	61
contig_55_22R3R2A-2	3482	382948	60	61
contig_56_22R3R2A-2	2908	386510	60	61
contig_57_22R3R2A-2	8771	389488	60	61
contig_58_22R3R2A-2	4239	398427	60	61
contig_59_22R3R2A-2	2946	402758	60	61
contig_6_22R3R2A-2	4038	405774	60	61
contig_60_22R3R2A-2	3139	409901	60	61
contig_61_22R3R2A-2	2343	413114	60	61
contig_62_22R3R2A-2	2508	415518	60	61
contig_63_22R3R2A-2	6064	418089	60	61
contig_64_22R3R2A-2	6419	424276	60	61
contig_65_22R3R2A-2	14425	430823	60	61
contig_66_22R3R2A-2	8468	445510	60	61
contig_67_22R3R2A-2	25136	454141	60	61
contig_68_22R3R2A-2	14869	479717	60	61
contig_69_22R3R2A-2	4096	494855	60	61
contig_7_22R3R2A-2	2525	499040	60	61
contig_70_22R3R2A-2	6847	501629	60	61
contig_71_22R3R2A-2	4004	508612	60	61
contig_72_22R3R2A-2	4523	512704	60	61
contig_73_22R3R2A-2	8793	517324	60	61
contig_8_22R3R2A-2	9635	526284	60	61
contig_9_22R3R2A-2	11450	536100	60	61
contig_1_22R3R2A-3	3749	20	60	61
contig_2_22R3R2A-3	2784	3852	60	61
contig_3_22R3R2A-3	3141	6703	60	61
contig_1_22R3R2A-4	4733518	20	60	61
contig_2_22R3R2A-4	1172	4812450	60	61
contig_3_22R3R2A-4	63916	4813662	60	61
contig_4_22R3R2A-4	18141	4878664	60	61
contig_1_22R3R2A-5	74345	20	60	61
contig_10_22R3R2A-5	36495	75626	60	61
contig_11_22R3R2A-5	4164	112751	60	61
contig_12_22R3R2A-5	62133	117006	60	61
contig_13_22R3R2A-5	59880	180196	60	61
contig_14_22R3R2A-5	30158	241095	60	61
contig_15_22R3R2A-5	2092	271777	60	61
contig_16_22R3R2A-5	173719	273925	60	61
contig_17_22R3R2A-5	267036	450561	60	61
contig_18_22R3R2A-5	39538	722069	60	61
contig_19_22R3R2A-5	53648	762287	60	61
contig_2_22R3R2A-5	45223	816850	60	61
contig_20_22R3R2A-5	29804	862848	60	61
contig_21_22R3R2A-5	68104	893170	60	61
contig_22_22R3R2A-5	21199	962431	60	61
contig_23_22R3R2A-5	90797	984005	60	61
contig_24_22R3R2A-5	50682	1076337	60	61
contig_25_22R3R2A-5	26816	1127885	60	61
contig_26_22R3R2A-5	80655	1155169	60	61
contig_27_22R3R2A-5	233596	1237190	60	61
contig_28_22R3R2A-5	12741	1474701	60	61
contig_29_22R3R2A-5	55348	1487676	60	61
contig_3_22R3R2A-5	24185	1543967	60	61
contig_30_22R3R2A-5	11606	1568577	60	61
contig_31_22R3R2A-5	9913	1580398	60	61
contig_32_22R3R2A-5	52836	1590498	60	61
contig_33_22R3R2A-5	203641	1644236	60	61
contig_34_22R3R2A-5	16442	1851293	60	61
contig_35_22R3R2A-5	10804	1868031	60	61
contig_36_22R3R2A-5	48763	1879037	60	61
contig_37_22R3R2A-5	5536	1928634	60	61
contig_38_22R3R2A-5	52090	1934284	60	61
contig_39_22R3R2A-5	58164	1987264	60	61
contig_4_22R3R2A-5	5279	2046418	60	61
contig_40_22R3R2A-5	2422	2051806	60	61
contig_41_22R3R2A-5	14728	2054290	60	61
contig_42_22R3R2A-5	2602	2069285	60	61
contig_43_22R3R2A-5	4371	2071952	60	61
contig_44_22R3R2A-5	2967	2076417	60	61
contig_45_22R3R2A-5	95344	2079455	60	61
contig_46_22R3R2A-5	10675	2176410	60	61
contig_47_22R3R2A-5	2375	2187284	60	61
contig_48_22R3R2A-5	4799	2189720	60	61
contig_49_22R3R2A-5	2514	2194620	60	61
contig_50_22R3R2A-5	91643	2197197	60	61
contig_51_22R3R2A-5	57703	2290389	60	61
contig_52_22R3R2A-5	25593	2349075	60	61
contig_53_22R3R2A-5	136145	2375116	60	61
contig_54_22R3R2A-5	83888	2513552	60	61
contig_55_22R3R2A-5	301375	2598860	60	61
contig_56_22R3R2A-5	25390	2905279	60	61
contig_57_22R3R2A-5	120577	2931114	60	61
contig_58_22R3R2A-5	126858	3053722	60	61
contig_59_22R3R2A-5	46800	3182716	60	61
contig_6_22R3R2A-5	13131	3230316	60	61
contig_60_22R3R2A-5	164250	3243687	60	61
contig_7_22R3R2A-5	18364	3410695	60	61
contig_8_22R3R2A-5	4380	3429386	60	61
contig_9_22R3R2A-5	74911	3433859	60	61
contig_1_22R3R2A-6	4373553	20	60	61
contig_1_22R3R2A-7	4048512	20	60	61
contig_2_22R3R2A-7	49241	4116028	60	61
contig_3_22R3R2A-7	45653	4166110	60	61
contig_1_22R3R2A-8	3464149	20	60	61
contig_1_22R3R2A-9	4303918	20	60	61
contig_1_22R3S1G-1	423718	20	60	61
contig_2_22R3S1G-1	770553	430820	60	61
contig_3_22R3S1G-1	4312074	1214236	60	61
contig_1_22R3S1G-2	138356	20	60	61
contig_10_22R3S1G-2	163703	140703	60	61
contig_11_22R3S1G-2	343991	307156	60	61
contig_12_22R3S1G-2	233024	656902	60	61
contig_13_22R3S1G-2	12432	893831	60	61
contig_14_22R3S1G-2	508736	906492	60	61
contig_15_22R3S1G-2	18490	1423728	60	61
contig_16_22R3S1G-2	312499	1442548	60	61
contig_17_22R3S1G-2	346359	1760277	60	61
contig_18_22R3S1G-2	97963	2112430	60	61
contig_19_22R3S1G-2	193454	2212047	60	61
contig_2_22R3S1G-2	14310	2408746	60	61
contig_20_22R3S1G-2	46731	2423316	60	61
contig_21_22R3S1G-2	8533	2470847	60	61
contig_22_22R3S1G-2	9477	2479544	60	61
contig_23_22R3S1G-2	7104	2489200	60	61
contig_24_22R3S1G-2	2395	2496444	60	61
contig_25_22R3S1G-2	41574	2498900	60	61
contig_26_22R3S1G-2	94601	2541188	60	61
contig_27_22R3S1G-2	31631	2637387	60	61
contig_28_22R3S1G-2	36657	2669567	60	61
contig_29_22R3S1G-2	2526	2706856	60	61
contig_3_22R3S1G-2	122950	2709445	60	61
contig_30_22R3S1G-2	20282	2834466	60	61
contig_31_22R3S1G-2	43426	2855108	60	61
contig_32_22R3S1G-2	2813	2899279	60	61
contig_33_22R3S1G-2	2566	2902160	60	61
contig_34_22R3S1G-2	3932	2904790	60	61
contig_35_22R3S1G-2	131842	2908809	60	61
contig_36_22R3S1G-2	14259	3042870	60	61
contig_37_22R3S1G-2	142933	3057388	60	61
contig_38_22R3S1G-2	4588	3202725	60	61
contig_4_22R3S1G-2	290557	3207410	60	61
contig_5_22R3S1G-2	335639	3502830	60	61
contig_6_22R3S1G-2	239384	3844083	60	61
contig_7_22R3S1G-2	612523	4087477	60	61
contig_8_22R3S1G-2	769642	4710229	60	61
contig_9_22R3S1G-2	49606	5492719	60	61
contig_1_22R3S1G-3	25581	20	60	61
contig_10_22R3S1G-3	12840	26049	60	61
contig_100_22R3S1G-3	34832	39125	60	61
contig_101_22R3S1G-3	29036	74560	60	61
contig_102_22R3S1G-3	125119	104102	60	61
contig_103_22R3S1G-3	52202	231329	60	61
contig_104_22R3S1G-3	29024	284424	60	61
contig_105_22R3S1G-3	32777	313954	60	61
contig_106_22R3S1G-3	53893	347300	60	61
contig_107_22R3S1G-3	30429	402114	60	61
contig_108_22R3S1G-3	55438	433073	60	61
contig_109_22R3S1G-3	105967	489457	60	61
contig_11_22R3S1G-3	13148	597212	60	61
contig_110_22R3S1G-3	8177	610602	60	61
contig_111_22R3S1G-3	27399	618938	60	61
contig_112_22R3S1G-3	23863	646816	60	61
contig_113_22R3S1G-3	24095	671099	60	61
contig_114_22R3S1G-3	119858	695618	60	61
contig_115_22R3S1G-3	28090	817496	60	61
contig_116_22R3S1G-3	58037	846077	60	61
contig_117_22R3S1G-3	21201	905104	60	61
contig_118_22R3S1G-3	37931	926681	60	61
contig_119_22R3S1G-3	55552	965267	60	61
contig_12_22R3S1G-3	4713	1021766	60	61
contig_120_22R3S1G-3	42001	1026580	60	61
contig_121_22R3S1G-3	17906	1069304	60	61
contig_122_22R3S1G-3	12675	1087531	60	61
contig_123_22R3S1G-3	10606	1100440	60	61
contig_124_22R3S1G-3	23115	1111245	60	61
contig_125_22R3S1G-3	2335	1134768	60	61
contig_126_22R3S1G-3	5047	1137164	60	61
contig_127_22R3S1G-3	11686	1142318	60	61
contig_128_22R3S1G-3	22160	1154221	60	61
contig_129_22R3S1G-3	19998	1176773	60	61
contig_13_22R3S1G-3	43864	1197126	60	61
contig_131_22R3S1G-3	14047	1241744	60	61
contig_132_22R3S1G-3	55599	1256048	60	61
contig_133_22R3S1G-3	16820	1312596	60	61
contig_134_22R3S1G-3	35188	1329719	60	61
contig_135_22R3S1G-3	61626	1365516	60	61
contig_136_22R3S1G-3	17574	1428192	60	61
contig_137_22R3S1G-3	31005	1446081	60	61
contig_138_22R3S1G-3	12928	1477625	60	61
contig_139_22R3S1G-3	18013	1490791	60	61
contig_14_22R3S1G-3	3766	1509126	60	61
contig_140_22R3S1G-3	142687	1512977	60	61
contig_141_22R3S1G-3	55368	1658065	60	61
contig_142_22R3S1G-3	27750	1714378	60	61
contig_143_22R3S1G-3	163225	1742613	60	61
contig_144_22R3S1G-3	27256	1908581	60	61
contig_145_22R3S1G-3	39054	1936314	60	61
contig_146_22R3S1G-3	130506	1976041	60	61
contig_147_22R3S1G-3	68978	2108745	60	61
contig_148_22R3S1G-3	127389	2178895	60	61
contig_15_22R3S1G-3	42602	2308429	60	61
contig_16_22R3S1G-3	8872	2351763	60	61
contig_17_22R3S1G-3	23005	2360804	60	61
contig_18_22R3S1G-3	21424	2384214	60	61
contig_19_22R3S1G-3	21816	2406017	60	61
contig_2_22R3S1G-3	48067	2428217	60	61
contig_20_22R3S1G-3	67965	2477107	60	61
contig_21_22R3S1G-3	6969	2546226	60	61
contig_22_22R3S1G-3	9491	2553333	60	61
contig_23_22R3S1G-3	15567	2563004	60	61
contig_24_22R3S1G-3	15109	2578852	60	61
contig_25_22R3S1G-3	27803	2594234	60	61
contig_26_22R3S1G-3	23261	2622522	60	61
contig_27_22R3S1G-3	11555	2646192	60	61
contig_28_22R3S1G-3	3759	2657961	60	61
contig_29_22R3S1G-3	95311	2661804	60	61
contig_3_22R3S1G-3	175881	2758724	60	61
contig_30_22R3S1G-3	9268	2937558	60	61
contig_31_22R3S1G-3	2606	2947002	60	61
contig_32_22R3S1G-3	19342	2949673	60	61
contig_33_22R3S1G-3	4007	2969359	60	61
contig_34_22R3S1G-3	34315	2973454	60	61
contig_35_22R3S1G-3	8882	3008362	60	61
contig_36_22R3S1G-3	32216	3017414	60	61
contig_37_22R3S1G-3	71653	3050188	60	61
contig_38_22R3S1G-3	13772	3123057	60	61
contig_39_22R3S1G-3	15480	3137080	60	61
contig_4_22R3S1G-3	2258	3152838	60	61
contig_40_22R3S1G-3	2781	3155155	60	61
contig_41_22R3S1G-3	5729	3158004	60	61
contig_42_22R3S1G-3	20993	3163850	60	61
contig_43_22R3S1G-3	2267	3185214	60	61
contig_44_22R3S1G-3	9486	3187540	60	61
contig_45_22R3S1G-3	11178	3197206	60	61
contig_46_22R3S1G-3	8539	3208592	60	61
contig_47_22R3S1G-3	83726	3217295	60	61
contig_48_22R3S1G-3	2732	3302438	60	61
contig_49_22R3S1G-3	6470	3305237	60	61
contig_5_22R3S1G-3	14580	3311835	60	61
contig_50_22R3S1G-3	4138	3326679	60	61
contig_51_22R3S1G-3	3343	3330907	60	61
contig_52_22R3S1G-3	2519	3334327	60	61
contig_53_22R3S1G-3	2417	3336909	60	61
contig_54_22R3S1G-3	64272	3339388	60	61
contig_55_22R3S1G-3	11366	3404753	60	61
contig_56_22R3S1G-3	3887	3416330	60	61
contig_57_22R3S1G-3	18628	3420303	60	61
contig_58_22R3S1G-3	8602	3439263	60	61
contig_59_22R3S1G-3	2473	3448030	60	61
contig_6_22R3S1G-3	10849	3450565	60	61
contig_60_22R3S1G-3	20919	3461616	60	61
contig_61_22R3S1G-3	2829	3482905	60	61
contig_62_22R3S1G-3	5500	3485803	60	61
contig_63_22R3S1G-3	20539	3491416	60	61
contig_64_22R3S1G-3	5974	3512319	60	61
contig_65_22R3S1G-3	2240	3518414	60	61
contig_66_22R3S1G-3	32190	3520713	60	61
contig_67_22R3S1G-3	90389	3553461	60	61
contig_68_22R3S1G-3	150688	3645378	60	61
contig_69_22R3S1G-3	34462	3798599	60	61
contig_7_22R3S1G-3	25961	3833656	60	61
contig_70_22R3S1G-3	181367	3860071	60	61
contig_71_22R3S1G-3	18781	4044482	60	61
contig_72_22R3S1G-3	23076	4063598	60	61
contig_73_22R3S1G-3	38440	4087080	60	61
contig_74_22R3S1G-3	9597	4126182	60	61
contig_75_22R3S1G-3	41981	4135960	60	61
contig_76_22R3S1G-3	39599	4178662	60	61
contig_77_22R3S1G-3	5443	4218942	60	61
contig_78_22R3S1G-3	13774	4224497	60	61
contig_79_22R3S1G-3	64711	4238522	60	61
contig_8_22R3S1G-3	54503	4304332	60	61
contig_80_22R3S1G-3	43210	4359765	60	61
contig_81_22R3S1G-3	22939	4403717	60	61
contig_82_22R3S1G-3	32726	4427060	60	61
contig_83_22R3S1G-3	17960	4460353	60	61
contig_84_22R3S1G-3	76425	4478634	60	61
contig_85_22R3S1G-3	82233	4556354	60	61
contig_86_22R3S1G-3	152301	4639979	60	61
contig_87_22R3S1G-3	87756	4794840	60	61
contig_88_22R3S1G-3	30498	4884080	60	61
contig_89_22R3S1G-3	28276	4915108	60	61
contig_9_22R3S1G-3	294605	4943876	60	61
contig_90_22R3S1G-3	4710	5243413	60	61
contig_91_22R3S1G-3	31765	5248223	60	61
contig_92_22R3S1G-3	2918	5280539	60	61
contig_93_22R3S1G-3	3041	5283527	60	61
contig_94_22R3S1G-3	69675	5286640	60	61
contig_95_22R3S1G-3	36956	5357498	60	61
contig_96_22R3S1G-3	20738	5395091	60	61
contig_97_22R3S1G-3	16344	5416196	60	61
contig_98_22R3S1G-3	31559	5432834	60	61
contig_99_22R3S1G-3	42858	5464940	60	61
contig_1_22R3S1G-4	849454	20	60	61
contig_10_22R3S1G-4	348449	863653	60	61
contig_11_22R3S1G-4	745699	1217931	60	61
contig_12_22R3S1G-4	517908	1976080	60	61
contig_13_22R3S1G-4	316772	2502641	60	61
contig_14_22R3S1G-4	20391	2824714	60	61
contig_15_22R3S1G-4	188596	2845466	60	61
contig_16_22R3S1G-4	9814	3037227	60	61
contig_17_22R3S1G-4	16760	3047226	60	61
contig_18_22R3S1G-4	175329	3064287	60	61
contig_19_22R3S1G-4	48883	3242560	60	61
contig_2_22R3S1G-4	252288	3292278	60	61
contig_20_22R3S1G-4	128660	3548792	60	61
contig_3_22R3S1G-4	75248	3679617	60	61
contig_4_22R3S1G-4	683191	3756140	60	61
contig_5_22R3S1G-4	76351	4450738	60	61
contig_6_22R3S1G-4	246809	4528382	60	61
contig_7_22R3S1G-4	450151	4779325	60	61
contig_8_22R3S1G-4	697610	5236999	60	61
contig_9_22R3S1G-4	211610	5946256	60	61
contig_1_22R3S1G-5	20572	20	60	61
contig_2_22R3S1G-5	7056	20955	60	61
contig_3_22R3S1G-5	1914553	28149	60	61
contig_4_22R3S1G-5	2682818	1974632	60	61
contig_5_22R3S1G-5	12486	4702184	60	61
contig_6_22R3S1G-5	8565	4714899	60	61
contig_1_22R3S1G-6	6104212	20	60	61
contig_1_22R3S1G-7	5448230	20	60	61
contig_1_22R3S1G-8	92337	20	60	61
contig_10_22R3S1G-8	2272	93917	60	61
contig_11_22R3S1G-8	162227	96248	60	61
contig_12_22R3S1G-8	913958	261200	60	61
contig_13_22R3S1G-8	66579	1190412	60	61
contig_14_22R3S1G-8	8858	1258122	60	61
contig_15_22R3S1G-8	10104	1267149	60	61
contig_16_22R3S1G-8	60408	1277443	60	61
contig_17_22R3S1G-8	25813	1338879	60	61
contig_18_22R3S1G-8	3241	1365144	60	61
contig_19_22R3S1G-8	47391	1368461	60	61
contig_2_22R3S1G-8	310205	1416662	60	61
contig_20_22R3S1G-8	233293	1732059	60	61
contig_21_22R3S1G-8	84157	1969262	60	61
contig_22_22R3S1G-8	28718	2054843	60	61
contig_23_22R3S1G-8	8402	2084061	60	61
contig_24_22R3S1G-8	5136	2092625	60	61
contig_25_22R3S1G-8	72529	2097868	60	61
contig_3_22R3S1G-8	2377790	2171626	60	61
contig_4_22R3S1G-8	14704	4589066	60	61
contig_5_22R3S1G-8	1809	4604036	60	61
contig_7_22R3S1G-8	225638	4605896	60	61
contig_8_22R3S1G-8	323330	4835315	60	61
contig_9_22R3S1G-8	361148	5164054	60	61
contig_1_22R3VL55-10	584199	22	60	61
contig_10_22R3VL55-10	88899	593981	60	61
contig_11_22R3VL55-10	52037	684385	60	61
contig_2_22R3VL55-10	390190	737312	60	61
contig_3_22R3VL55-10	529718	1134028	60	61
contig_4_22R3VL55-10	1639523	1672597	60	61
contig_5_22R3VL55-10	954727	3339468	60	61
contig_6_22R3VL55-10	194278	4310130	60	61
contig_7_22R3VL55-10	8089	4507668	60	61
contig_8_22R3VL55-10	486616	4515914	60	61
contig_9_22R3VL55-10	531972	5010663	60	61
contig_1_22R3VL55-1	62747	21	60	61
contig_10_22R3VL55-1	13313	63836	60	61
contig_11_22R3VL55-1	21057	77393	60	61
contig_12_22R3VL55-1	12996	98823	60	61
contig_13_22R3VL55-1	241441	112058	60	61
contig_14_22R3VL55-1	16189	357546	60	61
contig_15_22R3VL55-1	6238	374027	60	61
contig_16_22R3VL55-1	530068	380391	60	61
contig_17_22R3VL55-1	789279	919316	60	61
contig_18_22R3VL55-1	307633	1721772	60	61
contig_19_22R3VL55-1	80982	2034555	60	61
contig_2_22R3VL55-1	83757	2116908	60	61
contig_20_22R3VL55-1	169777	2202083	60	61
contig_4_22R3VL55-1	8862	2374711	60	61
contig_5_22R3VL55-1	255509	2383742	60	61
contig_6_22R3VL55-1	1290958	2643531	60	61
contig_7_22R3VL55-1	757138	3956026	60	61
contig_8_22R3VL55-1	26054	4725804	60	61
contig_9_22R3VL55-1	94024	4752314	60	61
contig_1_22R3VL55-2	427296	21	60	61
contig_10_22R3VL55-2	22654	434461	60	61
contig_11_22R3VL55-2	580109	457515	60	61
contig_12_22R3VL55-2	323871	1047315	60	61
contig_13_22R3VL55-2	808881	1376606	60	61
contig_14_22R3VL55-2	161099	2198991	60	61
contig_15_22R3VL55-2	125442	2362797	60	61
contig_16_22R3VL55-2	246018	2490352	60	61
contig_17_22R3VL55-2	18088	2740493	60	61
contig_18_22R3VL55-2	18730	2758905	60	61
contig_19_22R3VL55-2	339556	2777970	60	61
contig_2_22R3VL55-2	5082	3123207	60	61
contig_20_22R3VL55-2	13878	3128396	60	61
contig_21_22R3VL55-2	9797	3142528	60	61
contig_22_22R3VL55-2	39138	3152511	60	61
contig_23_22R3VL55-2	134786	3192324	60	61
contig_24_22R3VL55-2	49448	3329379	60	61
contig_25_22R3VL55-2	45358	3379674	60	61
contig_26_22R3VL55-2	224575	3425810	60	61
contig_27_22R3VL55-2	275914	3654150	60	61
contig_28_22R3VL55-2	4622	3934685	60	61
contig_29_22R3VL55-2	2365	3939407	60	61
contig_3_22R3VL55-2	25907	3941833	60	61
contig_30_22R3VL55-2	43019	3968194	60	61
contig_31_22R3VL55-2	2597	4011952	60	61
contig_32_22R3VL55-2	2381	4014615	60	61
contig_33_22R3VL55-2	223064	4017058	60	61
contig_34_22R3VL55-2	73782	4243862	60	61
contig_35_22R3VL55-2	153195	4318896	60	61
contig_36_22R3VL55-2	98648	4474667	60	61
contig_37_22R3VL55-2	76433	4574982	60	61
contig_39_22R3VL55-2	178807	4652711	60	61
contig_4_22R3VL55-2	12410	4834520	60	61
contig_40_22R3VL55-2	69015	4847159	60	61
contig_5_22R3VL55-2	3733	4917346	60	61
contig_6_22R3VL55-2	107317	4921163	60	61
contig_7_22R3VL55-2	123961	5030290	60	61
contig_8_22R3VL55-2	182750	5156339	60	61
contig_9_22R3VL55-2	392716	5342156	60	61
contig_1_22R3VL55-3	187385	21	60	61
contig_10_22R3VL55-3	234649	190552	60	61
contig_11_22R3VL55-3	269423	429134	60	61
contig_12_22R3VL55-3	419039	703070	60	61
contig_14_22R3VL55-3	40837	1129115	60	61
contig_15_22R3VL55-3	7981	1170655	60	61
contig_16_22R3VL55-3	117764	1178792	60	61
contig_17_22R3VL55-3	96858	1298541	60	61
contig_18_22R3VL55-3	141851	1397036	60	61
contig_19_22R3VL55-3	64354	1541274	60	61
contig_2_22R3VL55-3	322452	1606722	60	61
contig_20_22R3VL55-3	73344	1934571	60	61
contig_21_22R3VL55-3	47264	2009160	60	61
contig_22_22R3VL55-3	116775	2057234	60	61
contig_23_22R3VL55-3	10058	2175978	60	61
contig_24_22R3VL55-3	4293	2186226	60	61
contig_25_22R3VL55-3	294332	2190613	60	61
contig_26_22R3VL55-3	162596	2489873	60	61
contig_27_22R3VL55-3	115422	2655201	60	61
contig_28_22R3VL55-3	10781	2772569	60	61
contig_29_22R3VL55-3	43967	2783552	60	61
contig_3_22R3VL55-3	139652	2828273	60	61
contig_30_22R3VL55-3	18819	2970275	60	61
contig_31_22R3VL55-3	22339	2989430	60	61
contig_32_22R3VL55-3	23323	3012164	60	61
contig_33_22R3VL55-3	133345	3035898	60	61
contig_34_22R3VL55-3	158027	3171488	60	61
contig_35_22R3VL55-3	50269	3332171	60	61
contig_36_22R3VL55-3	40939	3383300	60	61
contig_37_22R3VL55-3	67509	3424944	60	61
contig_38_22R3VL55-3	212562	3493601	60	61
contig_39_22R3VL55-3	128627	3709728	60	61
contig_4_22R3VL55-3	298282	3840520	60	61
contig_40_22R3VL55-3	59997	4143796	60	61
contig_41_22R3VL55-3	93253	4204815	60	61
contig_42_22R3VL55-3	18284	4299645	60	61
contig_5_22R3VL55-3	62953	4318255	60	61
contig_6_22R3VL55-3	179535	4382279	60	61
contig_7_22R3VL55-3	146533	4564828	60	61
contig_8_22R3VL55-3	391438	4713825	60	61
contig_9_22R3VL55-3	298666	5111808	60	61
contig_1_22R3VL55-4	4500131	21	60	61
contig_2_22R3VL55-4	1294660	4575176	60	61
contig_1_22R3VL55-5	441105	21	60	61
contig_10_22R3VL55-5	48589	448500	60	61
contig_11_22R3VL55-5	22236	497921	60	61
contig_12_22R3VL55-5	12602	520550	60	61
contig_13_22R3VL55-5	24132	533385	60	61
contig_14_22R3VL55-5	13560	557942	60	61
contig_2_22R3VL55-5	3762446	571749	60	61
contig_3_22R3VL55-5	1628134	4396924	60	61
contig_4_22R3VL55-5	13180	6052215	60	61
contig_5_22R3VL55-5	8783	6065636	60	61
contig_6_22R3VL55-5	53849	6074587	60	61
contig_7_22R3VL55-5	37144	6129355	60	61
contig_8_22R3VL55-5	12193	6167140	60	61
contig_9_22R3VL55-5	13877	6179558	60	61
contig_1_22R3VL55-6	11152	21	60	61
contig_10_22R3VL55-6	20322	11381	60	61
contig_11_22R3VL55-6	94006	32064	60	61
contig_12_22R3VL55-6	93441	127659	60	61
contig_13_22R3VL55-6	234380	222680	60	61
contig_14_22R3VL55-6	60858	460989	60	61
contig_15_22R3VL55-6	244409	522884	60	61
contig_16_22R3VL55-6	58587	771389	60	61
contig_17_22R3VL55-6	136463	830975	60	61
contig_18_22R3VL55-6	78676	969735	60	61
contig_19_22R3VL55-6	28415	1049745	60	61
contig_2_22R3VL55-6	12321	1078655	60	61
contig_20_22R3VL55-6	259124	1091204	60	61
contig_21_22R3VL55-6	136567	1354669	60	61
contig_22_22R3VL55-6	6287	1493535	60	61
contig_23_22R3VL55-6	265717	1499949	60	61
contig_25_22R3VL55-6	56679	1770117	60	61
contig_26_22R3VL55-6	69398	1827763	60	61
contig_27_22R3VL55-6	264086	1898340	60	61
contig_28_22R3VL55-6	4476	2166850	60	61
contig_29_22R3VL55-6	58705	2171423	60	61
contig_3_22R3VL55-6	14059	2231128	60	61
contig_30_22R3VL55-6	8464	2245444	60	61
contig_31_22R3VL55-6	109474	2254072	60	61
contig_32_22R3VL55-6	262020	2365393	60	61
contig_33_22R3VL55-6	73440	2631802	60	61
contig_34_22R3VL55-6	28491	2706488	60	61
contig_35_22R3VL55-6	132764	2735476	60	61
contig_36_22R3VL55-6	38655	2870475	60	61
contig_37_22R3VL55-6	91737	2909797	60	61
contig_38_22R3VL55-6	24825	3003085	60	61
contig_39_22R3VL55-6	17333	3028346	60	61
contig_4_22R3VL55-6	19761	3045989	60	61
contig_40_22R3VL55-6	86317	3066102	60	61
contig_41_22R3VL55-6	29797	3153880	60	61
contig_42_22R3VL55-6	47116	3184196	60	61
contig_43_22R3VL55-6	44670	3232120	60	61
contig_44_22R3VL55-6	17772	3277557	60	61
contig_45_22R3VL55-6	122459	3295648	60	61
contig_46_22R3VL55-6	119732	3420170	60	61
contig_47_22R3VL55-6	63917	3541920	60	61
contig_48_22R3VL55-6	80952	3606925	60	61
contig_49_22R3VL55-6	144114	3689249	60	61
contig_5_22R3VL55-6	20947	3835786	60	61
contig_50_22R3VL55-6	84318	3857105	60	61
contig_51_22R3VL55-6	202215	3942851	60	61
contig_52_22R3VL55-6	218746	4148459	60	61
contig_53_22R3VL55-6	40396	4370873	60	61
contig_54_22R3VL55-6	30377	4411965	60	61
contig_55_22R3VL55-6	113623	4442871	60	61
contig_6_22R3VL55-6	179906	4558409	60	61
contig_8_22R3VL55-6	50840	4741335	60	61
contig_9_22R3VL55-6	358838	4793044	60	61
contig_1_22R3VL55-7	28749	21	60	61
contig_10_22R3VL55-7	13577	29272	60	61
contig_11_22R3VL55-7	35664	43098	60	61
contig_12_22R3VL55-7	24477	79379	60	61
contig_13_22R3VL55-7	38688	104286	60	61
contig_14_22R3VL55-7	5847	143641	60	61
contig_15_22R3VL55-7	63142	149608	60	61
contig_17_22R3VL55-7	8058	213825	60	61
contig_18_22R3VL55-7	35279	222040	60	61
contig_19_22R3VL55-7	83446	257929	60	61
contig_2_22R3VL55-7	22180	342787	60	61
contig_20_22R3VL55-7	30747	365359	60	61
contig_21_22R3VL55-7	22473	396641	60	61
contig_22_22R3VL55-7	32370	419511	60	61
contig_23_22R3VL55-7	38390	452443	60	61
contig_24_22R3VL55-7	51461	491495	60	61
contig_25_22R3VL55-7	39529	543836	60	61
contig_26_22R3VL55-7	21613	584046	60	61
contig_27_22R3VL55-7	63255	606042	60	61
contig_28_22R3VL55-7	36616	670374	60	61
contig_29_22R3VL55-7	64924	707623	60	61
contig_3_22R3VL55-7	28579	773651	60	61
contig_30_22R3VL55-7	44523	802729	60	61
contig_31_22R3VL55-7	23622	848017	60	61
contig_32_22R3VL55-7	61999	872055	60	61
contig_33_22R3VL55-7	30472	935110	60	61
contig_34_22R3VL55-7	85839	966112	60	61
contig_35_22R3VL55-7	32312	1053404	60	61
contig_36_22R3VL55-7	39034	1086277	60	61
contig_37_22R3VL55-7	9767	1125984	60	61
contig_38_22R3VL55-7	9680	1135936	60	61
contig_39_22R3VL55-7	40604	1145800	60	61
contig_4_22R3VL55-7	8329	1187102	60	61
contig_40_22R3VL55-7	50322	1195592	60	61
contig_41_22R3VL55-7	47210	1246775	60	61
contig_42_22R3VL55-7	72737	1294794	60	61
contig_43_22R3VL55-7	38634	1368766	60	61
contig_44_22R3VL55-7	21672	1408066	60	61
contig_45_22R3VL55-7	33509	1430122	60	61
contig_46_22R3VL55-7	43428	1464212	60	61
contig_47_22R3VL55-7	15572	1508386	60	61
contig_48_22R3VL55-7	39005	1524240	60	61
contig_49_22R3VL55-7	53142	1563918	60	61
contig_5_22R3VL55-7	68447	1617967	60	61
contig_50_22R3VL55-7	18540	1687577	60	61
contig_51_22R3VL55-7	38714	1706448	60	61
contig_52_22R3VL55-7	134873	1745830	60	61
contig_6_22R3VL55-7	31089	1882972	60	61
contig_7_22R3VL55-7	15840	1914601	60	61
contig_8_22R3VL55-7	8576	1930726	60	61
contig_9_22R3VL55-7	15269	1939466	60	61
contig_1_22R3VL55-8	33959	21	60	61
contig_10_22R3VL55-8	15699	34568	60	61
contig_11_22R3VL55-8	5093	50551	60	61
contig_12_22R3VL55-8	37257	55751	60	61
contig_13_22R3VL55-8	5617	93651	60	61
contig_14_22R3VL55-8	44778	99384	60	61
contig_15_22R3VL55-8	53237	144931	60	61
contig_16_22R3VL55-8	5132	199078	60	61
contig_17_22R3VL55-8	15526	204318	60	61
contig_18_22R3VL55-8	13538	220125	60	61
contig_19_22R3VL55-8	42160	233911	60	61
contig_2_22R3VL55-8	78037	276795	60	61
contig_20_22R3VL55-8	19536	356155	60	61
contig_21_22R3VL55-8	9266	376039	60	61
contig_22_22R3VL55-8	15559	385482	60	61
contig_23_22R3VL55-8	34014	401323	60	61
contig_3_22R3VL55-8	27008	435925	60	61
contig_4_22R3VL55-8	66743	463405	60	61
contig_5_22R3VL55-8	37711	531282	60	61
contig_6_22R3VL55-8	82619	569643	60	61
contig_7_22R3VL55-8	10031	653660	60	61
contig_8_22R3VL55-8	21970	663880	60	61
contig_9_22R3VL55-8	31132	686238	60	61
contig_1_22R3VL55-9	5466666	21	60	61
contig_1_22S1L9-1	4039749	19	60	61
contig_2_22S1L9-1	267882	4107117	60	61
contig_1_22S1L9-2	222047	19	60	61
contig_10_22S1L9-2	11993	225787	60	61
contig_2_22S1L9-2	2803873	237999	60	61
contig_3_22S1L9-2	50514	3088623	60	61
contig_4_22S1L9-2	1633667	3139998	60	61
contig_5_22S1L9-2	581660	4800912	60	61
contig_6_22S1L9-2	272096	5392286	60	61
contig_7_22S1L9-2	531473	5668936	60	61
contig_8_22S1L9-2	13178	6209286	60	61
contig_9_22S1L9-2	20158	6222703	60	61
contig_1_22S1NFb-1	3657625	20	60	61
contig_2_22S1NFb-1	70881	3718626	60	61
contig_1_22S1NFb-2	3657702	20	60	61
contig_2_22S1NFb-2	70880	3718704	60	61
contig_1_22S1NFb-3	189874	20	60	61
contig_10_22S1NFb-3	471407	193080	60	61
contig_11_22S1NFb-3	178110	672365	60	61
contig_12_22S1NFb-3	215415	853465	60	61
contig_13_22S1NFb-3	88961	1072492	60	61
contig_14_22S1NFb-3	90630	1162957	60	61
contig_15_22S1NFb-3	94724	1255119	60	61
contig_16_22S1NFb-3	30980	1351443	60	61
contig_17_22S1NFb-3	81096	1382961	60	61
contig_18_22S1NFb-3	85222	1465430	60	61
contig_19_22S1NFb-3	27447	1552094	60	61
contig_2_22S1NFb-3	225881	1580019	60	61
contig_20_22S1NFb-3	16685	1809686	60	61
contig_21_22S1NFb-3	15692	1826671	60	61
contig_22_22S1NFb-3	19610	1842646	60	61
contig_23_22S1NFb-3	11291	1862604	60	61
contig_24_22S1NFb-3	14996	1874105	60	61
contig_25_22S1NFb-3	50877	1889372	60	61
contig_26_22S1NFb-3	139013	1941118	60	61
contig_27_22S1NFb-3	385405	2082469	60	61
contig_28_22S1NFb-3	253575	2474319	60	61
contig_29_22S1NFb-3	50971	2732142	60	61
contig_30_22S1NFb-3	5988	2783984	60	61
contig_31_22S1NFb-3	151805	2790093	60	61
contig_32_22S1NFb-3	50345	2944450	60	61
contig_33_22S1NFb-3	54030	2995656	60	61
contig_34_22S1NFb-3	42260	3050608	60	61
contig_35_22S1NFb-3	11016	3093594	60	61
contig_36_22S1NFb-3	10740	3104815	60	61
contig_37_22S1NFb-3	138381	3115755	60	61
contig_38_22S1NFb-3	150463	3256464	60	61
contig_39_22S1NFb-3	252752	3409456	60	61
contig_40_22S1NFb-3	24491	3666442	60	61
contig_42_22S1NFb-3	857692	3691363	60	61
contig_43_22S1NFb-3	4672	4563371	60	61
contig_44_22S1NFb-3	204759	4568142	60	61
contig_45_22S1NFb-3	32755	4776335	60	61
contig_46_22S1NFb-3	36782	4809657	60	61
contig_47_22S1NFb-3	142972	4847074	60	61
contig_48_22S1NFb-3	36492	4992450	60	61
contig_49_22S1NFb-3	225312	5029572	60	61
contig_5_22S1NFb-3	66589	5258660	60	61
contig_50_22S1NFb-3	55384	5326380	60	61
contig_51_22S1NFb-3	31843	5382709	60	61
contig_52_22S1NFb-3	25595	5415104	60	61
contig_53_22S1NFb-3	42577	5441147	60	61
contig_6_22S1NFb-3	31189	5484454	60	61
contig_7_22S1NFb-3	116313	5516183	60	61
contig_8_22S1NFb-3	372521	5634455	60	61
contig_9_22S1NFb-3	14545	6013205	60	61
contig_1_22S1NFb-4	5727	20	60	61
contig_10_22S1NFb-4	13997	5864	60	61
contig_100_22S1NFb-4	10038	20117	60	61
contig_101_22S1NFb-4	2802	30345	60	61
contig_102_22S1NFb-4	13582	33216	60	61
contig_103_22S1NFb-4	83306	47047	60	61
contig_104_22S1NFb-4	13649	131764	60	61
contig_105_22S1NFb-4	2683	145663	60	61
contig_106_22S1NFb-4	40294	148413	60	61
contig_107_22S1NFb-4	9142	189401	60	61
contig_108_22S1NFb-4	26301	198718	60	61
contig_109_22S1NFb-4	44872	225480	60	61
contig_11_22S1NFb-4	20047	271121	60	61
contig_110_22S1NFb-4	14272	291525	60	61
contig_111_22S1NFb-4	44795	306057	60	61
contig_112_22S1NFb-4	44471	351621	60	61
contig_113_22S1NFb-4	12511	396856	60	61
contig_114_22S1NFb-4	20502	409598	60	61
contig_115_22S1NFb-4	56887	430464	60	61
contig_116_22S1NFb-4	12135	488322	60	61
contig_117_22S1NFb-4	41376	500682	60	61
contig_118_22S1NFb-4	30976	542770	60	61
contig_119_22S1NFb-4	50047	574285	60	61
contig_12_22S1NFb-4	18317	625188	60	61
contig_120_22S1NFb-4	5107	643833	60	61
contig_121_22S1NFb-4	2849	649048	60	61
contig_122_22S1NFb-4	11311	651967	60	61
contig_123_22S1NFb-4	91811	663489	60	61
contig_124_22S1NFb-4	29614	756853	60	61
contig_125_22S1NFb-4	42505	786983	60	61
contig_126_22S1NFb-4	47097	830219	60	61
contig_127_22S1NFb-4	20372	878123	60	61
contig_128_22S1NFb-4	44765	898857	60	61
contig_129_22S1NFb-4	38621	944391	60	61
contig_130_22S1NFb-4	19417	983678	60	61
contig_131_22S1NFb-4	99609	1003441	60	61
contig_132_22S1NFb-4	33639	1104733	60	61
contig_14_22S1NFb-4	15410	1138954	60	61
contig_15_22S1NFb-4	13153	1154642	60	61
contig_16_22S1NFb-4	41249	1168036	60	61
contig_17_22S1NFb-4	7833	1209994	60	61
contig_18_22S1NFb-4	42264	1217979	60	61
contig_19_22S1NFb-4	21992	1260969	60	61
contig_2_22S1NFb-4	67931	1283348	60	61
contig_20_22S1NFb-4	17160	1352433	60	61
contig_21_22S1NFb-4	55633	1369900	60	61
contig_22_22S1NFb-4	44411	1426482	60	61
contig_23_22S1NFb-4	6318	1471655	60	61
contig_24_22S1NFb-4	64386	1478100	60	61
contig_25_22S1NFb-4	7410	1543581	60	61
contig_26_22S1NFb-4	12954	1551136	60	61
contig_27_22S1NFb-4	11533	1564327	60	61
contig_28_22S1NFb-4	3522	1576074	60	61
contig_29_22S1NFb-4	27922	1579676	60	61
contig_3_22S1NFb-4	16592	1608084	60	61
contig_30_22S1NFb-4	35070	1624974	60	61
contig_31_22S1NFb-4	10711	1660650	60	61
contig_32_22S1NFb-4	13430	1671561	60	61
contig_33_22S1NFb-4	56446	1685236	60	61
contig_34_22S1NFb-4	6230	1742644	60	61
contig_35_22S1NFb-4	2566	1748999	60	61
contig_36_22S1NFb-4	14341	1751629	60	61
contig_37_22S1NFb-4	12693	1766231	60	61
contig_38_22S1NFb-4	7178	1779157	60	61
contig_39_22S1NFb-4	2748	1786476	60	61
contig_4_22S1NFb-4	14773	1789290	60	61
contig_40_22S1NFb-4	19241	1804331	60	61
contig_41_22S1NFb-4	14849	1823914	60	61
contig_42_22S1NFb-4	7679	1839032	60	61
contig_43_22S1NFb-4	3719	1846860	60	61
contig_44_22S1NFb-4	16369	1850662	60	61
contig_45_22S1NFb-4	14352	1867325	60	61
contig_46_22S1NFb-4	16118	1881938	60	61
contig_47_22S1NFb-4	7915	1898346	60	61
contig_48_22S1NFb-4	14080	1906414	60	61
contig_49_22S1NFb-4	19587	1920750	60	61
contig_5_22S1NFb-4	37474	1940684	60	61
contig_50_22S1NFb-4	2686	1978804	60	61
contig_51_22S1NFb-4	3106	1981556	60	61
contig_52_22S1NFb-4	4668	1984735	60	61
contig_53_22S1NFb-4	4074	1989502	60	61
contig_54_22S1NFb-4	2259	1993665	60	61
contig_55_22S1NFb-4	5350	1995983	60	61
contig_56_22S1NFb-4	41180	2001444	60	61
contig_57_22S1NFb-4	65348	2043332	60	61
contig_58_22S1NFb-4	6949	2109791	60	61
contig_59_22S1NFb-4	44578	2116877	60	61
contig_6_22S1NFb-4	19732	2162218	60	61
contig_60_22S1NFb-4	2656	2182300	60	61
contig_61_22S1NFb-4	2738	2185022	60	61
contig_62_22S1NFb-4	8110	2187827	60	61
contig_63_22S1NFb-4	6343	2196094	60	61
contig_64_22S1NFb-4	4278	2202564	60	61
contig_65_22S1NFb-4	9615	2206935	60	61
contig_66_22S1NFb-4	8904	2216732	60	61
contig_67_22S1NFb-4	2665	2225806	60	61
contig_68_22S1NFb-4	3331	2228537	60	61
contig_69_22S1NFb-4	37800	2231945	60	61
contig_7_22S1NFb-4	15931	2270395	60	61
contig_70_22S1NFb-4	26052	2286613	60	61
contig_71_22S1NFb-4	77678	2313121	60	61
contig_72_22S1NFb-4	10817	2392115	60	61
contig_73_22S1NFb-4	24815	2403134	60	61
contig_74_22S1NFb-4	3449	2428384	60	61
contig_75_22S1NFb-4	9986	2431912	60	61
contig_76_22S1NFb-4	4891	2442086	60	61
contig_77_22S1NFb-4	25704	2447080	60	61
contig_78_22S1NFb-4	30647	2473234	60	61
contig_79_22S1NFb-4	50167	2504413	60	61
contig_8_22S1NFb-4	112388	2555437	60	61
contig_80_22S1NFb-4	129672	2669720	60	61
contig_81_22S1NFb-4	34867	2801575	60	61
contig_82_22S1NFb-4	18837	2837045	60	61
contig_83_22S1NFb-4	20779	2856217	60	61
contig_84_22S1NFb-4	40609	2877364	60	61
contig_85_22S1NFb-4	17029	2918671	60	61
contig_86_22S1NFb-4	2705	2936005	60	61
contig_87_22S1NFb-4	202301	2938777	60	61
contig_88_22S1NFb-4	16478	3144471	60	61
contig_89_22S1NFb-4	84574	3161245	60	61
contig_9_22S1NFb-4	15948	3247249	60	61
contig_90_22S1NFb-4	5289	3263484	60	61
contig_91_22S1NFb-4	46355	3268883	60	61
contig_92_22S1NFb-4	28581	3316032	60	61
contig_93_22S1NFb-4	21099	3345111	60	61
contig_94_22S1NFb-4	42037	3366583	60	61
contig_95_22S1NFb-4	123067	3409342	60	61
contig_96_22S1NFb-4	20697	3534482	60	61
contig_97_22S1NFb-4	27505	3555545	60	61
contig_98_22S1NFb-4	30742	3583530	60	61
contig_99_22S1NFb-4	13672	3614806	60	61
contig_1_22S1NFb-5	6137912	20	60	61
contig_10_22S1NFb-5	16104	6240252	60	61
contig_11_22S1NFb-5	603	6256646	60	61
contig_12_22S1NFb-5	2876	6257281	60	61
contig_13_22S1NFb-5	20238	6260226	60	61
contig_14_22S1NFb-5	96778	6280823	60	61
contig_15_22S1NFb-5	91851	6379235	60	61
contig_16_22S1NFb-5	11960	6472638	60	61
contig_17_22S1NFb-5	102899	6484819	60	61
contig_2_22S1NFb-5	54156	6589453	60	61
contig_3_22S1NFb-5	15255	6644532	60	61
contig_4_22S1NFb-5	89148	6660062	60	61
contig_5_22S1NFb-5	82627	6750716	60	61
contig_6_22S1NFb-5	24915	6834741	60	61
contig_7_22S1NFb-5	76594	6860092	60	61
contig_8_22S1NFb-5	113317	6937983	60	61
contig_9_22S1NFb-5	72698	7053209	60	61
contig_1_22S1NFb-6	3657653	20	60	61
contig_2_22S1NFb-6	70886	3718654	60	61
contig_1_22S1PE-10	11500	20	60	61
contig_3_22S1PE-11	3621806	20	60	61
contig_10_22S1PE-12	70711	21	60	61
contig_2_22S1PE-12	14239	71931	60	61
contig_4_22S1PE-12	3220665	86428	60	61
contig_5_22S1PE-12	2764	3360791	60	61
contig_7_22S1PE-12	12031	3363622	60	61
contig_8_22S1PE-12	192372	3375874	60	61
contig_9_22S1PE-12	282515	3571473	60	61
contig_1_22S1PE-13	3654968	20	60	61
contig_2_22S1PE-13	70819	3715925	60	61
contig_3_22S1PE-14	3654860	20	60	61
contig_4_22S1PE-14	70800	3715815	60	61
contig_1_22S1PE-15	3329329	20	60	61
contig_1_22S1PE-16	3355536	20	60	61
contig_3_22S1PE-16	4102	3411502	60	61
contig_1_22S1PE-17	4329144	20	60	61
contig_1_22S1PE-18	4086956	20	60	61
contig_3_22S1PE-18	58018	4155112	60	61
contig_1_22S1PE-19	3397653	20	60	61
contig_1_22S1PE-1	3854583	19	60	61
contig_2_22S1PE-1	110564	3918865	60	61
contig_3_22S1PE-1	233142	4031291	60	61
contig_1_22S1PE-20	3395038	20	60	61
contig_1_22S1PE-21	3480001	20	60	61
contig_2_22S1PE-21	55640	3538042	60	61
contig_1_22S1PE-23	33170	20	60	61
contig_10_22S1PE-23	37980	33764	60	61
contig_12_22S1PE-23	45128	72398	60	61
contig_13_22S1PE-23	41701	118300	60	61
contig_14_22S1PE-23	29819	160718	60	61
contig_15_22S1PE-23	14925	191055	60	61
contig_16_22S1PE-23	37173	206250	60	61
contig_17_22S1PE-23	60922	244064	60	61
contig_18_22S1PE-23	50245	306023	60	61
contig_19_22S1PE-23	44660	357127	60	61
contig_2_22S1PE-23	39085	402552	60	61
contig_20_22S1PE-23	78510	442310	60	61
contig_21_22S1PE-23	23940	522150	60	61
contig_22_22S1PE-23	60329	546510	60	61
contig_23_22S1PE-23	118033	607866	60	61
contig_24_22S1PE-23	79733	727888	60	61
contig_25_22S1PE-23	27918	808971	60	61
contig_26_22S1PE-23	62178	837376	60	61
contig_27_22S1PE-23	44145	900612	60	61
contig_28_22S1PE-23	78088	945514	60	61
contig_29_22S1PE-23	21938	1024925	60	61
contig_3_22S1PE-23	29416	1047249	60	61
contig_30_22S1PE-23	19431	1077177	60	61
contig_31_22S1PE-23	37728	1096953	60	61
contig_32_22S1PE-23	86483	1135331	60	61
contig_33_22S1PE-23	16933	1223277	60	61
contig_34_22S1PE-23	12944	1240514	60	61
contig_35_22S1PE-23	117376	1253695	60	61
contig_36_22S1PE-23	24619	1373049	60	61
contig_37_22S1PE-23	50675	1398100	60	61
contig_38_22S1PE-23	9691	1449641	60	61
contig_39_22S1PE-23	19420	1459515	60	61
contig_4_22S1PE-23	7035	1479279	60	61
contig_40_22S1PE-23	5626	1486453	60	61
contig_41_22S1PE-23	70752	1492194	60	61
contig_42_22S1PE-23	14026	1564147	60	61
contig_43_22S1PE-23	46361	1578428	60	61
contig_44_22S1PE-23	10052	1625583	60	61
contig_45_22S1PE-23	5857	1635824	60	61
contig_46_22S1PE-23	74606	1641800	60	61
contig_47_22S1PE-23	3500	1717671	60	61
contig_48_22S1PE-23	6983	1721251	60	61
contig_49_22S1PE-23	53373	1728372	60	61
contig_5_22S1PE-23	320508	1782655	60	61
contig_50_22S1PE-23	320629	2108526	60	61
contig_6_22S1PE-23	412365	2434519	60	61
contig_7_22S1PE-23	45727	2853777	60	61
contig_8_22S1PE-23	224506	2900287	60	61
contig_9_22S1PE-23	66100	3128555	60	61
contig_1_22S1PE-24	3396882	20	60	61
contig_1_22S1PE-25	3557063	20	60	61
contig_3_22S1PE-25	7138	3616388	60	61
contig_4_22S1PE-25	522265	3623665	60	61
contig_5_22S1PE-25	7636	4154655	60	61
contig_6_22S1PE-25	100850	4162439	60	61
contig_1_22S1PE-26	6337	20	60	61
contig_2_22S1PE-26	823114	6483	60	61
contig_3_22S1PE-26	897	843336	60	61
contig_5_22S1PE-26	471589	844268	60	61
contig_6_22S1PE-26	3396735	1323737	60	61
contig_7_22S1PE-26	325197	4777105	60	61
contig_8_22S1PE-26	11280	5107742	60	61
contig_3_22S1PE-27	3333799	20	60	61
contig_1_22S1PE-28	4047156	20	60	61
contig_2_22S1PE-28	38737	4114649	60	61
contig_3_22S1PE-29	553519	20	60	61
contig_4_22S1PE-29	4056400	562785	60	61
contig_5_22S1PE-29	183889	4686812	60	61
contig_6_22S1PE-29	66607	4873786	60	61
contig_1_22S1PE-2	4399071	19	60	61
contig_2_22S1PE-2	2969	4472427	60	61
contig_3_22S1PE-2	3856077	4475465	60	61
contig_4_22S1PE-2	34548	8395829	60	61
contig_5_22S1PE-2	21766	8430972	60	61
contig_6_22S1PE-2	82851	8453120	60	61
contig_7_22S1PE-2	233195	8537371	60	61
contig_1_22S1PE-30	4050405	20	60	61
contig_2_22S1PE-30	105479	4117952	60	61
contig_3_22S1PE-30	181602	4225209	60	61
contig_4_22S1PE-30	553681	4409858	60	61
contig_1_22S1PE-3	3856653	19	60	61
contig_2_22S1PE-3	233286	3920969	60	61
contig_3_22S1PE-3	110627	4158163	60	61
contig_1_22S1PE-4	3719512	19	60	61
contig_1_22S1PE-5	3621497	19	60	61
contig_1_22S1PE-6	3181806	19	60	61
contig_2_22S1PE-6	104724	3234875	60	61
contig_1_22S1PE-7	1467866	19	60	61
contig_2_22S1PE-7	1423367	1492369	60	61
contig_3_22S1PE-7	6988	2939478	60	61
contig_4_22S1PE-7	319276	2946602	60	61
contig_5_22S1PE-7	116686	3271219	60	61
contig_1_22S1PE-8	3654348	19	60	61
contig_2_22S1PE-8	70775	3715292	60	61
contig_1_22S1PE-9	4212196	19	60	61
contig_2_22S1PE-9	4634	4282438	60	61
contig_1_22S1R2A-10	106663	21	60	61
contig_2_22S1R2A-10	3486168	108483	60	61
contig_3_22S1R2A-10	80066	3652775	60	61
contig_1_22S1R2A-11	1757309	21	60	61
contig_2_22S1R2A-11	1611686	1786640	60	61
contig_1_22S1R2A-12	3669337	21	60	61
contig_1_22S1R2A-13	3421273	21	60	61
contig_1_22S1R2A-14	4466214	21	60	61
contig_5_22S1R2A-14	318048	4540693	60	61
contig_1_22S1R2A-15	3592621	21	60	61
contig_1_22S1R2A-1	4276909	20	60	61
contig_2_22S1R2A-1	106750	4348231	60	61
contig_1_22S1R2A-2	547849	20	60	61
contig_2_22S1R2A-2	4027437	557020	60	61
contig_3_22S1R2A-2	2338	4651601	60	61
contig_4_22S1R2A-2	181730	4653998	60	61
contig_5_22S1R2A-2	12498	4838777	60	61
contig_6_22S1R2A-2	25194	4851504	60	61
contig_7_22S1R2A-2	39625	4877138	60	61
contig_8_22S1R2A-2	23477	4917444	60	61
contig_9_22S1R2A-2	11836	4941333	60	61
contig_1_22S1R2A-3	267954	20	60	61
contig_10_22S1R2A-3	316595	272461	60	61
contig_11_22S1R2A-3	213445	594354	60	61
contig_12_22S1R2A-3	905572	811378	60	61
contig_13_22S1R2A-3	209056	1732064	60	61
contig_14_22S1R2A-3	16241	1944626	60	61
contig_15_22S1R2A-3	17564	1961159	60	61
contig_16_22S1R2A-3	5575	1979037	60	61
contig_17_22S1R2A-3	35861	1984726	60	61
contig_18_22S1R2A-3	51092	2021206	60	61
contig_19_22S1R2A-3	66607	2073171	60	61
contig_2_22S1R2A-3	2719	2140909	60	61
contig_20_22S1R2A-3	1175	2143695	60	61
contig_21_22S1R2A-3	63879	2144911	60	61
contig_22_22S1R2A-3	73044	2209876	60	61
contig_23_22S1R2A-3	23137	2284159	60	61
contig_24_22S1R2A-3	16332	2307703	60	61
contig_25_22S1R2A-3	17725	2324329	60	61
contig_26_22S1R2A-3	15989	2342371	60	61
contig_27_22S1R2A-3	8915	2358648	60	61
contig_28_22S1R2A-3	85757	2367733	60	61
contig_29_22S1R2A-3	3619	2454941	60	61
contig_3_22S1R2A-3	158658	2458641	60	61
contig_30_22S1R2A-3	100988	2619965	60	61
contig_31_22S1R2A-3	10135	2722658	60	61
contig_32_22S1R2A-3	15168	2732983	60	61
contig_33_22S1R2A-3	5958	2748425	60	61
contig_34_22S1R2A-3	5126	2754504	60	61
contig_35_22S1R2A-3	4257	2759737	60	61
contig_36_22S1R2A-3	178598	2764086	60	61
contig_37_22S1R2A-3	210661	2945682	60	61
contig_38_22S1R2A-3	207252	3159876	60	61
contig_39_22S1R2A-3	245300	3370604	60	61
contig_4_22S1R2A-3	49164	3620013	60	61
contig_40_22S1R2A-3	64081	3670018	60	61
contig_41_22S1R2A-3	29095	3735189	60	61
contig_5_22S1R2A-3	492141	3764789	60	61
contig_6_22S1R2A-3	42562	4265153	60	61
contig_7_22S1R2A-3	18819	4308445	60	61
contig_8_22S1R2A-3	13643	4327598	60	61
contig_9_22S1R2A-3	42828	4341489	60	61
contig_1_22S1R2A-4	4139938	20	60	61
contig_2_22S1R2A-4	48260	4208977	60	61
contig_1_22S1R2A-5	4335787	20	60	61
contig_2_22S1R2A-5	310767	4408091	60	61
contig_1_22S1R2A-6	3099	20	60	61
contig_10_22S1R2A-6	19504	3192	60	61
contig_2_22S1R2A-6	1463	23042	60	61
contig_3_22S1R2A-6	5853	24550	60	61
contig_4_22S1R2A-6	2380	30521	60	61
contig_5_22S1R2A-6	6214	32961	60	61
contig_6_22S1R2A-6	2289	39299	60	61
contig_7_22S1R2A-6	6051	41647	60	61
contig_8_22S1R2A-6	2583	47819	60	61
contig_9_22S1R2A-6	3056	50466	60	61
contig_1_22S1R2A-7	4166	20	60	61
contig_2_22S1R2A-7	4671	4276	60	61
contig_3_22S1R2A-7	2427	9045	60	61
contig_4_22S1R2A-7	4870	11533	60	61
contig_5_22S1R2A-7	4749	16505	60	61
contig_6_22S1R2A-7	3282	21354	60	61
contig_1_22S1R2A-9	1672226	20	60	61
contig_10_22S1R2A-9	4937	1700138	60	61
contig_11_22S1R2A-9	16459	1705179	60	61
contig_12_22S1R2A-9	3805	1721934	60	61
contig_13_22S1R2A-9	835	1725824	60	61
contig_14_22S1R2A-9	3773	1726694	60	61
contig_15_22S1R2A-9	3171	1730551	60	61
contig_16_22S1R2A-9	4576	1733796	60	61
contig_17_22S1R2A-9	14251	1738470	60	61
contig_18_22S1R2A-9	21550	1752980	60	61
contig_19_22S1R2A-9	19029	1774911	60	61
contig_2_22S1R2A-9	2290176	1794278	60	61
contig_20_22S1R2A-9	2441	4122645	60	61
contig_21_22S1R2A-9	2400	4125148	60	61
contig_22_22S1R2A-9	278753	4127609	60	61
contig_3_22S1R2A-9	11918	4411028	60	61
contig_5_22S1R2A-9	8070	4423165	60	61
contig_6_22S1R2A-9	11164	4431390	60	61
contig_7_22S1R2A-9	12602	4442761	60	61
contig_8_22S1R2A-9	11665	4455594	60	61
contig_9_22S1R2A-9	2829	4467474	60	61
contig_1_22S1VL55-1	3858945	21	60	61
contig_2_22S1VL55-1	110661	3923303	60	61
contig_3_22S1VL55-1	233370	4035830	60	61
contig_4_22S1VL55-1	168845	4273111	60	61
contig_1_22S1VL55-2	4749027	21	60	61
contig_1_22S1VL55-3	3397901	21	60	61
contig_1_22S1VL55-4	42067	21	60	61
contig_10_22S1VL55-4	28404	42812	60	61
contig_11_22S1VL55-4	4011294	71712	60	61
contig_12_22S1VL55-4	42960	4149883	60	61
contig_13_22S1VL55-4	104296	4193581	60	61
contig_2_22S1VL55-4	137410	4299637	60	61
contig_3_22S1VL55-4	29121	4439359	60	61
contig_4_22S1VL55-4	43737	4468987	60	61
contig_5_22S1VL55-4	120158	4513474	60	61
contig_6_22S1VL55-4	17269	4635656	60	61
contig_7_22S1VL55-4	107419	4653234	60	61
contig_8_22S1VL55-4	33940	4762465	60	61
contig_9_22S1VL55-4	31263	4796992	60	61
contig_1_22S1VL55-5	3398844	21	60	61
contig_1_22S1VL55-6	596718	21	60	61
contig_2_22S1VL55-6	2592956	606706	60	61
contig_3_22S1VL55-6	24680	3242899	60	61
contig_4_22S1VL55-6	769718	3268012	60	61
contig_5_22S1VL55-6	252002	4050580	60	61
contig_6_22S1VL55-6	250251	4306804	60	61
contig_7_22S1VL55-6	65814	4561247	60	61
contig_1_22S1VL55-7	3399249	21	60	61
contig_1_22S1VL55-8	22382	21	60	61
contig_2_22S1VL55-8	24697	22798	60	61
contig_3_22S1VL55-8	110813	47928	60	61
contig_4_22S1VL55-8	49166	160609	60	61
contig_5_22S1VL55-8	30777	210616	60	61
contig_6_22S1VL55-8	11551	241927	60	61
contig_1_22S1VL55-9	77919	21	60	61
contig_10_22S1VL55-9	301159	79261	60	61
contig_11_22S1VL55-9	435354	385462	60	61
contig_12_22S1VL55-9	78446	828094	60	61
contig_13_22S1VL55-9	61977	907870	60	61
contig_14_22S1VL55-9	365483	970902	60	61
contig_15_22S1VL55-9	203333	1342499	60	61
contig_16_22S1VL55-9	280542	1549243	60	61
contig_17_22S1VL55-9	181420	1834483	60	61
contig_18_22S1VL55-9	131207	2018949	60	61
contig_19_22S1VL55-9	367492	2152365	60	61
contig_2_22S1VL55-9	550189	2526003	60	61
contig_20_22S1VL55-9	44764	3085384	60	61
contig_21_22S1VL55-9	246094	3130917	60	61
contig_22_22S1VL55-9	23022	3381135	60	61
contig_3_22S1VL55-9	181029	3404562	60	61
contig_4_22S1VL55-9	623839	3588630	60	61
contig_5_22S1VL55-9	67347	4222888	60	61
contig_6_22S1VL55-9	193418	4291379	60	61
contig_7_22S1VL55-9	63112	4488042	60	61
contig_8_22S1VL55-9	19099	4552227	60	61
contig_9_22S1VL55-9	135376	4571666	60	61
contig_1_22S2NFb-1	3583386	20	60	61
contig_1_22S2NFb-2	5827945	20	60	61
contig_2_22S2NFb-2	40754	5925118	60	61
contig_1_22S2NFb-3	3677256	20	60	61
contig_2_22S2NFb-3	48515	3738584	60	61
contig_1_22S2NFb-4	4009355	20	60	61
contig_2_22S2NFb-4	90571	4076218	60	61
contig_3_22S2NFb-4	186676	4168319	60	61
contig_4_22S2NFb-4	40740	4358127	60	61
contig_1_22S2NFb-6	4009052	20	60	61
contig_2_22S2NFb-6	40753	4075910	60	61
contig_3_22S2NFb-6	186722	4117363	60	61
contig_4_22S2NFb-6	90561	4307218	60	61
contig_1_22S2NFb-7	4246463	20	60	61
contig_1_22S2NFb-8	4009375	20	60	61
contig_2_22S2NFb-8	186691	4076238	60	61
contig_3_22S2NFb-8	40748	4266061	60	61
contig_1_22S2PE-10	3133739	20	60	61
contig_2_22S2PE-10	91643	3186008	60	61
contig_3_22S2PE-11	3495900	20	60	61
contig_4_22S2PE-11	97700	3554205	60	61
contig_1_22S2PE-12	4353437	20	60	61
contig_3_22S2PE-1	3179446	19	60	61
contig_4_22S2PE-1	86084	3232475	60	61
contig_1_22S2PE-2	40600	19	60	61
contig_10_22S2PE-2	32387	41316	60	61
contig_11_22S2PE-2	22407	74263	60	61
contig_12_22S2PE-2	32787	97064	60	61
contig_13_22S2PE-2	14621	130418	60	61
contig_14_22S2PE-2	60837	145303	60	61
contig_15_22S2PE-2	9331	207174	60	61
contig_16_22S2PE-2	34530	216681	60	61
contig_17_22S2PE-2	26570	251807	60	61
contig_18_22S2PE-2	60454	278840	60	61
contig_19_22S2PE-2	87483	340322	60	61
contig_2_22S2PE-2	125041	429283	60	61
contig_20_22S2PE-2	43932	556429	60	61
contig_21_22S2PE-2	67806	601114	60	61
contig_22_22S2PE-2	74474	670071	60	61
contig_23_22S2PE-2	31386	745807	60	61
contig_24_22S2PE-2	8913	777737	60	61
contig_25_22S2PE-2	67497	786819	60	61
contig_26_22S2PE-2	8456	855461	60	61
contig_27_22S2PE-2	35969	864078	60	61
contig_28_22S2PE-2	24419	900667	60	61
contig_29_22S2PE-2	60852	925513	60	61
contig_3_22S2PE-2	12170	987399	60	61
contig_30_22S2PE-2	27815	999792	60	61
contig_31_22S2PE-2	65356	1028091	60	61
contig_32_22S2PE-2	52393	1094557	60	61
contig_33_22S2PE-2	11869	1147844	60	61
contig_34_22S2PE-2	8353	1159931	60	61
contig_35_22S2PE-2	44540	1168444	60	61
contig_36_22S2PE-2	20973	1213747	60	61
contig_37_22S2PE-2	24569	1235090	60	61
contig_38_22S2PE-2	80595	1260089	60	61
contig_39_22S2PE-2	32463	1342048	60	61
contig_4_22S2PE-2	21728	1375072	60	61
contig_40_22S2PE-2	29141	1397183	60	61
contig_41_22S2PE-2	49624	1426830	60	61
contig_42_22S2PE-2	28850	1477302	60	61
contig_43_22S2PE-2	19463	1506653	60	61
contig_44_22S2PE-2	61587	1526461	60	61
contig_45_22S2PE-2	22928	1589095	60	61
contig_46_22S2PE-2	27509	1612426	60	61
contig_47_22S2PE-2	52360	1640414	60	61
contig_48_22S2PE-2	15785	1693667	60	61
contig_49_22S2PE-2	12271	1709736	60	61
contig_5_22S2PE-2	9368	1722231	60	61
contig_50_22S2PE-2	37207	1731776	60	61
contig_51_22S2PE-2	27973	1769624	60	61
contig_52_22S2PE-2	34608	1798084	60	61
contig_53_22S2PE-2	2670	1833289	60	61
contig_54_22S2PE-2	13477	1836024	60	61
contig_55_22S2PE-2	33700	1849746	60	61
contig_56_22S2PE-2	155836	1884028	60	61
contig_57_22S2PE-2	9125	2042482	60	61
contig_58_22S2PE-2	6824	2051780	60	61
contig_59_22S2PE-2	45149	2058738	60	61
contig_6_22S2PE-2	60656	2104659	60	61
contig_60_22S2PE-2	3405	2166346	60	61
contig_7_22S2PE-2	168841	2169827	60	61
contig_8_22S2PE-2	38643	2341502	60	61
contig_9_22S2PE-2	15947	2380809	60	61
contig_1_22S2PE-3	3581057	19	60	61
contig_2_22S2PE-4	4915	19	60	61
contig_3_22S2PE-4	4074377	5035	60	61
contig_4_22S2PE-4	100453	4147338	60	61
contig_5_22S2PE-4	89221	4249485	60	61
contig_7_22S2PE-4	9518	4340213	60	61
contig_1_22S2PE-5	33144	19	60	61
contig_10_22S2PE-5	62341	33736	60	61
contig_11_22S2PE-5	3899	97137	60	61
contig_12_22S2PE-5	145799	101121	60	61
contig_13_22S2PE-5	38529	249370	60	61
contig_14_22S2PE-5	69371	288562	60	61
contig_15_22S2PE-5	54760	359110	60	61
contig_16_22S2PE-5	52991	414803	60	61
contig_17_22S2PE-5	40685	468698	60	61
contig_18_22S2PE-5	45323	510082	60	61
contig_19_22S2PE-5	54595	556181	60	61
contig_2_22S2PE-5	21706	611705	60	61
contig_20_22S2PE-5	16824	633793	60	61
contig_21_22S2PE-5	97169	650918	60	61
contig_22_22S2PE-5	147180	749727	60	61
contig_23_22S2PE-5	23073	899380	60	61
contig_24_22S2PE-5	20257	922858	60	61
contig_25_22S2PE-5	65927	943473	60	61
contig_26_22S2PE-5	32290	1010519	60	61
contig_27_22S2PE-5	60939	1043368	60	61
contig_28_22S2PE-5	17483	1105343	60	61
contig_29_22S2PE-5	34836	1123138	60	61
contig_3_22S2PE-5	168831	1158574	60	61
contig_31_22S2PE-5	20222	1330239	60	61
contig_33_22S2PE-5	10752	1350819	60	61
contig_34_22S2PE-5	45604	1361771	60	61
contig_35_22S2PE-5	24847	1408156	60	61
contig_36_22S2PE-5	24803	1433438	60	61
contig_37_22S2PE-5	9827	1458675	60	61
contig_38_22S2PE-5	20826	1468686	60	61
contig_39_22S2PE-5	28920	1489880	60	61
contig_4_22S2PE-5	54283	1519301	60	61
contig_40_22S2PE-5	12625	1574509	60	61
contig_41_22S2PE-5	183469	1587365	60	61
contig_42_22S2PE-5	15070	1773912	60	61
contig_43_22S2PE-5	5598	1789254	60	61
contig_44_22S2PE-5	174280	1794966	60	61
contig_45_22S2PE-5	2379	1972171	60	61
contig_46_22S2PE-5	9843	1974610	60	61
contig_47_22S2PE-5	2578	1984638	60	61
contig_48_22S2PE-5	2301	1987279	60	61
contig_49_22S2PE-5	165028	1989639	60	61
contig_5_22S2PE-5	167121	2157437	60	61
contig_50_22S2PE-5	60457	2327364	60	61
contig_51_22S2PE-5	344716	2388849	60	61
contig_52_22S2PE-5	355124	2739331	60	61
contig_53_22S2PE-5	19967	3100394	60	61
contig_54_22S2PE-5	54118	3120714	60	61
contig_6_22S2PE-5	54177	3175753	60	61
contig_7_22S2PE-5	225905	3230852	60	61
contig_8_22S2PE-5	13714	3460542	60	61
contig_9_22S2PE-5	36933	3474504	60	61
contig_1_22S2PE-6	3404175	19	60	61
contig_3_22S2PE-7	3495453	19	60	61
contig_4_22S2PE-7	114256	3553749	60	61
contig_1_22S2PE-8	3418648	19	60	61
contig_1_22S2PE-9	3720442	19	60	61
contig_2_22S2PE-9	143475	3782488	60	61
contig_1_22S2R2A-10	4032965	21	60	61
contig_2_22S2R2A-10	29029	4100224	60	61
contig_3_22S2R2A-10	357769	4129758	60	61
contig_1_22S2R2A-11	1797	21	60	61
contig_3_22S2R2A-11	61028	1869	60	61
contig_4_22S2R2A-11	24529	63936	60	61
contig_5_22S2R2A-11	6093164	88895	60	61
contig_1_22S2R2A-12	3585204	21	60	61
contig_1_22S2R2A-13	56378	21	60	61
contig_10_22S2R2A-13	16200	57361	60	61
contig_100_22S2R2A-13	47382	73854	60	61
contig_101_22S2R2A-13	25911	122049	60	61
contig_102_22S2R2A-13	8433	148415	60	61
contig_103_22S2R2A-13	32843	157012	60	61
contig_104_22S2R2A-13	67487	190426	60	61
contig_105_22S2R2A-13	32424	259061	60	61
contig_106_22S2R2A-13	63925	292049	60	61
contig_107_22S2R2A-13	46842	357063	60	61
contig_108_22S2R2A-13	2687	404709	60	61
contig_109_22S2R2A-13	6078	407464	60	61
contig_11_22S2R2A-13	17547	413666	60	61
contig_110_22S2R2A-13	10092	431529	60	61
contig_111_22S2R2A-13	23146	441813	60	61
contig_112_22S2R2A-13	76850	465368	60	61
contig_113_22S2R2A-13	4644	543522	60	61
contig_114_22S2R2A-13	5230	548267	60	61
contig_115_22S2R2A-13	33473	553608	60	61
contig_116_22S2R2A-13	69521	587662	60	61
contig_117_22S2R2A-13	3373	658365	60	61
contig_118_22S2R2A-13	3229	661818	60	61
contig_119_22S2R2A-13	42239	665124	60	61
contig_12_22S2R2A-13	47629	708089	60	61
contig_121_22S2R2A-13	16208	756535	60	61
contig_122_22S2R2A-13	22309	773037	60	61
contig_123_22S2R2A-13	25733	795741	60	61
contig_124_22S2R2A-13	137674	821926	60	61
contig_125_22S2R2A-13	73296	961918	60	61
contig_126_22S2R2A-13	21574	1036459	60	61
contig_127_22S2R2A-13	65680	1058416	60	61
contig_128_22S2R2A-13	128344	1125214	60	61
contig_129_22S2R2A-13	16233	1255721	60	61
contig_13_22S2R2A-13	5908	1272247	60	61
contig_130_22S2R2A-13	94522	1278277	60	61
contig_131_22S2R2A-13	113787	1374398	60	61
contig_132_22S2R2A-13	94700	1490105	60	61
contig_133_22S2R2A-13	48516	1586407	60	61
contig_134_22S2R2A-13	29012	1635755	60	61
contig_135_22S2R2A-13	14935	1665274	60	61
contig_136_22S2R2A-13	35196	1680481	60	61
contig_137_22S2R2A-13	53145	1716287	60	61
contig_138_22S2R2A-13	25966	1770341	60	61
contig_139_22S2R2A-13	8486	1796763	60	61
contig_14_22S2R2A-13	89181	1805413	60	61
contig_140_22S2R2A-13	24162	1896104	60	61
contig_141_22S2R2A-13	7086	1920692	60	61
contig_142_22S2R2A-13	29674	1927920	60	61
contig_143_22S2R2A-13	7161	1958112	60	61
contig_144_22S2R2A-13	16073	1965416	60	61
contig_145_22S2R2A-13	133941	1981780	60	61
contig_146_22S2R2A-13	15630	2117977	60	61
contig_147_22S2R2A-13	45588	2133891	60	61
contig_148_22S2R2A-13	48932	2180262	60	61
contig_149_22S2R2A-13	14186	2230033	60	61
contig_15_22S2R2A-13	78575	2244478	60	61
contig_150_22S2R2A-13	80470	2324386	60	61
contig_151_22S2R2A-13	289113	2406221	60	61
contig_152_22S2R2A-13	16931	2700176	60	61
contig_153_22S2R2A-13	94191	2717413	60	61
contig_154_22S2R2A-13	31864	2813197	60	61
contig_155_22S2R2A-13	50018	2845616	60	61
contig_156_22S2R2A-13	573	2896491	60	61
contig_157_22S2R2A-13	30153	2897097	60	61
contig_158_22S2R2A-13	40547	2927776	60	61
contig_159_22S2R2A-13	21779	2969022	60	61
contig_16_22S2R2A-13	22330	2991186	60	61
contig_160_22S2R2A-13	49504	3013912	60	61
contig_161_22S2R2A-13	26053	3064265	60	61
contig_162_22S2R2A-13	3943	3090776	60	61
contig_163_22S2R2A-13	9034	3094808	60	61
contig_164_22S2R2A-13	22009	3104016	60	61
contig_165_22S2R2A-13	17539	3126415	60	61
contig_166_22S2R2A-13	15571	3144270	60	61
contig_167_22S2R2A-13	6399	3160124	60	61
contig_168_22S2R2A-13	101242	3166653	60	61
contig_169_22S2R2A-13	25444	3269606	60	61
contig_17_22S2R2A-13	42722	3295497	60	61
contig_170_22S2R2A-13	11696	3338955	60	61
contig_171_22S2R2A-13	178407	3350869	60	61
contig_172_22S2R2A-13	783	3532273	60	61
contig_173_22S2R2A-13	197191	3533093	60	61
contig_174_22S2R2A-13	47080	3733594	60	61
contig_175_22S2R2A-13	41224	3781482	60	61
contig_176_22S2R2A-13	10869	3823417	60	61
contig_177_22S2R2A-13	53812	3834491	60	61
contig_178_22S2R2A-13	7857	3889223	60	61
contig_179_22S2R2A-13	8035	3897234	60	61
contig_18_22S2R2A-13	1293	3905425	60	61
contig_180_22S2R2A-13	27988	3906763	60	61
contig_181_22S2R2A-13	46983	3935241	60	61
contig_182_22S2R2A-13	20905	3983031	60	61
contig_183_22S2R2A-13	16079	4004308	60	61
contig_184_22S2R2A-13	117497	4020678	60	61
contig_186_22S2R2A-13	12650	4140157	60	61
contig_187_22S2R2A-13	33680	4153041	60	61
contig_188_22S2R2A-13	39998	4187306	60	61
contig_189_22S2R2A-13	33676	4227994	60	61
contig_19_22S2R2A-13	1069	4262254	60	61
contig_190_22S2R2A-13	14992	4263364	60	61
contig_191_22S2R2A-13	36837	4278629	60	61
contig_192_22S2R2A-13	12731	4316103	60	61
contig_193_22S2R2A-13	29982	4329070	60	61
contig_194_22S2R2A-13	2195	4359575	60	61
contig_195_22S2R2A-13	47851	4361830	60	61
contig_196_22S2R2A-13	111809	4410502	60	61
contig_197_22S2R2A-13	88854	4524198	60	61
contig_198_22S2R2A-13	42601	4614556	60	61
contig_199_22S2R2A-13	6355	4657891	60	61
contig_2_22S2R2A-13	213997	4664373	60	61
contig_20_22S2R2A-13	53518	4881959	60	61
contig_200_22S2R2A-13	5445	4936392	60	61
contig_201_22S2R2A-13	23569	4941951	60	61
contig_202_22S2R2A-13	12877	4965936	60	61
contig_203_22S2R2A-13	43088	4979051	60	61
contig_204_22S2R2A-13	105310	5022881	60	61
contig_205_22S2R2A-13	51493	5129970	60	61
contig_206_22S2R2A-13	21873	5182345	60	61
contig_207_22S2R2A-13	21484	5204606	60	61
contig_208_22S2R2A-13	15738	5226472	60	61
contig_209_22S2R2A-13	30219	5242496	60	61
contig_21_22S2R2A-13	23948	5273241	60	61
contig_210_22S2R2A-13	21821	5297612	60	61
contig_211_22S2R2A-13	10143	5319820	60	61
contig_212_22S2R2A-13	10580	5330156	60	61
contig_213_22S2R2A-13	96423	5340936	60	61
contig_214_22S2R2A-13	6848	5438990	60	61
contig_215_22S2R2A-13	13464	5445976	60	61
contig_216_22S2R2A-13	22068	5459688	60	61
contig_217_22S2R2A-13	8379	5482147	60	61
contig_218_22S2R2A-13	12850	5490689	60	61
contig_219_22S2R2A-13	36013	5503777	60	61
contig_22_22S2R2A-13	43715	5540413	60	61
contig_220_22S2R2A-13	53848	5584880	60	61
contig_221_22S2R2A-13	42385	5639649	60	61
contig_222_22S2R2A-13	43295	5682764	60	61
contig_223_22S2R2A-13	15223	5726804	60	61
contig_224_22S2R2A-13	6355	5742304	60	61
contig_225_22S2R2A-13	8180	5748788	60	61
contig_226_22S2R2A-13	10067	5757128	60	61
contig_227_22S2R2A-13	35532	5767386	60	61
contig_228_22S2R2A-13	12273	5803534	60	61
contig_229_22S2R2A-13	48750	5816035	60	61
contig_23_22S2R2A-13	18456	5865620	60	61
contig_230_22S2R2A-13	51441	5884407	60	61
contig_231_22S2R2A-13	21423	5936729	60	61
contig_232_22S2R2A-13	19221	5958533	60	61
contig_233_22S2R2A-13	45934	5978098	60	61
contig_234_22S2R2A-13	86751	6024821	60	61
contig_235_22S2R2A-13	35283	6113041	60	61
contig_236_22S2R2A-13	23904	6148936	60	61
contig_237_22S2R2A-13	46177	6173262	60	61
contig_238_22S2R2A-13	39576	6220232	60	61
contig_239_22S2R2A-13	23275	6260491	60	61
contig_24_22S2R2A-13	46822	6284176	60	61
contig_240_22S2R2A-13	4460	6331802	60	61
contig_241_22S2R2A-13	75350	6336360	60	61
contig_242_22S2R2A-13	68697	6412989	60	61
contig_243_22S2R2A-13	30949	6482854	60	61
contig_244_22S2R2A-13	41150	6514342	60	61
contig_245_22S2R2A-13	15971	6556201	60	61
contig_246_22S2R2A-13	36003	6572462	60	61
contig_247_22S2R2A-13	58830	6609089	60	61
contig_248_22S2R2A-13	11016	6668923	60	61
contig_249_22S2R2A-13	20133	6680146	60	61
contig_25_22S2R2A-13	85152	6700637	60	61
contig_250_22S2R2A-13	18181	6787232	60	61
contig_251_22S2R2A-13	702312	6805740	60	61
contig_252_22S2R2A-13	503843	7519781	60	61
contig_253_22S2R2A-13	36013	8032045	60	61
contig_254_22S2R2A-13	7457	8068682	60	61
contig_255_22S2R2A-13	21138	8076287	60	61
contig_256_22S2R2A-13	38335	8097801	60	61
contig_257_22S2R2A-13	14891	8136798	60	61
contig_258_22S2R2A-13	26173	8151961	60	61
contig_259_22S2R2A-13	28920	8178594	60	61
contig_26_22S2R2A-13	18890	8208018	60	61
contig_260_22S2R2A-13	38497	8227246	60	61
contig_261_22S2R2A-13	30280	8266408	60	61
contig_262_22S2R2A-13	26002	8297216	60	61
contig_263_22S2R2A-13	15188	8323675	60	61
contig_264_22S2R2A-13	26503	8339140	60	61
contig_265_22S2R2A-13	5710	8366108	60	61
contig_266_22S2R2A-13	61425	8371937	60	61
contig_267_22S2R2A-13	40211	8434409	60	61
contig_268_22S2R2A-13	18143	8475314	60	61
contig_269_22S2R2A-13	5943	8493783	60	61
contig_27_22S2R2A-13	21248	8499848	60	61
contig_270_22S2R2A-13	27706	8521474	60	61
contig_271_22S2R2A-13	9967	8549665	60	61
contig_272_22S2R2A-13	26262	8559822	60	61
contig_273_22S2R2A-13	16379	8586545	60	61
contig_274_22S2R2A-13	15229	8603220	60	61
contig_275_22S2R2A-13	5768	8618726	60	61
contig_276_22S2R2A-13	16509	8624614	60	61
contig_277_22S2R2A-13	7624	8641422	60	61
contig_278_22S2R2A-13	28237	8649197	60	61
contig_279_22S2R2A-13	24942	8677928	60	61
contig_28_22S2R2A-13	27667	8703308	60	61
contig_280_22S2R2A-13	34769	8731460	60	61
contig_281_22S2R2A-13	36785	8766832	60	61
contig_282_22S2R2A-13	21862	8804254	60	61
contig_283_22S2R2A-13	22416	8826504	60	61
contig_284_22S2R2A-13	7246	8849317	60	61
contig_285_22S2R2A-13	12210	8856707	60	61
contig_286_22S2R2A-13	23501	8869144	60	61
contig_287_22S2R2A-13	14847	8893060	60	61
contig_288_22S2R2A-13	2865	8908178	60	61
contig_289_22S2R2A-13	7417	8911114	60	61
contig_29_22S2R2A-13	48683	8918677	60	61
contig_290_22S2R2A-13	18235	8968195	60	61
contig_291_22S2R2A-13	45338	8986757	60	61
contig_292_22S2R2A-13	33651	9032874	60	61
contig_293_22S2R2A-13	39374	9067109	60	61
contig_294_22S2R2A-13	3908	9107163	60	61
contig_295_22S2R2A-13	7128	9111160	60	61
contig_296_22S2R2A-13	9860	9118430	60	61
contig_297_22S2R2A-13	10550	9128478	60	61
contig_298_22S2R2A-13	8236	9139227	60	61
contig_299_22S2R2A-13	24807	9147624	60	61
contig_3_22S2R2A-13	19476	9172866	60	61
contig_30_22S2R2A-13	174687	9192689	60	61
contig_300_22S2R2A-13	12512	9370311	60	61
contig_301_22S2R2A-13	19385	9383055	60	61
contig_302_22S2R2A-13	5547	9402787	60	61
contig_303_22S2R2A-13	312151	9408450	60	61
contig_304_22S2R2A-13	2709	9725827	60	61
contig_305_22S2R2A-13	21713	9728605	60	61
contig_306_22S2R2A-13	24669	9750703	60	61
contig_307_22S2R2A-13	9225	9775807	60	61
contig_308_22S2R2A-13	54529	9785209	60	61
contig_309_22S2R2A-13	8129	9840670	60	61
contig_31_22S2R2A-13	13717	9848957	60	61
contig_310_22S2R2A-13	29024	9862926	60	61
contig_311_22S2R2A-13	7265	9892457	60	61
contig_312_22S2R2A-13	18711	9899867	60	61
contig_313_22S2R2A-13	5051	9918913	60	61
contig_314_22S2R2A-13	8939	9924072	60	61
contig_315_22S2R2A-13	13262	9933183	60	61
contig_316_22S2R2A-13	17900	9946690	60	61
contig_317_22S2R2A-13	20586	9964912	60	61
contig_318_22S2R2A-13	14523	9985865	60	61
contig_319_22S2R2A-13	12648	10000654	60	61
contig_32_22S2R2A-13	46121	10013535	60	61
contig_320_22S2R2A-13	35564	10060448	60	61
contig_321_22S2R2A-13	79611	10096628	60	61
contig_322_22S2R2A-13	29923	10177589	60	61
contig_323_22S2R2A-13	18981	10208034	60	61
contig_324_22S2R2A-13	3322	10227355	60	61
contig_325_22S2R2A-13	35533	10230756	60	61
contig_326_22S2R2A-13	17735	10266905	60	61
contig_327_22S2R2A-13	7966	10284959	60	61
contig_328_22S2R2A-13	13226	10293081	60	61
contig_329_22S2R2A-13	26330	10306551	60	61
contig_33_22S2R2A-13	5079	10333342	60	61
contig_330_22S2R2A-13	10537	10338529	60	61
contig_332_22S2R2A-13	3268	10349265	60	61
contig_333_22S2R2A-13	5130	10352611	60	61
contig_335_22S2R2A-13	56611	10357850	60	61
contig_336_22S2R2A-13	17525	10415428	60	61
contig_337_22S2R2A-13	11461	10433269	60	61
contig_338_22S2R2A-13	4871	10444945	60	61
contig_339_22S2R2A-13	35427	10449921	60	61
contig_34_22S2R2A-13	97409	10485961	60	61
contig_340_22S2R2A-13	12271	10585017	60	61
contig_341_22S2R2A-13	7572	10597516	60	61
contig_342_22S2R2A-13	5343	10605238	60	61
contig_343_22S2R2A-13	14950	10610694	60	61
contig_344_22S2R2A-13	8116	10625917	60	61
contig_345_22S2R2A-13	21122	10634192	60	61
contig_346_22S2R2A-13	17872	10655690	60	61
contig_347_22S2R2A-13	45702	10673883	60	61
contig_348_22S2R2A-13	6571	10720370	60	61
contig_349_22S2R2A-13	25129	10727074	60	61
contig_35_22S2R2A-13	10845	10752644	60	61
contig_350_22S2R2A-13	5956	10763693	60	61
contig_351_22S2R2A-13	7806	10769772	60	61
contig_352_22S2R2A-13	24006	10777732	60	61
contig_353_22S2R2A-13	23941	10802162	60	61
contig_354_22S2R2A-13	8462	10826526	60	61
contig_355_22S2R2A-13	8785	10835153	60	61
contig_356_22S2R2A-13	34485	10844108	60	61
contig_357_22S2R2A-13	12964	10879191	60	61
contig_358_22S2R2A-13	8262	10892395	60	61
contig_359_22S2R2A-13	3298	10900818	60	61
contig_36_22S2R2A-13	49438	10904193	60	61
contig_360_22S2R2A-13	4503	10954478	60	61
contig_361_22S2R2A-13	7534	10959080	60	61
contig_362_22S2R2A-13	5090	10966763	60	61
contig_363_22S2R2A-13	2243	10971961	60	61
contig_364_22S2R2A-13	4445	10974265	60	61
contig_365_22S2R2A-13	5359	10978808	60	61
contig_366_22S2R2A-13	4055	10984280	60	61
contig_367_22S2R2A-13	9699	10988426	60	61
contig_368_22S2R2A-13	7254	10998310	60	61
contig_369_22S2R2A-13	4854	11005708	60	61
contig_37_22S2R2A-13	60357	11010665	60	61
contig_370_22S2R2A-13	4933	11072051	60	61
contig_371_22S2R2A-13	95266	11077090	60	61
contig_372_22S2R2A-13	9153	11173967	60	61
contig_373_22S2R2A-13	95058	11183296	60	61
contig_374_22S2R2A-13	12098	11279962	60	61
contig_375_22S2R2A-13	21716	11292285	60	61
contig_376_22S2R2A-13	3706	11314386	60	61
contig_377_22S2R2A-13	21789	11318177	60	61
contig_378_22S2R2A-13	23761	11340353	60	61
contig_379_22S2R2A-13	15473	11364534	60	61
contig_38_22S2R2A-13	27580	11380287	60	61
contig_380_22S2R2A-13	3078	11408350	60	61
contig_381_22S2R2A-13	25413	11411503	60	61
contig_382_22S2R2A-13	70654	11437363	60	61
contig_383_22S2R2A-13	9961	11509218	60	61
contig_384_22S2R2A-13	2517	11519369	60	61
contig_385_22S2R2A-13	5044	11521951	60	61
contig_386_22S2R2A-13	21078	11527103	60	61
contig_387_22S2R2A-13	37958	11548556	60	61
contig_388_22S2R2A-13	14620	11587170	60	61
contig_389_22S2R2A-13	71145	11602057	60	61
contig_390_22S2R2A-13	49752	11674411	60	61
contig_391_22S2R2A-13	48926	11725016	60	61
contig_392_22S2R2A-13	34259	11774781	60	61
contig_393_22S2R2A-13	822098	11809634	60	61
contig_394_22S2R2A-13	13409	12645457	60	61
contig_395_22S2R2A-13	16889	12659113	60	61
contig_396_22S2R2A-13	100628	12676307	60	61
contig_397_22S2R2A-13	43304	12778636	60	61
contig_398_22S2R2A-13	20144	12822685	60	61
contig_399_22S2R2A-13	30038	12843188	60	61
contig_4_22S2R2A-13	16990	12873748	60	61
contig_400_22S2R2A-13	45595	12891045	60	61
contig_401_22S2R2A-13	4791	12937423	60	61
contig_402_22S2R2A-13	24507	12942317	60	61
contig_403_22S2R2A-13	24932	12967256	60	61
contig_404_22S2R2A-13	75201	12992627	60	61
contig_405_22S2R2A-13	37304	13069105	60	61
contig_406_22S2R2A-13	13120	13107054	60	61
contig_407_22S2R2A-13	44601	13120416	60	61
contig_408_22S2R2A-13	59891	13165784	60	61
contig_409_22S2R2A-13	29009	13226697	60	61
contig_410_22S2R2A-13	117314	13256213	60	61
contig_411_22S2R2A-13	75620	13375506	60	61
contig_412_22S2R2A-13	27148	13452410	60	61
contig_413_22S2R2A-13	43440	13480034	60	61
contig_414_22S2R2A-13	41977	13524221	60	61
contig_415_22S2R2A-13	65145	13566921	60	61
contig_416_22S2R2A-13	6473	13633175	60	61
contig_417_22S2R2A-13	43299	13639779	60	61
contig_418_22S2R2A-13	35489	13683823	60	61
contig_419_22S2R2A-13	30646	13719927	60	61
contig_420_22S2R2A-13	39070	13751107	60	61
contig_421_22S2R2A-13	30431	13790852	60	61
contig_422_22S2R2A-13	18712	13821814	60	61
contig_423_22S2R2A-13	6604	13840861	60	61
contig_424_22S2R2A-13	86980	13847599	60	61
contig_425_22S2R2A-13	39186	13936052	60	61
contig_426_22S2R2A-13	1877	13975915	60	61
contig_427_22S2R2A-13	17323	13977847	60	61
contig_428_22S2R2A-13	77987	13995482	60	61
contig_429_22S2R2A-13	41460	14074792	60	61
contig_43_22S2R2A-13	93962	14116965	60	61
contig_430_22S2R2A-13	193253	14212517	60	61
contig_431_22S2R2A-13	33263	14409014	60	61
contig_432_22S2R2A-13	43880	14442855	60	61
contig_433_22S2R2A-13	37786	14487490	60	61
contig_434_22S2R2A-13	85428	14525929	60	61
contig_435_22S2R2A-13	63398	14612804	60	61
contig_436_22S2R2A-13	183149	14677282	60	61
contig_437_22S2R2A-13	71121	14863507	60	61
contig_438_22S2R2A-13	10896	14935837	60	61
contig_439_22S2R2A-13	39051	14946938	60	61
contig_44_22S2R2A-13	218216	14986662	60	61
contig_440_22S2R2A-13	26928	15208538	60	61
contig_441_22S2R2A-13	56187	15235938	60	61
contig_442_22S2R2A-13	21011	15293085	60	61
contig_443_22S2R2A-13	75198	15314470	60	61
contig_444_22S2R2A-13	56373	15390945	60	61
contig_445_22S2R2A-13	34520	15448281	60	61
contig_446_22S2R2A-13	53492	15483400	60	61
contig_447_22S2R2A-13	59827	15537807	60	61
contig_448_22S2R2A-13	60514	15598655	60	61
contig_449_22S2R2A-13	295156	15660201	60	61
contig_45_22S2R2A-13	63641	15960299	60	61
contig_451_22S2R2A-13	93307	16025024	60	61
contig_452_22S2R2A-13	25439	16119910	60	61
contig_453_22S2R2A-13	10520	16145796	60	61
contig_454_22S2R2A-13	148332	16156515	60	61
contig_455_22S2R2A-13	75196	16307343	60	61
contig_46_22S2R2A-13	29270	16383815	60	61
contig_48_22S2R2A-13	75804	16413595	60	61
contig_49_22S2R2A-13	18218	16490685	60	61
contig_5_22S2R2A-13	49574	16509228	60	61
contig_51_22S2R2A-13	12958	16559651	60	61
contig_52_22S2R2A-13	137172	16572847	60	61
contig_53_22S2R2A-13	6015	16712328	60	61
contig_54_22S2R2A-13	18897	16718466	60	61
contig_55_22S2R2A-13	17316	16737700	60	61
contig_56_22S2R2A-13	36484	16755327	60	61
contig_57_22S2R2A-13	11475	16792442	60	61
contig_58_22S2R2A-13	1880	16804131	60	61
contig_59_22S2R2A-13	14235	16806065	60	61
contig_6_22S2R2A-13	30458	16820559	60	61
contig_60_22S2R2A-13	44213	16851547	60	61
contig_61_22S2R2A-13	15346	16896519	60	61
contig_62_22S2R2A-13	27169	16912143	60	61
contig_63_22S2R2A-13	12900	16939787	60	61
contig_64_22S2R2A-13	34066	16952924	60	61
contig_65_22S2R2A-13	5123	16987580	60	61
contig_66_22S2R2A-13	30448	16992811	60	61
contig_67_22S2R2A-13	31647	17023789	60	61
contig_68_22S2R2A-13	8069	17055986	60	61
contig_69_22S2R2A-13	18054	17064212	60	61
contig_7_22S2R2A-13	251468	17082588	60	61
contig_70_22S2R2A-13	3876	17338270	60	61
contig_71_22S2R2A-13	69927	17342233	60	61
contig_72_22S2R2A-13	50015	17413348	60	61
contig_73_22S2R2A-13	83046	17464219	60	61
contig_74_22S2R2A-13	5001	17548672	60	61
contig_76_22S2R2A-13	26464	17553779	60	61
contig_77_22S2R2A-13	25745	17580707	60	61
contig_78_22S2R2A-13	19547	17606904	60	61
contig_79_22S2R2A-13	37457	17626799	60	61
contig_8_22S2R2A-13	16246	17664902	60	61
contig_80_22S2R2A-13	19612	17681441	60	61
contig_81_22S2R2A-13	9683	17701402	60	61
contig_82_22S2R2A-13	66675	17711269	60	61
contig_83_22S2R2A-13	27720	17779078	60	61
contig_84_22S2R2A-13	28652	17807282	60	61
contig_85_22S2R2A-13	41247	17836434	60	61
contig_86_22S2R2A-13	86349	17878391	60	61
contig_87_22S2R2A-13	73861	17966202	60	61
contig_88_22S2R2A-13	28472	18041317	60	61
contig_89_22S2R2A-13	13653	18070286	60	61
contig_9_22S2R2A-13	109187	18084188	60	61
contig_90_22S2R2A-13	5797	18195217	60	61
contig_91_22S2R2A-13	99607	18201133	60	61
contig_92_22S2R2A-13	10259	18302423	60	61
contig_94_22S2R2A-13	26932	18312875	60	61
contig_95_22S2R2A-13	20887	18340278	60	61
contig_96_22S2R2A-13	2233	18361536	60	61
contig_97_22S2R2A-13	33295	18363829	60	61
contig_98_22S2R2A-13	37683	18397701	60	61
contig_99_22S2R2A-13	95133	18436035	60	61
contig_1_22S2R2A-14	33811	21	60	61
contig_11_22S2R2A-14	13722	34418	60	61
contig_12_22S2R2A-14	204328	48391	60	61
contig_13_22S2R2A-14	475389	256147	60	61
contig_14_22S2R2A-14	1418624	739482	60	61
contig_15_22S2R2A-14	13537	2181772	60	61
contig_16_22S2R2A-14	13773	2195557	60	61
contig_17_22S2R2A-14	6069	2209582	60	61
contig_18_22S2R2A-14	6368	2215775	60	61
contig_19_22S2R2A-14	1073	2222272	60	61
contig_2_22S2R2A-14	28276	2223384	60	61
contig_20_22S2R2A-14	15187	2252154	60	61
contig_21_22S2R2A-14	256089	2267617	60	61
contig_22_22S2R2A-14	31014	2527997	60	61
contig_23_22S2R2A-14	15885	2559550	60	61
contig_24_22S2R2A-14	13573	2575722	60	61
contig_25_22S2R2A-14	5462	2589544	60	61
contig_26_22S2R2A-14	5075	2595120	60	61
contig_27_22S2R2A-14	395473	2600302	60	61
contig_28_22S2R2A-14	395843	3002389	60	61
contig_29_22S2R2A-14	9241	3404852	60	61
contig_3_22S2R2A-14	26082	3414269	60	61
contig_30_22S2R2A-14	12713	3440808	60	61
contig_31_22S2R2A-14	30299	3453755	60	61
contig_32_22S2R2A-14	29036	3484581	60	61
contig_33_22S2R2A-14	37717	3514123	60	61
contig_34_22S2R2A-14	202961	3552491	60	61
contig_35_22S2R2A-14	207749	3758857	60	61
contig_36_22S2R2A-14	50955	3970091	60	61
contig_37_22S2R2A-14	48463	4021918	60	61
contig_38_22S2R2A-14	770966	4071211	60	61
contig_39_22S2R2A-14	800080	4855049	60	61
contig_40_22S2R2A-14	383951	5668486	60	61
contig_41_22S2R2A-14	96189	6058859	60	61
contig_42_22S2R2A-14	65555	6156674	60	61
contig_43_22S2R2A-14	124585	6223344	60	61
contig_44_22S2R2A-14	1238220	6350028	60	61
contig_45_22S2R2A-14	363228	7608907	60	61
contig_46_22S2R2A-14	37409	7978211	60	61
contig_47_22S2R2A-14	33658	8016266	60	61
contig_48_22S2R2A-14	8127	8050507	60	61
contig_49_22S2R2A-14	8137	8058792	60	61
contig_50_22S2R2A-14	436001	8067087	60	61
contig_51_22S2R2A-14	67893	8510377	60	61
contig_52_22S2R2A-14	2703	8579424	60	61
contig_53_22S2R2A-14	489422	8582195	60	61
contig_55_22S2R2A-14	28691	9079797	60	61
contig_56_22S2R2A-14	15558	9108989	60	61
contig_57_22S2R2A-14	48486	9124829	60	61
contig_58_22S2R2A-14	61820	9174146	60	61
contig_59_22S2R2A-14	35122	9237019	60	61
contig_6_22S2R2A-14	245933	9272748	60	61
contig_60_22S2R2A-14	51883	9522802	60	61
contig_7_22S2R2A-14	237150	9575571	60	61
contig_8_22S2R2A-14	34903	9816695	60	61
contig_9_22S2R2A-14	30217	9852201	60	61
contig_1_22S2R2A-15	497071	21	60	61
contig_10_22S2R2A-15	21010	505399	60	61
contig_100_22S2R2A-15	12549	526783	60	61
contig_101_22S2R2A-15	8101	539565	60	61
contig_102_22S2R2A-15	14756	547825	60	61
contig_103_22S2R2A-15	10733	562850	60	61
contig_104_22S2R2A-15	7809	573785	60	61
contig_105_22S2R2A-15	76338	581748	60	61
contig_106_22S2R2A-15	26370	659382	60	61
contig_107_22S2R2A-15	4278	686215	60	61
contig_108_22S2R2A-15	8637	690588	60	61
contig_109_22S2R2A-15	48325	699392	60	61
contig_11_22S2R2A-15	22873	748545	60	61
contig_110_22S2R2A-15	24980	771823	60	61
contig_111_22S2R2A-15	18921	797243	60	61
contig_112_22S2R2A-15	11047	816503	60	61
contig_113_22S2R2A-15	3009	827758	60	61
contig_114_22S2R2A-15	14518	830841	60	61
contig_115_22S2R2A-15	18434	845624	60	61
contig_116_22S2R2A-15	34122	864389	60	61
contig_117_22S2R2A-15	6208	899103	60	61
contig_118_22S2R2A-15	12733	905438	60	61
contig_119_22S2R2A-15	41507	918407	60	61
contig_12_22S2R2A-15	5917	960628	60	61
contig_120_22S2R2A-15	6318	966667	60	61
contig_121_22S2R2A-15	8941	973114	60	61
contig_122_22S2R2A-15	190109	982228	60	61
contig_123_22S2R2A-15	20347	1175529	60	61
contig_124_22S2R2A-15	36949	1196239	60	61
contig_125_22S2R2A-15	12979	1233827	60	61
contig_126_22S2R2A-15	20901	1247046	60	61
contig_127_22S2R2A-15	15519	1268319	60	61
contig_128_22S2R2A-15	30369	1284120	60	61
contig_129_22S2R2A-15	12473	1315019	60	61
contig_13_22S2R2A-15	6615	1327722	60	61
contig_130_22S2R2A-15	17758	1334471	60	61
contig_131_22S2R2A-15	27884	1352548	60	61
contig_132_22S2R2A-15	17564	1380920	60	61
contig_133_22S2R2A-15	22583	1398800	60	61
contig_134_22S2R2A-15	47497	1421783	60	61
contig_135_22S2R2A-15	13448	1470095	60	61
contig_136_22S2R2A-15	10084	1483791	60	61
contig_137_22S2R2A-15	20542	1494067	60	61
contig_138_22S2R2A-15	40886	1514975	60	61
contig_139_22S2R2A-15	21789	1556566	60	61
contig_14_22S2R2A-15	1977203	1578741	60	61
contig_140_22S2R2A-15	9430	3588921	60	61
contig_141_22S2R2A-15	16887	3598532	60	61
contig_142_22S2R2A-15	8650	3615724	60	61
contig_143_22S2R2A-15	14055	3624542	60	61
contig_144_22S2R2A-15	32408	3638855	60	61
contig_145_22S2R2A-15	5530	3671827	60	61
contig_146_22S2R2A-15	17143	3677473	60	61
contig_147_22S2R2A-15	7678	3694925	60	61
contig_148_22S2R2A-15	7266	3702754	60	61
contig_149_22S2R2A-15	7512	3710165	60	61
contig_15_22S2R2A-15	23175	3717825	60	61
contig_150_22S2R2A-15	4591	3741410	60	61
contig_151_22S2R2A-15	11125	3746101	60	61
contig_152_22S2R2A-15	138579	3757435	60	61
contig_153_22S2R2A-15	2763	3898347	60	61
contig_154_22S2R2A-15	3101	3901180	60	61
contig_155_22S2R2A-15	3792	3904356	60	61
contig_156_22S2R2A-15	4944	3908235	60	61
contig_157_22S2R2A-15	16520	3913285	60	61
contig_158_22S2R2A-15	7799	3930104	60	61
contig_159_22S2R2A-15	19977	3938056	60	61
contig_16_22S2R2A-15	5882	3958388	60	61
contig_160_22S2R2A-15	455413	3964392	60	61
contig_161_22S2R2A-15	5243	4427419	60	61
contig_162_22S2R2A-15	15127	4432773	60	61
contig_163_22S2R2A-15	17593	4448176	60	61
contig_164_22S2R2A-15	14602	4466086	60	61
contig_165_22S2R2A-15	44647	4480955	60	61
contig_166_22S2R2A-15	4099	4526370	60	61
contig_167_22S2R2A-15	5283	4530561	60	61
contig_168_22S2R2A-15	31423	4535956	60	61
contig_169_22S2R2A-15	16969	4567926	60	61
contig_17_22S2R2A-15	2066491	4585200	60	61
contig_170_22S2R2A-15	9601	6686156	60	61
contig_171_22S2R2A-15	27767	6695941	60	61
contig_172_22S2R2A-15	60007	6724194	60	61
contig_173_22S2R2A-15	22596	6785225	60	61
contig_174_22S2R2A-15	290244	6808221	60	61
contig_175_22S2R2A-15	15132	7103326	60	61
contig_176_22S2R2A-15	13544	7118734	60	61
contig_177_22S2R2A-15	9073	7132527	60	61
contig_178_22S2R2A-15	26366	7141775	60	61
contig_179_22S2R2A-15	55804	7168604	60	61
contig_18_22S2R2A-15	2929	7225361	60	61
contig_180_22S2R2A-15	79890	7228362	60	61
contig_181_22S2R2A-15	47044	7309607	60	61
contig_182_22S2R2A-15	111789	7357459	60	61
contig_183_22S2R2A-15	33057	7471135	60	61
contig_184_22S2R2A-15	47292	7504766	60	61
contig_185_22S2R2A-15	7340	7552870	60	61
contig_186_22S2R2A-15	55866	7560356	60	61
contig_187_22S2R2A-15	25805	7617177	60	61
contig_188_22S2R2A-15	7155	7643436	60	61
contig_189_22S2R2A-15	25956	7650734	60	61
contig_19_22S2R2A-15	2929	7677145	60	61
contig_190_22S2R2A-15	13106	7680146	60	61
contig_191_22S2R2A-15	100110	7693494	60	61
contig_192_22S2R2A-15	114946	7795296	60	61
contig_193_22S2R2A-15	6011	7912181	60	61
contig_194_22S2R2A-15	7926	7918316	60	61
contig_195_22S2R2A-15	151827	7926398	60	61
contig_196_22S2R2A-15	12120	8080779	60	61
contig_197_22S2R2A-15	12830	8093124	60	61
contig_198_22S2R2A-15	13865	8106191	60	61
contig_199_22S2R2A-15	2295	8120311	60	61
contig_2_22S2R2A-15	9393	8122666	60	61
contig_20_22S2R2A-15	203634	8132238	60	61
contig_200_22S2R2A-15	24699	8339289	60	61
contig_201_22S2R2A-15	480236	8364423	60	61
contig_202_22S2R2A-15	11702	8852686	60	61
contig_203_22S2R2A-15	15628	8864607	60	61
contig_205_22S2R2A-15	27774	8880519	60	61
contig_206_22S2R2A-15	8395	8908779	60	61
contig_207_22S2R2A-15	35128	8917337	60	61
contig_208_22S2R2A-15	25003	8953074	60	61
contig_209_22S2R2A-15	9818	8978517	60	61
contig_21_22S2R2A-15	6971	8988521	60	61
contig_210_22S2R2A-15	39856	8995632	60	61
contig_211_22S2R2A-15	46531	9036176	60	61
contig_212_22S2R2A-15	9163	9083506	60	61
contig_213_22S2R2A-15	23847	9092845	60	61
contig_214_22S2R2A-15	8316	9117113	60	61
contig_215_22S2R2A-15	6633	9125591	60	61
contig_216_22S2R2A-15	12345	9132358	60	61
contig_217_22S2R2A-15	25400	9144932	60	61
contig_218_22S2R2A-15	26371	9170779	60	61
contig_219_22S2R2A-15	114246	9197613	60	61
contig_22_22S2R2A-15	33065	9313786	60	61
contig_220_22S2R2A-15	138808	9347426	60	61
contig_221_22S2R2A-15	228435	9488571	60	61
contig_222_22S2R2A-15	115585	9720837	60	61
contig_223_22S2R2A-15	75422	9838372	60	61
contig_224_22S2R2A-15	65142	9915075	60	61
contig_225_22S2R2A-15	148316	9981326	60	61
contig_23_22S2R2A-15	38690	10132136	60	61
contig_24_22S2R2A-15	45706	10171493	60	61
contig_25_22S2R2A-15	36593	10217983	60	61
contig_27_22S2R2A-15	30742	10255208	60	61
contig_28_22S2R2A-15	2794	10286485	60	61
contig_29_22S2R2A-15	4188	10289348	60	61
contig_3_22S2R2A-15	31838	10293627	60	61
contig_30_22S2R2A-15	21576	10326018	60	61
contig_31_22S2R2A-15	11660	10347976	60	61
contig_32_22S2R2A-15	15008	10359853	60	61
contig_33_22S2R2A-15	11949	10375134	60	61
contig_34_22S2R2A-15	160962	10387305	60	61
contig_35_22S2R2A-15	90027	10550972	60	61
contig_36_22S2R2A-15	58501	10642522	60	61
contig_37_22S2R2A-15	2554	10702021	60	61
contig_38_22S2R2A-15	8738	10704640	60	61
contig_39_22S2R2A-15	13983	10713546	60	61
contig_4_22S2R2A-15	454475	10727784	60	61
contig_40_22S2R2A-15	28303	11189856	60	61
contig_41_22S2R2A-15	550496	11218653	60	61
contig_42_22S2R2A-15	7555	11778346	60	61
contig_43_22S2R2A-15	16530	11786049	60	61
contig_44_22S2R2A-15	28058	11802877	60	61
contig_45_22S2R2A-15	1019	11831425	60	61
contig_46_22S2R2A-15	3776	11832483	60	61
contig_47_22S2R2A-15	18089	11836344	60	61
contig_48_22S2R2A-15	332697	11854757	60	61
contig_49_22S2R2A-15	1543540	12193021	60	61
contig_5_22S2R2A-15	368125	13762308	60	61
contig_50_22S2R2A-15	8771	14136591	60	61
contig_51_22S2R2A-15	7214	14145531	60	61
contig_52_22S2R2A-15	7210	14152888	60	61
contig_53_22S2R2A-15	7328	14160241	60	61
contig_54_22S2R2A-15	8405	14167714	60	61
contig_55_22S2R2A-15	18081	14176282	60	61
contig_56_22S2R2A-15	12052	14194687	60	61
contig_57_22S2R2A-15	12331	14206962	60	61
contig_58_22S2R2A-15	42315	14219521	60	61
contig_59_22S2R2A-15	36849	14262564	60	61
contig_6_22S2R2A-15	299721	14300049	60	61
contig_60_22S2R2A-15	19023	14604788	60	61
contig_61_22S2R2A-15	6202	14624151	60	61
contig_62_22S2R2A-15	45662	14630479	60	61
contig_63_22S2R2A-15	23217	14676925	60	61
contig_64_22S2R2A-15	11120	14700551	60	61
contig_65_22S2R2A-15	12060	14711879	60	61
contig_66_22S2R2A-15	5810	14724162	60	61
contig_67_22S2R2A-15	2643	14730091	60	61
contig_68_22S2R2A-15	6956	14732801	60	61
contig_69_22S2R2A-15	7052	14739895	60	61
contig_7_22S2R2A-15	487956	14747086	60	61
contig_70_22S2R2A-15	17309	15243197	60	61
contig_71_22S2R2A-15	4089	15260817	60	61
contig_72_22S2R2A-15	25124	15264997	60	61
contig_73_22S2R2A-15	53208	15290562	60	61
contig_74_22S2R2A-15	11696	15344679	60	61
contig_75_22S2R2A-15	7489	15356592	60	61
contig_76_22S2R2A-15	28648	15364228	60	61
contig_77_22S2R2A-15	6014	15393376	60	61
contig_78_22S2R2A-15	20588	15399513	60	61
contig_79_22S2R2A-15	2165	15420467	60	61
contig_8_22S2R2A-15	11510	15422690	60	61
contig_80_22S2R2A-15	11756	15434414	60	61
contig_81_22S2R2A-15	9086	15446388	60	61
contig_82_22S2R2A-15	13005	15455648	60	61
contig_83_22S2R2A-15	47846	15468892	60	61
contig_84_22S2R2A-15	35601	15517558	60	61
contig_85_22S2R2A-15	6812	15553775	60	61
contig_86_22S2R2A-15	3463	15560723	60	61
contig_87_22S2R2A-15	17180	15564266	60	61
contig_88_22S2R2A-15	3232	15581755	60	61
contig_89_22S2R2A-15	2376	15585063	60	61
contig_9_22S2R2A-15	3523	15587500	60	61
contig_90_22S2R2A-15	9594	15591104	60	61
contig_91_22S2R2A-15	2753	15600880	60	61
contig_92_22S2R2A-15	12550	15603701	60	61
contig_93_22S2R2A-15	9918	15616483	60	61
contig_94_22S2R2A-15	7412	15626589	60	61
contig_95_22S2R2A-15	17354	15634147	60	61
contig_96_22S2R2A-15	14201	15651813	60	61
contig_97_22S2R2A-15	3204	15666273	60	61
contig_98_22S2R2A-15	13062	15669553	60	61
contig_99_22S2R2A-15	12315	15682855	60	61
contig_1_22S2R2A-16	4166681	21	60	61
contig_2_22S2R2A-16	49172	4236168	60	61
contig_1_22S2R2A-17	926824	21	60	61
contig_10_22S2R2A-17	7951	942315	60	61
contig_11_22S2R2A-17	246031	950421	60	61
contig_12_22S2R2A-17	471026	1200575	60	61
contig_13_22S2R2A-17	18294	1679474	60	61
contig_14_22S2R2A-17	215895	1698095	60	61
contig_15_22S2R2A-17	3696	1917611	60	61
contig_16_22S2R2A-17	82805	1921391	60	61
contig_17_22S2R2A-17	20402	2005599	60	61
contig_18_22S2R2A-17	8923	2026364	60	61
contig_19_22S2R2A-17	25080	2035458	60	61
contig_2_22S2R2A-17	1230161	2060977	60	61
contig_20_22S2R2A-17	12295	3311663	60	61
contig_21_22S2R2A-17	31279	3324185	60	61
contig_22_22S2R2A-17	27806	3356008	60	61
contig_23_22S2R2A-17	108748	3384300	60	61
contig_24_22S2R2A-17	4068	3494883	60	61
contig_25_22S2R2A-17	13835	3499041	60	61
contig_26_22S2R2A-17	3190	3513129	60	61
contig_27_22S2R2A-17	5139	3516395	60	61
contig_28_22S2R2A-17	2453	3521642	60	61
contig_29_22S2R2A-17	41829	3524158	60	61
contig_3_22S2R2A-17	301654	3566706	60	61
contig_30_22S2R2A-17	608621	3873410	60	61
contig_31_22S2R2A-17	18323	4492197	60	61
contig_32_22S2R2A-17	205261	4510848	60	61
contig_33_22S2R2A-17	53684	4719553	60	61
contig_34_22S2R2A-17	20208	4774154	60	61
contig_4_22S2R2A-17	9303	4794720	60	61
contig_5_22S2R2A-17	9683	4804200	60	61
contig_6_22S2R2A-17	15956	4814066	60	61
contig_7_22S2R2A-17	7130	4830309	60	61
contig_8_22S2R2A-17	955	4837579	60	61
contig_9_22S2R2A-17	190598	4838571	60	61
contig_1_22S2R2A-18	5768831	21	60	61
contig_1_22S2R2A-1	97576	20	60	61
contig_10_22S2R2A-1	21456	99244	60	61
contig_100_22S2R2A-1	22824	121080	60	61
contig_101_22S2R2A-1	14105	144307	60	61
contig_102_22S2R2A-1	6881	158670	60	61
contig_103_22S2R2A-1	4021	165688	60	61
contig_104_22S2R2A-1	4100	169799	60	61
contig_105_22S2R2A-1	33068	173990	60	61
contig_106_22S2R2A-1	6985	207632	60	61
contig_107_22S2R2A-1	23901	214756	60	61
contig_109_22S2R2A-1	5927	239078	60	61
contig_11_22S2R2A-1	354749	245125	60	61
contig_110_22S2R2A-1	13498	605809	60	61
contig_111_22S2R2A-1	71243	619554	60	61
contig_112_22S2R2A-1	14809	692007	60	61
contig_113_22S2R2A-1	10373	707085	60	61
contig_114_22S2R2A-1	7349	717653	60	61
contig_115_22S2R2A-1	15617	725147	60	61
contig_116_22S2R2A-1	27643	741047	60	61
contig_117_22S2R2A-1	19575	769173	60	61
contig_118_22S2R2A-1	25389	789097	60	61
contig_119_22S2R2A-1	25018	814932	60	61
contig_12_22S2R2A-1	2248590	840388	60	61
contig_120_22S2R2A-1	41490	3126477	60	61
contig_121_22S2R2A-1	23604	3168681	60	61
contig_122_22S2R2A-1	6974	3192701	60	61
contig_123_22S2R2A-1	4867	3199814	60	61
contig_124_22S2R2A-1	5659	3204785	60	61
contig_125_22S2R2A-1	6307	3210561	60	61
contig_127_22S2R2A-1	12169	3216996	60	61
contig_128_22S2R2A-1	25406	3229390	60	61
contig_129_22S2R2A-1	13136	3255242	60	61
contig_13_22S2R2A-1	5730	3268618	60	61
contig_130_22S2R2A-1	11138	3274466	60	61
contig_131_22S2R2A-1	14118	3285812	60	61
contig_133_22S2R2A-1	2692	3300188	60	61
contig_134_22S2R2A-1	16306	3302947	60	61
contig_135_22S2R2A-1	24956	3319547	60	61
contig_136_22S2R2A-1	12256	3344941	60	61
contig_137_22S2R2A-1	19375	3357424	60	61
contig_138_22S2R2A-1	4949	3377144	60	61
contig_139_22S2R2A-1	32638	3382198	60	61
contig_14_22S2R2A-1	18159	3415401	60	61
contig_140_22S2R2A-1	9450	3433885	60	61
contig_141_22S2R2A-1	18832	3443515	60	61
contig_142_22S2R2A-1	9636	3462683	60	61
contig_143_22S2R2A-1	10157	3472502	60	61
contig_144_22S2R2A-1	21635	3482851	60	61
contig_145_22S2R2A-1	11428	3504869	60	61
contig_146_22S2R2A-1	4385	3516510	60	61
contig_147_22S2R2A-1	20542	3520991	60	61
contig_148_22S2R2A-1	6551	3541898	60	61
contig_149_22S2R2A-1	3672	3548581	60	61
contig_15_22S2R2A-1	961805	3552336	60	61
contig_150_22S2R2A-1	22046	4530194	60	61
contig_151_22S2R2A-1	13649	4552630	60	61
contig_152_22S2R2A-1	109961	4566529	60	61
contig_153_22S2R2A-1	30633	4678345	60	61
contig_154_22S2R2A-1	3782	4709511	60	61
contig_155_22S2R2A-1	19020	4713379	60	61
contig_156_22S2R2A-1	17140	4732738	60	61
contig_157_22S2R2A-1	29492	4750186	60	61
contig_158_22S2R2A-1	5448	4780192	60	61
contig_159_22S2R2A-1	5514	4785753	60	61
contig_16_22S2R2A-1	31326	4791380	60	61
contig_160_22S2R2A-1	20033	4823251	60	61
contig_161_22S2R2A-1	12415	4843640	60	61
contig_162_22S2R2A-1	9481	4856284	60	61
contig_163_22S2R2A-1	25061	4865946	60	61
contig_164_22S2R2A-1	22760	4891447	60	61
contig_165_22S2R2A-1	9045	4914609	60	61
contig_166_22S2R2A-1	93443	4923827	60	61
contig_167_22S2R2A-1	16771	5018850	60	61
contig_168_22S2R2A-1	13401	5035923	60	61
contig_169_22S2R2A-1	7543	5049570	60	61
contig_17_22S2R2A-1	8483	5057260	60	61
contig_170_22S2R2A-1	8443	5065907	60	61
contig_171_22S2R2A-1	16656	5074513	60	61
contig_172_22S2R2A-1	7072	5091469	60	61
contig_173_22S2R2A-1	40547	5098681	60	61
contig_174_22S2R2A-1	9002	5139926	60	61
contig_175_22S2R2A-1	5812	5149101	60	61
contig_176_22S2R2A-1	9662	5155032	60	61
contig_177_22S2R2A-1	15495	5164878	60	61
contig_178_22S2R2A-1	3323	5180654	60	61
contig_179_22S2R2A-1	16735	5184055	60	61
contig_18_22S2R2A-1	41410	5201090	60	61
contig_180_22S2R2A-1	20354	5243213	60	61
contig_181_22S2R2A-1	3164	5263929	60	61
contig_182_22S2R2A-1	32132	5267168	60	61
contig_183_22S2R2A-1	7231	5299858	60	61
contig_184_22S2R2A-1	22555	5307232	60	61
contig_185_22S2R2A-1	7419	5330185	60	61
contig_186_22S2R2A-1	17189	5337750	60	61
contig_187_22S2R2A-1	13071	5355248	60	61
contig_188_22S2R2A-1	8589	5368559	60	61
contig_189_22S2R2A-1	13657	5377314	60	61
contig_19_22S2R2A-1	55261	5391220	60	61
contig_190_22S2R2A-1	21205	5447425	60	61
contig_191_22S2R2A-1	17161	5469006	60	61
contig_192_22S2R2A-1	14088	5486476	60	61
contig_193_22S2R2A-1	9245	5500821	60	61
contig_194_22S2R2A-1	7408	5510243	60	61
contig_195_22S2R2A-1	13826	5517797	60	61
contig_196_22S2R2A-1	66441	5531876	60	61
contig_197_22S2R2A-1	4127	5599447	60	61
contig_198_22S2R2A-1	15160	5603665	60	61
contig_199_22S2R2A-1	22390	5619100	60	61
contig_20_22S2R2A-1	10422	5641885	60	61
contig_200_22S2R2A-1	2509	5652503	60	61
contig_202_22S2R2A-1	33171	5655076	60	61
contig_203_22S2R2A-1	39278	5688822	60	61
contig_204_22S2R2A-1	2018	5728777	60	61
contig_206_22S2R2A-1	7217	5730851	60	61
contig_207_22S2R2A-1	20709	5738211	60	61
contig_208_22S2R2A-1	8979	5759288	60	61
contig_209_22S2R2A-1	43899	5768439	60	61
contig_21_22S2R2A-1	2330	5813091	60	61
contig_210_22S2R2A-1	23085	5815482	60	61
contig_211_22S2R2A-1	31533	5838974	60	61
contig_212_22S2R2A-1	13269	5871055	60	61
contig_213_22S2R2A-1	18187	5884568	60	61
contig_214_22S2R2A-1	13319	5903081	60	61
contig_215_22S2R2A-1	2908	5916644	60	61
contig_216_22S2R2A-1	11192	5919623	60	61
contig_217_22S2R2A-1	9187	5931024	60	61
contig_218_22S2R2A-1	3906	5940387	60	61
contig_219_22S2R2A-1	5275	5944381	60	61
contig_22_22S2R2A-1	2378	5949765	60	61
contig_220_22S2R2A-1	20981	5952205	60	61
contig_221_22S2R2A-1	53078	5973558	60	61
contig_222_22S2R2A-1	5041	6027543	60	61
contig_223_22S2R2A-1	2711	6032691	60	61
contig_224_22S2R2A-1	28174	6035470	60	61
contig_225_22S2R2A-1	27470	6064136	60	61
contig_226_22S2R2A-1	9606	6092086	60	61
contig_227_22S2R2A-1	24837	6101875	60	61
contig_228_22S2R2A-1	26373	6127148	60	61
contig_229_22S2R2A-1	4784	6153983	60	61
contig_23_22S2R2A-1	22303	6158868	60	61
contig_230_22S2R2A-1	112684	6181565	60	61
contig_231_22S2R2A-1	21418	6296150	60	61
contig_233_22S2R2A-1	16120	6317947	60	61
contig_234_22S2R2A-1	55014	6334358	60	61
contig_235_22S2R2A-1	48080	6390311	60	61
contig_236_22S2R2A-1	39929	6439215	60	61
contig_237_22S2R2A-1	61905	6479832	60	61
contig_238_22S2R2A-1	25411	6542791	60	61
contig_239_22S2R2A-1	21199	6568648	60	61
contig_24_22S2R2A-1	3338	6590222	60	61
contig_240_22S2R2A-1	10414	6593638	60	61
contig_241_22S2R2A-1	20085	6604248	60	61
contig_242_22S2R2A-1	57453	6624690	60	61
contig_243_22S2R2A-1	18987	6683123	60	61
contig_244_22S2R2A-1	7160	6702449	60	61
contig_245_22S2R2A-1	14756	6709751	60	61
contig_246_22S2R2A-1	55623	6724775	60	61
contig_247_22S2R2A-1	10128	6781348	60	61
contig_248_22S2R2A-1	16946	6791667	60	61
contig_249_22S2R2A-1	39763	6808918	60	61
contig_25_22S2R2A-1	9059	6849365	60	61
contig_250_22S2R2A-1	40698	6858597	60	61
contig_251_22S2R2A-1	4993	6899996	60	61
contig_252_22S2R2A-1	19998	6905095	60	61
contig_253_22S2R2A-1	8515	6925449	60	61
contig_254_22S2R2A-1	14320	6934128	60	61
contig_255_22S2R2A-1	19346	6948709	60	61
contig_256_22S2R2A-1	8508	6968400	60	61
contig_257_22S2R2A-1	57302	6977072	60	61
contig_258_22S2R2A-1	44061	7035352	60	61
contig_259_22S2R2A-1	23140	7080170	60	61
contig_26_22S2R2A-1	4917	7103717	60	61
contig_260_22S2R2A-1	18789	7108738	60	61
contig_261_22S2R2A-1	41441	7127863	60	61
contig_27_22S2R2A-1	16517	7170016	60	61
contig_28_22S2R2A-1	11261	7186830	60	61
contig_29_22S2R2A-1	2633	7198300	60	61
contig_3_22S2R2A-1	2402	7200997	60	61
contig_31_22S2R2A-1	971593	7203461	60	61
contig_32_22S2R2A-1	34912	8191269	60	61
contig_33_22S2R2A-1	4194	8226784	60	61
contig_34_22S2R2A-1	237709	8231069	60	61
contig_35_22S2R2A-1	5618	8472761	60	61
contig_36_22S2R2A-1	327212	8478494	60	61
contig_37_22S2R2A-1	10067	8811181	60	61
contig_38_22S2R2A-1	38003	8821437	60	61
contig_39_22S2R2A-1	10208	8860095	60	61
contig_40_22S2R2A-1	14299	8870495	60	61
contig_41_22S2R2A-1	22134	8885054	60	61
contig_42_22S2R2A-1	45842	8907578	60	61
contig_43_22S2R2A-1	12817	8954206	60	61
contig_44_22S2R2A-1	194424	8967258	60	61
contig_45_22S2R2A-1	10350	9164944	60	61
contig_46_22S2R2A-1	54467	9175488	60	61
contig_47_22S2R2A-1	38384	9230884	60	61
contig_48_22S2R2A-1	14336	9269929	60	61
contig_49_22S2R2A-1	5598	9284525	60	61
contig_50_22S2R2A-1	20559	9290238	60	61
contig_51_22S2R2A-1	15689	9311161	60	61
contig_52_22S2R2A-1	21313	9327133	60	61
contig_53_22S2R2A-1	3326	9348823	60	61
contig_54_22S2R2A-1	3675	9352226	60	61
contig_55_22S2R2A-1	6203	9355984	60	61
contig_56_22S2R2A-1	8105	9362312	60	61
contig_57_22S2R2A-1	6767	9370574	60	61
contig_58_22S2R2A-1	15358	9377475	60	61
contig_59_22S2R2A-1	19058	9393110	60	61
contig_6_22S2R2A-1	9420	9412506	60	61
contig_60_22S2R2A-1	40992	9422104	60	61
contig_61_22S2R2A-1	41847	9463801	60	61
contig_62_22S2R2A-1	23752	9506367	60	61
contig_64_22S2R2A-1	2361	9530536	60	61
contig_65_22S2R2A-1	3015	9532958	60	61
contig_67_22S2R2A-1	4041	9536045	60	61
contig_68_22S2R2A-1	19806	9540175	60	61
contig_69_22S2R2A-1	38563	9560333	60	61
contig_7_22S2R2A-1	16298	9599559	60	61
contig_70_22S2R2A-1	8240	9616150	60	61
contig_71_22S2R2A-1	28666	9624549	60	61
contig_72_22S2R2A-1	9093	9653714	60	61
contig_73_22S2R2A-1	15751	9662980	60	61
contig_74_22S2R2A-1	10347	9679015	60	61
contig_75_22S2R2A-1	52314	9689556	60	61
contig_76_22S2R2A-1	12614	9742763	60	61
contig_77_22S2R2A-1	6900	9755609	60	61
contig_78_22S2R2A-1	2104	9762645	60	61
contig_79_22S2R2A-1	54627	9764806	60	61
contig_8_22S2R2A-1	34390	9820364	60	61
contig_80_22S2R2A-1	45927	9855349	60	61
contig_81_22S2R2A-1	9968	9902063	60	61
contig_82_22S2R2A-1	6033	9912219	60	61
contig_83_22S2R2A-1	4769	9918374	60	61
contig_84_22S2R2A-1	47440	9923244	60	61
contig_85_22S2R2A-1	35689	9971496	60	61
contig_86_22S2R2A-1	8860	10007801	60	61
contig_87_22S2R2A-1	19279	10016830	60	61
contig_88_22S2R2A-1	23107	10036452	60	61
contig_89_22S2R2A-1	2832	10059966	60	61
contig_9_22S2R2A-1	2300	10062866	60	61
contig_90_22S2R2A-1	9214	10065226	60	61
contig_91_22S2R2A-1	15955	10074615	60	61
contig_92_22S2R2A-1	4575	10090857	60	61
contig_93_22S2R2A-1	4661	10095530	60	61
contig_94_22S2R2A-1	13981	10100290	60	61
contig_95_22S2R2A-1	97509	10114526	60	61
contig_96_22S2R2A-1	19607	10213682	60	61
contig_97_22S2R2A-1	24345	10233637	60	61
contig_98_22S2R2A-1	11108	10258409	60	61
contig_99_22S2R2A-1	21987	10269724	60	61
contig_1_22S2R2A-2	5705258	20	60	61
contig_1_22S2R2A-3	7558	20	60	61
contig_10_22S2R2A-3	8292	7725	60	61
contig_11_22S2R2A-3	71753	16177	60	61
contig_12_22S2R2A-3	14874	89147	60	61
contig_13_22S2R2A-3	10615	104290	60	61
contig_14_22S2R2A-3	7204	115103	60	61
contig_15_22S2R2A-3	3574	122449	60	61
contig_16_22S2R2A-3	96433	126104	60	61
contig_17_22S2R2A-3	6507	224166	60	61
contig_18_22S2R2A-3	112795	230803	60	61
contig_19_22S2R2A-3	66155	345499	60	61
contig_2_22S2R2A-3	4594	412777	60	61
contig_20_22S2R2A-3	35784	417469	60	61
contig_21_22S2R2A-3	78010	453871	60	61
contig_22_22S2R2A-3	137652	533203	60	61
contig_23_22S2R2A-3	122504	673171	60	61
contig_24_22S2R2A-3	24831	797738	60	61
contig_25_22S2R2A-3	65141	823004	60	61
contig_26_22S2R2A-3	79410	889252	60	61
contig_27_22S2R2A-3	148888	970007	60	61
contig_28_22S2R2A-3	1529	1121398	60	61
contig_29_22S2R2A-3	109462	1122974	60	61
contig_3_22S2R2A-3	3843	1234281	60	61
contig_30_22S2R2A-3	22356	1238210	60	61
contig_31_22S2R2A-3	55604	1260960	60	61
contig_32_22S2R2A-3	135909	1317512	60	61
contig_33_22S2R2A-3	68038	1455708	60	61
contig_34_22S2R2A-3	15127	1524901	60	61
contig_35_22S2R2A-3	352012	1540302	60	61
contig_36_22S2R2A-3	154752	1898202	60	61
contig_37_22S2R2A-3	25094	2055555	60	61
contig_38_22S2R2A-3	92856	2081089	60	61
contig_39_22S2R2A-3	31988	2175514	60	61
contig_4_22S2R2A-3	137064	2208056	60	61
contig_40_22S2R2A-3	144605	2347426	60	61
contig_41_22S2R2A-3	274002	2494463	60	61
contig_42_22S2R2A-3	12362	2773053	60	61
contig_43_22S2R2A-3	12618	2785643	60	61
contig_44_22S2R2A-3	33556	2798493	60	61
contig_45_22S2R2A-3	69175	2832630	60	61
contig_46_22S2R2A-3	31423	2902979	60	61
contig_47_22S2R2A-3	44845	2934947	60	61
contig_48_22S2R2A-3	61383	2980561	60	61
contig_49_22S2R2A-3	5910	3042989	60	61
contig_5_22S2R2A-3	11508	3049018	60	61
contig_50_22S2R2A-3	60301	3060739	60	61
contig_51_22S2R2A-3	1422	3122067	60	61
contig_52_22S2R2A-3	23982	3123534	60	61
contig_53_22S2R2A-3	18658	3147937	60	61
contig_54_22S2R2A-3	199065	3166927	60	61
contig_55_22S2R2A-3	46027	3369331	60	61
contig_56_22S2R2A-3	47253	3416147	60	61
contig_57_22S2R2A-3	71413	3464209	60	61
contig_58_22S2R2A-3	59525	3536834	60	61
contig_59_22S2R2A-3	18801	3597373	60	61
contig_6_22S2R2A-3	156174	3616508	60	61
contig_60_22S2R2A-3	14555	3775306	60	61
contig_61_22S2R2A-3	34764	3790125	60	61
contig_62_22S2R2A-3	21300	3825490	60	61
contig_63_22S2R2A-3	21138	3847166	60	61
contig_64_22S2R2A-3	31361	3868678	60	61
contig_65_22S2R2A-3	20959	3900583	60	61
contig_66_22S2R2A-3	10241	3921913	60	61
contig_67_22S2R2A-3	16069	3932346	60	61
contig_68_22S2R2A-3	19114	3948704	60	61
contig_69_22S2R2A-3	2529	3968158	60	61
contig_7_22S2R2A-3	41602	3970750	60	61
contig_70_22S2R2A-3	2702	4013067	60	61
contig_71_22S2R2A-3	28763	4015836	60	61
contig_72_22S2R2A-3	202359	4045100	60	61
contig_73_22S2R2A-3	89400	4250853	60	61
contig_74_22S2R2A-3	139739	4341764	60	61
contig_75_22S2R2A-3	27741	4483853	60	61
contig_76_22S2R2A-3	118241	4512078	60	61
contig_77_22S2R2A-3	114074	4632311	60	61
contig_78_22S2R2A-3	27837	4748308	60	61
contig_79_22S2R2A-3	79080	4776630	60	61
contig_8_22S2R2A-3	11550	4857048	60	61
contig_80_22S2R2A-3	84769	4868812	60	61
contig_81_22S2R2A-3	105562	4955015	60	61
contig_82_22S2R2A-3	120163	5062358	60	61
contig_83_22S2R2A-3	95342	5184545	60	61
contig_84_22S2R2A-3	29098	5281498	60	61
contig_85_22S2R2A-3	25183	5311102	60	61
contig_9_22S2R2A-3	49131	5336725	60	61
contig_1_22S2R2A-4	128732	20	60	61
contig_10_22S2R2A-4	122188	130919	60	61
contig_11_22S2R2A-4	6780	255165	60	61
contig_12_22S2R2A-4	594038	262079	60	61
contig_13_22S2R2A-4	185236	866039	60	61
contig_14_22S2R2A-4	52766	1054384	60	61
contig_15_22S2R2A-4	5817	1108051	60	61
contig_16_22S2R2A-4	152627	1113986	60	61
contig_17_22S2R2A-4	67715	1269178	60	61
contig_18_22S2R2A-4	92681	1338043	60	61
contig_19_22S2R2A-4	19307	1432290	60	61
contig_2_22S2R2A-4	5993	1451939	60	61
contig_20_22S2R2A-4	95290	1458053	60	61
contig_21_22S2R2A-4	86327	1554953	60	61
contig_22_22S2R2A-4	60244	1642740	60	61
contig_23_22S2R2A-4	36000	1704010	60	61
contig_24_22S2R2A-4	120118	1740631	60	61
contig_25_22S2R2A-4	265479	1862772	60	61
contig_27_22S2R2A-4	4478	2132697	60	61
contig_29_22S2R2A-4	4953	2137271	60	61
contig_3_22S2R2A-4	3916875	2142327	60	61
contig_30_22S2R2A-4	68131	6124505	60	61
contig_31_22S2R2A-4	149380	6193793	60	61
contig_32_22S2R2A-4	102656	6345684	60	61
contig_33_22S2R2A-4	293438	6450072	60	61
contig_34_22S2R2A-4	223679	6748422	60	61
contig_35_22S2R2A-4	11514	6975850	60	61
contig_36_22S2R2A-4	26033	6987577	60	61
contig_37_22S2R2A-4	19367	7014065	60	61
contig_38_22S2R2A-4	12562	7033776	60	61
contig_39_22S2R2A-4	4434	7046569	60	61
contig_4_22S2R2A-4	48559	7051097	60	61
contig_40_22S2R2A-4	26401	7100487	60	61
contig_41_22S2R2A-4	13644	7127350	60	61
contig_42_22S2R2A-4	38524	7141243	60	61
contig_43_22S2R2A-4	9009	7180431	60	61
contig_44_22S2R2A-4	12442	7189612	60	61
contig_45_22S2R2A-4	6108	7202283	60	61
contig_46_22S2R2A-4	51360	7208514	60	61
contig_47_22S2R2A-4	4791	7260751	60	61
contig_48_22S2R2A-4	14996	7265643	60	61
contig_49_22S2R2A-4	32452	7280910	60	61
contig_5_22S2R2A-4	549329	7313923	60	61
contig_50_22S2R2A-4	7793	7872429	60	61
contig_51_22S2R2A-4	40638	7880373	60	61
contig_52_22S2R2A-4	10343	7921710	60	61
contig_53_22S2R2A-4	327616	7932247	60	61
contig_54_22S2R2A-4	26480	8265345	60	61
contig_55_22S2R2A-4	6364	8292288	60	61
contig_56_22S2R2A-4	20774	8298780	60	61
contig_57_22S2R2A-4	17959	8319922	60	61
contig_58_22S2R2A-4	7874	8338202	60	61
contig_59_22S2R2A-4	29351	8346229	60	61
contig_6_22S2R2A-4	14074	8376090	60	61
contig_60_22S2R2A-4	21102	8390420	60	61
contig_61_22S2R2A-4	22761	8411895	60	61
contig_62_22S2R2A-4	2364	8435057	60	61
contig_63_22S2R2A-4	16536	8437482	60	61
contig_64_22S2R2A-4	28904	8454315	60	61
contig_65_22S2R2A-4	320749	8483722	60	61
contig_66_22S2R2A-4	80744	8809838	60	61
contig_67_22S2R2A-4	448066	8891949	60	61
contig_68_22S2R2A-4	40680	9347504	60	61
contig_69_22S2R2A-4	140201	9388883	60	61
contig_7_22S2R2A-4	6389	9531441	60	61
contig_8_22S2R2A-4	6091	9537957	60	61
contig_9_22S2R2A-4	34937	9544170	60	61
contig_1_22S2R2A-5	4747096	20	60	61
contig_2_22S2R2A-5	51800	4826255	60	61
contig_3_22S2R2A-5	132200	4878939	60	61
contig_1_22S2R2A-6	5980	20	60	61
contig_2_22S2R2A-6	3917697	6120	60	61
contig_3_22S2R2A-6	4747977	3989132	60	61
contig_4_22S2R2A-6	51792	8816262	60	61
contig_5_22S2R2A-6	122223	8868938	60	61
contig_6_22S2R2A-6	132231	8993219	60	61
contig_1_22S2R2A-7	4033260	20	60	61
contig_2_22S2R2A-7	4747889	4100521	60	61
contig_3_22S2R2A-7	29041	8927562	60	61
contig_4_22S2R2A-7	357794	8957108	60	61
contig_5_22S2R2A-7	132238	9320886	60	61
contig_6_22S2R2A-7	51821	9455348	60	61
contig_1_22S2R2A-8	3739121	20	60	61
contig_2_22S2R2A-8	117887	3801480	60	61
contig_1_22S2R2A-9	5082575	20	60	61
contig_2_22S2R2A-9	217353	5167325	60	61
contig_1_22S2VL55-1	91906	21	60	61
contig_2_22S2VL55-1	3135766	93480	60	61
contig_1_22S2VL55-2	4134728	21	60	61
contig_2_22S2VL55-2	8700	4203683	60	61
contig_3_22S2VL55-2	256215	4212549	60	61
contig_4_22S2VL55-2	33511	4473056	60	61
contig_5_22S2VL55-2	80699	4507147	60	61
contig_1_22S2VL55-3	3135850	21	60	61
contig_2_22S2VL55-3	91717	3188157	60	61
contig_1_22S2VL55-4	3114226	21	60	61
contig_2_22S2VL55-4	103513	3166172	60	61
contig_1_22S2VL55-5	4134963	21	60	61
contig_2_22S2VL55-5	3113879	4203922	60	61
contig_3_22S2VL55-5	80700	7369720	60	61
contig_4_22S2VL55-5	103474	7451786	60	61
contig_5_22S2VL55-5	256252	7557006	60	61
contig_1_22S2VL55-6	4135142	21	60	61
contig_2_22S2VL55-6	256215	4204104	60	61
contig_3_22S2VL55-6	80718	4464611	60	61
contig_4_22S2VL55-6	8696	4546696	60	61
contig_1_22S3L9-1	57015	19	60	61
contig_10_22S3L9-1	58779	58005	60	61
contig_11_22S3L9-1	31670	117784	60	61
contig_12_22S3L9-1	54179	150002	60	61
contig_13_22S3L9-1	32866	205104	60	61
contig_14_22S3L9-1	203874	238538	60	61
contig_15_22S3L9-1	2759	445830	60	61
contig_16_22S3L9-1	17627	448655	60	61
contig_17_22S3L9-1	9395	466596	60	61
contig_18_22S3L9-1	13214	476168	60	61
contig_19_22S3L9-1	88576	489623	60	61
contig_2_22S3L9-1	16357	579695	60	61
contig_20_22S3L9-1	37525	596345	60	61
contig_21_22S3L9-1	96677	634516	60	61
contig_22_22S3L9-1	18052	732825	60	61
contig_23_22S3L9-1	13287	751198	60	61
contig_24_22S3L9-1	15043	764727	60	61
contig_25_22S3L9-1	101635	780041	60	61
contig_26_22S3L9-1	104919	883390	60	61
contig_27_22S3L9-1	63808	990078	60	61
contig_28_22S3L9-1	51747	1054970	60	61
contig_29_22S3L9-1	42780	1107600	60	61
contig_3_22S3L9-1	67402	1151112	60	61
contig_30_22S3L9-1	23353	1219658	60	61
contig_31_22S3L9-1	6400	1243421	60	61
contig_32_22S3L9-1	18524	1249948	60	61
contig_33_22S3L9-1	3314	1268801	60	61
contig_34_22S3L9-1	66769	1272191	60	61
contig_35_22S3L9-1	81345	1340093	60	61
contig_36_22S3L9-1	85463	1422814	60	61
contig_37_22S3L9-1	46333	1509722	60	61
contig_38_22S3L9-1	37819	1556848	60	61
contig_39_22S3L9-1	2588	1595318	60	61
contig_4_22S3L9-1	175781	1597969	60	61
contig_40_22S3L9-1	19699	1776700	60	61
contig_41_22S3L9-1	13296	1796748	60	61
contig_42_22S3L9-1	58959	1810286	60	61
contig_43_22S3L9-1	34375	1870248	60	61
contig_44_22S3L9-1	52489	1905216	60	61
contig_45_22S3L9-1	21174	1958600	60	61
contig_46_22S3L9-1	14775	1980147	60	61
contig_47_22S3L9-1	34356	1995189	60	61
contig_48_22S3L9-1	22583	2030138	60	61
contig_49_22S3L9-1	68487	2053118	60	61
contig_5_22S3L9-1	72531	2122766	60	61
contig_50_22S3L9-1	11805	2196526	60	61
contig_51_22S3L9-1	20971	2208548	60	61
contig_52_22S3L9-1	11514	2229889	60	61
contig_53_22S3L9-1	2606	2241615	60	61
contig_54_22S3L9-1	504544	2244285	60	61
contig_55_22S3L9-1	7902	2757259	60	61
contig_56_22S3L9-1	42197	2765313	60	61
contig_57_22S3L9-1	135339	2808234	60	61
contig_58_22S3L9-1	343394	2945849	60	61
contig_59_22S3L9-1	74022	3294987	60	61
contig_6_22S3L9-1	4918	3370262	60	61
contig_60_22S3L9-1	67216	3375282	60	61
contig_61_22S3L9-1	45975	3443639	60	61
contig_62_22S3L9-1	90197	3490401	60	61
contig_7_22S3L9-1	42187	3582121	60	61
contig_8_22S3L9-1	69343	3625031	60	61
contig_9_22S3L9-1	49362	3695549	60	61
contig_1_22S3L9-2	192113	19	60	61
contig_2_22S3L9-2	4337310	195353	60	61
contig_3_22S3L9-2	398574	4604971	60	61
contig_1_22S3NFb-2	3948453	20	60	61
contig_2_22S3NFb-2	32033	4014301	60	61
contig_3_22S3NFb-2	109131	4046888	60	61
contig_4_22S3NFb-2	26579	4157858	60	61
contig_1_22S3NFb-3	3948316	20	60	61
contig_2_22S3NFb-3	217476	4014162	60	61
contig_1_22S3NFb-4	3749818	20	60	61
contig_1_22S3NFb-5	3948714	20	60	61
contig_2_22S3NFb-5	216936	4014566	60	61
contig_1_22S3PE-10	3945483	20	60	61
contig_2_22S3PE-10	216678	4011282	60	61
contig_3_22S3PE-10	8615	4231592	60	61
contig_1_22S3PE-11	25289	20	60	61
contig_10_22S3PE-11	5567	25752	60	61
contig_100_22S3PE-11	26456	31434	60	61
contig_101_22S3PE-11	10964	58353	60	61
contig_102_22S3PE-11	21281	69522	60	61
contig_103_22S3PE-11	50837	91180	60	61
contig_104_22S3PE-11	19223	142887	60	61
contig_105_22S3PE-11	28383	162453	60	61
contig_106_22S3PE-11	276852	191332	60	61
contig_11_22S3PE-11	16529	472820	60	61
contig_111_22S3PE-11	11275	489647	60	61
contig_112_22S3PE-11	2469	501132	60	61
contig_113_22S3PE-11	4075	503665	60	61
contig_114_22S3PE-11	18022	507830	60	61
contig_115_22S3PE-11	197682	526175	60	61
contig_116_22S3PE-11	3301	727174	60	61
contig_117_22S3PE-11	5216	730553	60	61
contig_118_22S3PE-11	21302	735878	60	61
contig_119_22S3PE-11	14620	757558	60	61
contig_120_22S3PE-11	27371	772444	60	61
contig_121_22S3PE-11	26599	800294	60	61
contig_122_22S3PE-11	5096	827359	60	61
contig_123_22S3PE-11	161608	832562	60	61
contig_125_22S3PE-11	33201	996886	60	61
contig_128_22S3PE-11	31928	1030663	60	61
contig_129_22S3PE-11	16490	1063146	60	61
contig_13_22S3PE-11	17054	1079932	60	61
contig_130_22S3PE-11	11502	1097293	60	61
contig_131_22S3PE-11	101937	1109009	60	61
contig_132_22S3PE-11	77695	1212667	60	61
contig_133_22S3PE-11	8068	1291679	60	61
contig_136_22S3PE-11	107532	1299904	60	61
contig_14_22S3PE-11	94337	1409250	60	61
contig_145_22S3PE-11	7334	1505182	60	61
contig_147_22S3PE-11	46617	1512661	60	61
contig_148_22S3PE-11	58687	1560077	60	61
contig_149_22S3PE-11	8128	1619765	60	61
contig_15_22S3PE-11	45709	1628050	60	61
contig_150_22S3PE-11	2467	1674543	60	61
contig_151_22S3PE-11	20099	1677074	60	61
contig_152_22S3PE-11	92751	1697530	60	61
contig_153_22S3PE-11	46834	1791849	60	61
contig_154_22S3PE-11	8014	1839486	60	61
contig_155_22S3PE-11	2768	1847656	60	61
contig_156_22S3PE-11	45786	1850493	60	61
contig_157_22S3PE-11	57798	1897065	60	61
contig_158_22S3PE-11	153691	1955849	60	61
contig_159_22S3PE-11	34353	2112124	60	61
contig_16_22S3PE-11	53294	2147071	60	61
contig_160_22S3PE-11	14065	2201276	60	61
contig_162_22S3PE-11	175811	2215598	60	61
contig_163_22S3PE-11	136768	2394362	60	61
contig_164_22S3PE-11	11353	2533432	60	61
contig_166_22S3PE-11	4041	2544997	60	61
contig_167_22S3PE-11	31874	2549128	60	61
contig_168_22S3PE-11	113159	2581556	60	61
contig_169_22S3PE-11	143732	2696623	60	61
contig_17_22S3PE-11	10976	2842772	60	61
contig_170_22S3PE-11	81943	2853953	60	61
contig_171_22S3PE-11	216462	2937284	60	61
contig_173_22S3PE-11	86682	3157376	60	61
contig_174_22S3PE-11	36348	3245525	60	61
contig_175_22S3PE-11	95257	3282501	60	61
contig_176_22S3PE-11	13780	3379368	60	61
contig_177_22S3PE-11	73273	3393400	60	61
contig_178_22S3PE-11	49143	3467917	60	61
contig_179_22S3PE-11	79342	3517902	60	61
contig_18_22S3PE-11	213903	3598588	60	61
contig_180_22S3PE-11	90092	3816079	60	61
contig_181_22S3PE-11	77988	3907695	60	61
contig_182_22S3PE-11	17874	3987005	60	61
contig_183_22S3PE-11	4949	4005199	60	61
contig_184_22S3PE-11	159724	4010253	60	61
contig_185_22S3PE-11	7770	4172662	60	61
contig_186_22S3PE-11	109522	4180584	60	61
contig_187_22S3PE-11	209225	4291954	60	61
contig_188_22S3PE-11	7943	4504689	60	61
contig_189_22S3PE-11	265376	4512787	60	61
contig_19_22S3PE-11	249283	4782607	60	61
contig_190_22S3PE-11	63471	5036067	60	61
contig_191_22S3PE-11	89704	5100618	60	61
contig_192_22S3PE-11	312633	5191840	60	61
contig_193_22S3PE-11	275999	5509706	60	61
contig_194_22S3PE-11	83826	5790327	60	61
contig_195_22S3PE-11	105524	5875573	60	61
contig_196_22S3PE-11	71415	5982878	60	61
contig_197_22S3PE-11	54936	6055506	60	61
contig_2_22S3PE-11	173791	6111378	60	61
contig_21_22S3PE-11	30314	6288087	60	61
contig_22_22S3PE-11	8220	6318928	60	61
contig_23_22S3PE-11	149987	6327306	60	61
contig_24_22S3PE-11	8536	6479814	60	61
contig_25_22S3PE-11	10960	6488514	60	61
contig_26_22S3PE-11	24632	6499678	60	61
contig_27_22S3PE-11	26401	6524742	60	61
contig_28_22S3PE-11	44358	6551605	60	61
contig_29_22S3PE-11	29196	6596724	60	61
contig_3_22S3PE-11	15207	6626427	60	61
contig_30_22S3PE-11	77268	6641909	60	61
contig_31_22S3PE-11	64544	6720486	60	61
contig_32_22S3PE-11	5855	6786127	60	61
contig_35_22S3PE-11	20651	6792101	60	61
contig_36_22S3PE-11	12230	6813118	60	61
contig_37_22S3PE-11	29251	6825573	60	61
contig_38_22S3PE-11	51407	6855333	60	61
contig_4_22S3PE-11	16706	6907617	60	61
contig_40_22S3PE-11	171206	6924623	60	61
contig_41_22S3PE-11	213666	7098704	60	61
contig_42_22S3PE-11	65161	7315953	60	61
contig_43_22S3PE-11	25401	7382222	60	61
contig_44_22S3PE-11	52793	7408068	60	61
contig_45_22S3PE-11	22485	7461762	60	61
contig_46_22S3PE-11	78137	7484643	60	61
contig_49_22S3PE-11	20643	7564104	60	61
contig_50_22S3PE-11	319903	7585113	60	61
contig_51_22S3PE-11	55172	7910369	60	61
contig_52_22S3PE-11	24453	7966482	60	61
contig_55_22S3PE-11	8579	7991364	60	61
contig_56_22S3PE-11	51574	8000107	60	61
contig_57_22S3PE-11	121467	8052562	60	61
contig_58_22S3PE-11	87591	8176075	60	61
contig_6_22S3PE-11	2573	8265146	60	61
contig_61_22S3PE-11	12531	8267783	60	61
contig_62_22S3PE-11	76854	8280544	60	61
contig_63_22S3PE-11	21811	8358700	60	61
contig_64_22S3PE-11	26994	8380896	60	61
contig_65_22S3PE-11	8767	8408361	60	61
contig_66_22S3PE-11	28545	8417296	60	61
contig_67_22S3PE-11	34340	8446338	60	61
contig_68_22S3PE-11	31970	8481272	60	61
contig_69_22S3PE-11	58434	8513796	60	61
contig_70_22S3PE-11	73197	8573225	60	61
contig_73_22S3PE-11	67345	8647663	60	61
contig_78_22S3PE-11	8589	8716152	60	61
contig_79_22S3PE-11	32854	8724906	60	61
contig_8_22S3PE-11	261926	8758328	60	61
contig_80_22S3PE-11	6179	9024641	60	61
contig_81_22S3PE-11	27329	9030944	60	61
contig_82_22S3PE-11	22575	9058750	60	61
contig_83_22S3PE-11	13769	9081723	60	61
contig_84_22S3PE-11	56700	9095743	60	61
contig_85_22S3PE-11	3530	9153409	60	61
contig_86_22S3PE-11	39014	9157019	60	61
contig_87_22S3PE-11	22823	9196705	60	61
contig_88_22S3PE-11	20019	9219930	60	61
contig_89_22S3PE-11	27951	9240304	60	61
contig_9_22S3PE-11	65766	9268741	60	61
contig_90_22S3PE-11	25142	9335625	60	61
contig_91_22S3PE-11	14528	9361208	60	61
contig_92_22S3PE-11	10397	9376000	60	61
contig_93_22S3PE-11	7075	9386592	60	61
contig_94_22S3PE-11	15581	9393806	60	61
contig_95_22S3PE-11	16329	9409668	60	61
contig_96_22S3PE-11	12341	9426291	60	61
contig_97_22S3PE-11	6242	9438859	60	61
contig_98_22S3PE-11	3149	9445227	60	61
contig_99_22S3PE-11	7823	9448450	60	61
scaffold_20_22S3PE-11	252667	9456427	60	61
scaffold_54_22S3PE-11	379861	9713329	60	61
contig_12_22S3PE-12	713262	21	60	61
contig_13_22S3PE-12	849873	725192	60	61
contig_14_22S3PE-12	128874	1589251	60	61
contig_15_22S3PE-12	160407	1720294	60	61
contig_16_22S3PE-12	13843	1883396	60	61
contig_17_22S3PE-12	550852	1897491	60	61
contig_18_22S3PE-12	815698	2457545	60	61
contig_19_22S3PE-12	105722	3286859	60	61
contig_2_22S3PE-12	725425	3394364	60	61
contig_20_22S3PE-12	10293	4131901	60	61
contig_25_22S3PE-12	11548	4142387	60	61
contig_27_22S3PE-12	12060	4154149	60	61
contig_28_22S3PE-12	536640	4166431	60	61
contig_29_22S3PE-12	50636	4712036	60	61
contig_3_22S3PE-12	50653	4763536	60	61
contig_30_22S3PE-12	4804	4815055	60	61
contig_32_22S3PE-12	265141	4819961	60	61
contig_33_22S3PE-12	283222	5089543	60	61
contig_36_22S3PE-12	1740	5377507	60	61
contig_40_22S3PE-12	9364	5379297	60	61
contig_45_22S3PE-12	141726	5388839	60	61
contig_46_22S3PE-12	253151	5532949	60	61
contig_47_22S3PE-12	197793	5790341	60	61
contig_51_22S3PE-12	286646	5991452	60	61
contig_54_22S3PE-12	4881	6282897	60	61
contig_56_22S3PE-12	5809	6287881	60	61
contig_58_22S3PE-12	8368	6293808	60	61
contig_6_22S3PE-12	44343	6302336	60	61
contig_60_22S3PE-12	47690	6347440	60	61
contig_61_22S3PE-12	72276	6395946	60	61
contig_62_22S3PE-12	44933	6469448	60	61
contig_65_22S3PE-12	9920	6515151	60	61
contig_66_22S3PE-12	44907	6525258	60	61
contig_67_22S3PE-12	22720	6570935	60	61
contig_68_22S3PE-12	18135	6594055	60	61
contig_69_22S3PE-12	40580	6612514	60	61
contig_7_22S3PE-12	79484	6653791	60	61
contig_70_22S3PE-12	2289	6734621	60	61
contig_72_22S3PE-12	5725	6736970	60	61
contig_73_22S3PE-12	61560	6742812	60	61
contig_74_22S3PE-12	27951	6805419	60	61
contig_76_22S3PE-12	17039	6833857	60	61
contig_79_22S3PE-12	46125	6851201	60	61
contig_8_22S3PE-12	342071	6898115	60	61
contig_81_22S3PE-12	13297	7245909	60	61
contig_82_22S3PE-12	25161	7259449	60	61
contig_85_22S3PE-12	28972	7285051	60	61
contig_86_22S3PE-12	7960	7314527	60	61
contig_87_22S3PE-12	2298	7322641	60	61
contig_9_22S3PE-12	2290592	7324998	60	61
contig_90_22S3PE-12	14500	9653788	60	61
contig_91_22S3PE-12	575775	9668551	60	61
contig_92_22S3PE-12	73822	10253944	60	61
contig_1_22S3PE-1	27997	19	60	61
contig_10_22S3PE-1	4893	28503	60	61
contig_101_22S3PE-1	32751	33499	60	61
contig_102_22S3PE-1	38982	66817	60	61
contig_103_22S3PE-1	56350	106470	60	61
contig_104_22S3PE-1	12427	163781	60	61
contig_105_22S3PE-1	29352	176437	60	61
contig_106_22S3PE-1	15844	206300	60	61
contig_107_22S3PE-1	31722	222430	60	61
contig_108_22S3PE-1	24816	254702	60	61
contig_109_22S3PE-1	26322	279953	60	61
contig_11_22S3PE-1	6829	306734	60	61
contig_110_22S3PE-1	3103	313698	60	61
contig_111_22S3PE-1	10524	316874	60	61
contig_112_22S3PE-1	47651	327595	60	61
contig_113_22S3PE-1	30568	376062	60	61
contig_114_22S3PE-1	57518	407161	60	61
contig_115_22S3PE-1	98112	465659	60	61
contig_116_22S3PE-1	36704	565428	60	61
contig_117_22S3PE-1	43868	602765	60	61
contig_118_22S3PE-1	64283	647386	60	61
contig_119_22S3PE-1	7101	712762	60	61
contig_12_22S3PE-1	30259	720002	60	61
contig_120_22S3PE-1	25121	750787	60	61
contig_121_22S3PE-1	65068	776348	60	61
contig_122_22S3PE-1	22160	842522	60	61
contig_123_22S3PE-1	16972	865073	60	61
contig_124_22S3PE-1	8781	882349	60	61
contig_125_22S3PE-1	11470	891298	60	61
contig_126_22S3PE-1	23739	902981	60	61
contig_13_22S3PE-1	18894	927136	60	61
contig_14_22S3PE-1	6995	946365	60	61
contig_19_22S3PE-1	14704	953497	60	61
contig_2_22S3PE-1	82805	968466	60	61
contig_20_22S3PE-1	20229	1052672	60	61
contig_21_22S3PE-1	5934	1073259	60	61
contig_24_22S3PE-1	15587	1079312	60	61
contig_25_22S3PE-1	22994	1095179	60	61
contig_26_22S3PE-1	9489	1118577	60	61
contig_27_22S3PE-1	59930	1128245	60	61
contig_28_22S3PE-1	21001	1189194	60	61
contig_29_22S3PE-1	17715	1210566	60	61
contig_3_22S3PE-1	29463	1228596	60	61
contig_30_22S3PE-1	16395	1258571	60	61
contig_31_22S3PE-1	37705	1275260	60	61
contig_32_22S3PE-1	13361	1313614	60	61
contig_33_22S3PE-1	36596	1327218	60	61
contig_34_22S3PE-1	12044	1364444	60	61
contig_35_22S3PE-1	52039	1376709	60	61
contig_36_22S3PE-1	18569	1429636	60	61
contig_37_22S3PE-1	719	1448535	60	61
contig_38_22S3PE-1	22904	1449286	60	61
contig_39_22S3PE-1	9401	1472592	60	61
contig_4_22S3PE-1	84909	1482169	60	61
contig_40_22S3PE-1	21736	1568514	60	61
contig_41_22S3PE-1	18459	1590633	60	61
contig_42_22S3PE-1	80865	1609420	60	61
contig_43_22S3PE-1	28266	1691653	60	61
contig_44_22S3PE-1	11668	1720411	60	61
contig_45_22S3PE-1	8587	1732294	60	61
contig_46_22S3PE-1	11280	1741045	60	61
contig_47_22S3PE-1	56631	1752533	60	61
contig_48_22S3PE-1	8776	1810128	60	61
contig_49_22S3PE-1	14580	1819071	60	61
contig_5_22S3PE-1	2820	1833913	60	61
contig_50_22S3PE-1	23665	1836800	60	61
contig_51_22S3PE-1	11951	1860880	60	61
contig_52_22S3PE-1	5125	1873051	60	61
contig_53_22S3PE-1	46091	1878282	60	61
contig_54_22S3PE-1	32319	1925162	60	61
contig_55_22S3PE-1	10821	1958040	60	61
contig_56_22S3PE-1	30966	1969062	60	61
contig_57_22S3PE-1	27455	2000565	60	61
contig_58_22S3PE-1	6564	2028498	60	61
contig_59_22S3PE-1	3317	2035192	60	61
contig_6_22S3PE-1	41881	2038584	60	61
contig_60_22S3PE-1	19965	2081184	60	61
contig_61_22S3PE-1	113855	2101502	60	61
contig_62_22S3PE-1	12417	2217275	60	61
contig_63_22S3PE-1	11997	2229919	60	61
contig_64_22S3PE-1	2711	2242136	60	61
contig_65_22S3PE-1	22763	2244913	60	61
contig_66_22S3PE-1	14582	2268076	60	61
contig_67_22S3PE-1	2925	2282922	60	61
contig_68_22S3PE-1	38542	2285916	60	61
contig_69_22S3PE-1	5845	2325121	60	61
contig_7_22S3PE-1	10810	2331083	60	61
contig_70_22S3PE-1	49541	2342094	60	61
contig_71_22S3PE-1	54320	2392481	60	61
contig_76_22S3PE-1	2696	2447727	60	61
contig_77_22S3PE-1	88255	2450488	60	61
contig_78_22S3PE-1	109880	2540234	60	61
contig_79_22S3PE-1	53491	2651966	60	61
contig_8_22S3PE-1	71366	2706368	60	61
contig_80_22S3PE-1	10950	2778944	60	61
contig_81_22S3PE-1	57602	2790097	60	61
contig_82_22S3PE-1	25545	2848680	60	61
contig_83_22S3PE-1	54568	2874671	60	61
contig_84_22S3PE-1	31015	2930169	60	61
contig_85_22S3PE-1	45559	2961721	60	61
contig_86_22S3PE-1	46069	3008060	60	61
contig_87_22S3PE-1	58794	3054917	60	61
contig_88_22S3PE-1	29151	3114711	60	61
contig_89_22S3PE-1	82039	3144368	60	61
contig_9_22S3PE-1	26708	3227794	60	61
contig_90_22S3PE-1	72082	3254968	60	61
contig_91_22S3PE-1	48670	3328272	60	61
contig_92_22S3PE-1	16540	3377774	60	61
contig_93_22S3PE-1	40822	3394610	60	61
contig_94_22S3PE-1	10700	3436133	60	61
contig_95_22S3PE-1	30065	3447032	60	61
contig_96_22S3PE-1	19392	3477619	60	61
contig_97_22S3PE-1	45511	3497355	60	61
contig_98_22S3PE-1	57760	3543645	60	61
contig_2_22S3PE-2	5898	19	60	61
contig_3_22S3PE-2	3583244	6035	60	61
contig_4_22S3PE-2	72818	3649019	60	61
contig_1_22S3PE-5	7679	19	60	61
contig_10_22S3PE-5	252543	7846	60	61
contig_11_22S3PE-5	91534	264619	60	61
contig_12_22S3PE-5	34618	357699	60	61
contig_13_22S3PE-5	124483	392914	60	61
contig_14_22S3PE-5	28488	519492	60	61
contig_15_22S3PE-5	225954	548475	60	61
contig_16_22S3PE-5	139113	778215	60	61
contig_17_22S3PE-5	83929	919667	60	61
contig_18_22S3PE-5	6231	1005015	60	61
contig_19_22S3PE-5	14564	1011370	60	61
contig_2_22S3PE-5	262661	1026196	60	61
contig_20_22S3PE-5	25583	1293255	60	61
contig_21_22S3PE-5	70277	1319285	60	61
contig_22_22S3PE-5	724726	1390754	60	61
contig_23_22S3PE-5	152054	2127579	60	61
contig_24_22S3PE-5	10076	2282188	60	61
contig_25_22S3PE-5	194901	2292452	60	61
contig_26_22S3PE-5	21539	2490622	60	61
contig_27_22S3PE-5	49960	2512540	60	61
contig_28_22S3PE-5	28586	2563353	60	61
contig_29_22S3PE-5	12332	2592436	60	61
contig_3_22S3PE-5	303088	2604993	60	61
contig_30_22S3PE-5	6652	2913153	60	61
contig_31_22S3PE-5	14688	2919936	60	61
contig_32_22S3PE-5	38280	2934889	60	61
contig_33_22S3PE-5	14265	2973827	60	61
contig_34_22S3PE-5	20587	2988350	60	61
contig_35_22S3PE-5	6039	3009301	60	61
contig_36_22S3PE-5	333584	3015461	60	61
contig_37_22S3PE-5	23901	3354625	60	61
contig_38_22S3PE-5	33572	3378945	60	61
contig_39_22S3PE-5	6155	3413097	60	61
contig_4_22S3PE-5	94166	3419374	60	61
contig_40_22S3PE-5	111114	3515130	60	61
contig_41_22S3PE-5	267768	3628116	60	61
contig_5_22S3PE-5	117520	3900366	60	61
contig_6_22S3PE-5	52844	4019864	60	61
contig_7_22S3PE-5	69044	4073608	60	61
contig_8_22S3PE-5	95347	4143822	60	61
contig_9_22S3PE-5	55843	4240778	60	61
contig_1_22S3PE-6	35639	19	60	61
contig_10_22S3PE-6	8151	36272	60	61
contig_11_22S3PE-6	14349	44579	60	61
contig_12_22S3PE-6	12044	59188	60	61
contig_13_22S3PE-6	4479	71453	60	61
contig_14_22S3PE-6	9612	76027	60	61
contig_15_22S3PE-6	63768	85820	60	61
contig_17_22S3PE-6	2225	150671	60	61
contig_18_22S3PE-6	6048	152954	60	61
contig_19_22S3PE-6	7360	159123	60	61
contig_2_22S3PE-6	66127	166625	60	61
contig_20_22S3PE-6	6023	233875	60	61
contig_21_22S3PE-6	38368	240019	60	61
contig_22_22S3PE-6	11789	279047	60	61
contig_23_22S3PE-6	6840	291053	60	61
contig_24_22S3PE-6	2394	298027	60	61
contig_25_22S3PE-6	24865	300481	60	61
contig_26_22S3PE-6	3629	325781	60	61
contig_27_22S3PE-6	4872	329491	60	61
contig_28_22S3PE-6	39355	334465	60	61
contig_29_22S3PE-6	8055	374496	60	61
contig_3_22S3PE-6	3723	382705	60	61
contig_30_22S3PE-6	56039	386511	60	61
contig_31_22S3PE-6	85920	443504	60	61
contig_32_22S3PE-6	95075	530876	60	61
contig_33_22S3PE-6	56196	627556	60	61
contig_34_22S3PE-6	25195	684709	60	61
contig_35_22S3PE-6	104132	710344	60	61
contig_36_22S3PE-6	80986	816232	60	61
contig_37_22S3PE-6	65070	898588	60	61
contig_38_22S3PE-6	74228	964763	60	61
contig_39_22S3PE-6	15781	1040249	60	61
contig_4_22S3PE-6	18423	1056313	60	61
contig_40_22S3PE-6	40432	1075064	60	61
contig_41_22S3PE-6	63865	1116190	60	61
contig_42_22S3PE-6	58892	1181140	60	61
contig_43_22S3PE-6	33485	1241034	60	61
contig_44_22S3PE-6	31284	1275098	60	61
contig_45_22S3PE-6	32614	1306924	60	61
contig_46_22S3PE-6	36316	1340102	60	61
contig_47_22S3PE-6	39941	1377044	60	61
contig_48_22S3PE-6	29028	1417671	60	61
contig_49_22S3PE-6	195621	1447203	60	61
contig_5_22S3PE-6	38145	1646104	60	61
contig_50_22S3PE-6	17173	1684905	60	61
contig_51_22S3PE-6	50182	1702385	60	61
contig_52_22S3PE-6	129795	1753424	60	61
contig_55_22S3PE-6	23031	1885403	60	61
contig_56_22S3PE-6	8807	1908838	60	61
contig_57_22S3PE-6	108338	1917812	60	61
contig_58_22S3PE-6	53208	2027976	60	61
contig_59_22S3PE-6	30116	2082091	60	61
contig_6_22S3PE-6	7001	2112728	60	61
contig_60_22S3PE-6	6834	2119866	60	61
contig_61_22S3PE-6	19125	2126834	60	61
contig_62_22S3PE-6	30186	2146298	60	61
contig_63_22S3PE-6	11008	2177008	60	61
contig_64_22S3PE-6	32175	2188220	60	61
contig_65_22S3PE-6	10399	2220952	60	61
contig_66_22S3PE-6	166021	2231545	60	61
contig_67_22S3PE-6	28066	2400354	60	61
contig_68_22S3PE-6	12937	2428908	60	61
contig_69_22S3PE-6	25343	2442081	60	61
contig_7_22S3PE-6	35141	2467866	60	61
contig_70_22S3PE-6	40610	2503613	60	61
contig_71_22S3PE-6	19764	2544920	60	61
contig_72_22S3PE-6	17094	2565034	60	61
contig_73_22S3PE-6	7768	2582433	60	61
contig_74_22S3PE-6	56579	2590351	60	61
contig_75_22S3PE-6	142716	2647893	60	61
contig_76_22S3PE-6	85531	2793008	60	61
contig_77_22S3PE-6	6221	2879985	60	61
contig_78_22S3PE-6	52605	2886330	60	61
contig_79_22S3PE-6	30743	2939832	60	61
contig_8_22S3PE-6	127451	2971107	60	61
contig_80_22S3PE-6	22618	3100703	60	61
contig_81_22S3PE-6	4654	3123718	60	61
contig_82_22S3PE-6	19975	3128470	60	61
contig_83_22S3PE-6	88236	3148798	60	61
contig_84_22S3PE-6	20329	3238525	60	61
contig_85_22S3PE-6	11643	3259213	60	61
contig_86_22S3PE-6	36726	3271071	60	61
contig_87_22S3PE-6	22187	3308430	60	61
contig_88_22S3PE-6	15359	3331007	60	61
contig_89_22S3PE-6	10057	3346642	60	61
contig_9_22S3PE-6	12392	3356886	60	61
contig_90_22S3PE-6	26448	3369505	60	61
contig_91_22S3PE-6	27855	3396414	60	61
contig_92_22S3PE-6	18694	3424754	60	61
contig_93_22S3PE-6	23588	3443780	60	61
contig_94_22S3PE-6	24628	3467782	60	61
contig_95_22S3PE-6	35453	3492841	60	61
contig_96_22S3PE-6	36791	3528905	60	61
contig_97_22S3PE-6	45462	3566330	60	61
contig_98_22S3PE-6	39366	3612570	60	61
contig_1_22S3PE-7	17196	19	60	61
contig_10_22S3PE-7	16579	17522	60	61
contig_2_22S3PE-7	5234	34397	60	61
contig_3_22S3PE-7	8001	39738	60	61
contig_4_22S3PE-7	16235	47892	60	61
contig_5_22S3PE-7	14818	64417	60	61
contig_6_22S3PE-7	21703	79501	60	61
contig_7_22S3PE-7	27438	101585	60	61
contig_8_22S3PE-7	29568	129500	60	61
contig_9_22S3PE-7	6306	159580	60	61
contig_1_22S3PE-8	3946198	19	60	61
contig_2_22S3PE-8	216656	4012006	60	61
contig_1_22S3PE-9	100236	19	60	61
contig_10_22S3PE-9	22896	101946	60	61
contig_100_22S3PE-9	43932	125245	60	61
contig_101_22S3PE-9	10213	169931	60	61
contig_102_22S3PE-9	22953	180336	60	61
contig_103_22S3PE-9	55249	203693	60	61
contig_104_22S3PE-9	4701	259884	60	61
contig_105_22S3PE-9	34552	264685	60	61
contig_106_22S3PE-9	9864	299834	60	61
contig_107_22S3PE-9	36116	309884	60	61
contig_108_22S3PE-9	29662	346623	60	61
contig_109_22S3PE-9	33098	376801	60	61
contig_11_22S3PE-9	70912	410471	60	61
contig_110_22S3PE-9	31764	482586	60	61
contig_12_22S3PE-9	27888	514900	60	61
contig_13_22S3PE-9	46020	543273	60	61
contig_14_22S3PE-9	27984	590080	60	61
contig_15_22S3PE-9	161009	618551	60	61
contig_16_22S3PE-9	18713	782264	60	61
contig_17_22S3PE-9	37378	801309	60	61
contig_18_22S3PE-9	17142	839330	60	61
contig_19_22S3PE-9	24996	856778	60	61
contig_20_22S3PE-9	8690	882211	60	61
contig_21_22S3PE-9	17834	891066	60	61
contig_22_22S3PE-9	26308	909218	60	61
contig_23_22S3PE-9	29777	935985	60	61
contig_24_22S3PE-9	31244	966279	60	61
contig_25_22S3PE-9	8911	998064	60	61
contig_26_22S3PE-9	3716	1007144	60	61
contig_27_22S3PE-9	23248	1010942	60	61
contig_28_22S3PE-9	12937	1034598	60	61
contig_29_22S3PE-9	21279	1047771	60	61
contig_30_22S3PE-9	10687	1069425	60	61
contig_31_22S3PE-9	26280	1080311	60	61
contig_32_22S3PE-9	21849	1107049	60	61
contig_33_22S3PE-9	8745	1129283	60	61
contig_34_22S3PE-9	14902	1138194	60	61
contig_35_22S3PE-9	14708	1153365	60	61
contig_36_22S3PE-9	26353	1168339	60	61
contig_37_22S3PE-9	62915	1195152	60	61
contig_38_22S3PE-9	9529	1259136	60	61
contig_39_22S3PE-9	6535	1268844	60	61
contig_4_22S3PE-9	44540	1275507	60	61
contig_40_22S3PE-9	59600	1320810	60	61
contig_41_22S3PE-9	19145	1381424	60	61
contig_42_22S3PE-9	66773	1400909	60	61
contig_43_22S3PE-9	2355	1468815	60	61
contig_44_22S3PE-9	68074	1471230	60	61
contig_45_22S3PE-9	6288	1540459	60	61
contig_46_22S3PE-9	11722	1546872	60	61
contig_47_22S3PE-9	3559	1558810	60	61
contig_48_22S3PE-9	60881	1562449	60	61
contig_49_22S3PE-9	44563	1624365	60	61
contig_5_22S3PE-9	2997	1669690	60	61
contig_50_22S3PE-9	64563	1672757	60	61
contig_51_22S3PE-9	28404	1738417	60	61
contig_52_22S3PE-9	28053	1767315	60	61
contig_53_22S3PE-9	93837	1795856	60	61
contig_54_22S3PE-9	33287	1891277	60	61
contig_55_22S3PE-9	24339	1925139	60	61
contig_56_22S3PE-9	73971	1949904	60	61
contig_57_22S3PE-9	9260	2025128	60	61
contig_58_22S3PE-9	64996	2034563	60	61
contig_59_22S3PE-9	8630	2100663	60	61
contig_6_22S3PE-9	69492	2109456	60	61
contig_60_22S3PE-9	54835	2180127	60	61
contig_61_22S3PE-9	59514	2235896	60	61
contig_62_22S3PE-9	16615	2296422	60	61
contig_63_22S3PE-9	108403	2313334	60	61
contig_64_22S3PE-9	50312	2423564	60	61
contig_65_22S3PE-9	37668	2474735	60	61
contig_66_22S3PE-9	25080	2513051	60	61
contig_67_22S3PE-9	33252	2538569	60	61
contig_68_22S3PE-9	88895	2572396	60	61
contig_69_22S3PE-9	28210	2662793	60	61
contig_7_22S3PE-9	26323	2691493	60	61
contig_70_22S3PE-9	19953	2718275	60	61
contig_71_22S3PE-9	4690	2738581	60	61
contig_72_22S3PE-9	8791	2743370	60	61
contig_73_22S3PE-9	44217	2752328	60	61
contig_74_22S3PE-9	6559	2797302	60	61
contig_75_22S3PE-9	34144	2803991	60	61
contig_76_22S3PE-9	31929	2838725	60	61
contig_77_22S3PE-9	23849	2871207	60	61
contig_78_22S3PE-9	39356	2895474	60	61
contig_79_22S3PE-9	28813	2935506	60	61
contig_8_22S3PE-9	24021	2964819	60	61
contig_80_22S3PE-9	16179	2989261	60	61
contig_81_22S3PE-9	20184	3005730	60	61
contig_82_22S3PE-9	31284	3026271	60	61
contig_83_22S3PE-9	83008	3058097	60	61
contig_84_22S3PE-9	88456	3142509	60	61
contig_85_22S3PE-9	10631	3232460	60	61
contig_86_22S3PE-9	27374	3243289	60	61
contig_87_22S3PE-9	22570	3271140	60	61
contig_88_22S3PE-9	20530	3294107	60	61
contig_89_22S3PE-9	22374	3315000	60	61
contig_9_22S3PE-9	37920	3337766	60	61
contig_90_22S3PE-9	17696	3376338	60	61
contig_91_22S3PE-9	72855	3394349	60	61
contig_92_22S3PE-9	30325	3468439	60	61
contig_93_22S3PE-9	112382	3499290	60	61
contig_94_22S3PE-9	68057	3613566	60	61
contig_95_22S3PE-9	82898	3682778	60	61
contig_96_22S3PE-9	22766	3767078	60	61
contig_97_22S3PE-9	30994	3790244	60	61
contig_98_22S3PE-9	23478	3821775	60	61
contig_99_22S3PE-9	58639	3845665	60	61
contig_1_22S3R2A-10	308496	21	60	61
contig_10_22S3R2A-10	25577	313681	60	61
contig_100_22S3R2A-10	25968	339708	60	61
contig_101_22S3R2A-10	195067	366132	60	61
contig_102_22S3R2A-10	67061	564474	60	61
contig_103_22S3R2A-10	27206	632676	60	61
contig_104_22S3R2A-10	43527	660359	60	61
contig_105_22S3R2A-10	17068	704635	60	61
contig_106_22S3R2A-10	83817	722011	60	61
contig_107_22S3R2A-10	46300	807248	60	61
contig_108_22S3R2A-10	29393	854343	60	61
contig_109_22S3R2A-10	33558	884249	60	61
contig_11_22S3R2A-10	14732	918389	60	61
contig_110_22S3R2A-10	205885	933390	60	61
contig_111_22S3R2A-10	73932	1142730	60	61
contig_112_22S3R2A-10	159432	1217918	60	61
contig_113_22S3R2A-10	113289	1380031	60	61
contig_114_22S3R2A-10	99436	1495232	60	61
contig_12_22S3R2A-10	15715	1596348	60	61
contig_13_22S3R2A-10	10642	1612347	60	61
contig_14_22S3R2A-10	15635	1623189	60	61
contig_15_22S3R2A-10	68298	1639107	60	61
contig_16_22S3R2A-10	6367	1708566	60	61
contig_17_22S3R2A-10	15859	1715062	60	61
contig_18_22S3R2A-10	26805	1731208	60	61
contig_19_22S3R2A-10	63501	1758482	60	61
contig_2_22S3R2A-10	22061	1823063	60	61
contig_20_22S3R2A-10	398581	1845514	60	61
contig_21_22S3R2A-10	7564	2250761	60	61
contig_22_22S3R2A-10	7591	2258474	60	61
contig_23_22S3R2A-10	4332	2266214	60	61
contig_24_22S3R2A-10	66179	2270641	60	61
contig_25_22S3R2A-10	47563	2337945	60	61
contig_26_22S3R2A-10	6161	2386323	60	61
contig_27_22S3R2A-10	15749	2392609	60	61
contig_28_22S3R2A-10	126831	2408643	60	61
contig_29_22S3R2A-10	28342	2537610	60	61
contig_3_22S3R2A-10	27079	2566446	60	61
contig_30_22S3R2A-10	3756	2593999	60	61
contig_31_22S3R2A-10	2750	2597840	60	61
contig_32_22S3R2A-10	12863	2600658	60	61
contig_33_22S3R2A-10	3321	2613758	60	61
contig_34_22S3R2A-10	7306	2617157	60	61
contig_35_22S3R2A-10	3803	2624607	60	61
contig_36_22S3R2A-10	4103	2628496	60	61
contig_37_22S3R2A-10	111806	2632690	60	61
contig_38_22S3R2A-10	219884	2746382	60	61
contig_39_22S3R2A-10	13403	2969953	60	61
contig_4_22S3R2A-10	52538	2983601	60	61
contig_40_22S3R2A-10	57551	3037037	60	61
contig_41_22S3R2A-10	51935	3095570	60	61
contig_42_22S3R2A-10	35651	3148393	60	61
contig_43_22S3R2A-10	18008	3184661	60	61
contig_44_22S3R2A-10	7955	3202992	60	61
contig_45_22S3R2A-10	110333	3211102	60	61
contig_46_22S3R2A-10	80658	3323296	60	61
contig_47_22S3R2A-10	245701	3405321	60	61
contig_48_22S3R2A-10	209455	3655140	60	61
contig_49_22S3R2A-10	901177	3868108	60	61
contig_5_22S3R2A-10	287445	4784326	60	61
contig_50_22S3R2A-10	63691	5076584	60	61
contig_51_22S3R2A-10	461923	5141359	60	61
contig_52_22S3R2A-10	730536	5611003	60	61
contig_53_22S3R2A-10	30959	6353737	60	61
contig_54_22S3R2A-10	1494	6385234	60	61
contig_55_22S3R2A-10	5086	6386775	60	61
contig_56_22S3R2A-10	776234	6391968	60	61
contig_57_22S3R2A-10	2694	7181162	60	61
contig_58_22S3R2A-10	19304	7183923	60	61
contig_59_22S3R2A-10	6769	7203571	60	61
contig_6_22S3R2A-10	16120	7210474	60	61
contig_60_22S3R2A-10	56931	7226885	60	61
contig_62_22S3R2A-10	31017	7284787	60	61
contig_63_22S3R2A-10	45784	7316343	60	61
contig_64_22S3R2A-10	46948	7362913	60	61
contig_65_22S3R2A-10	103880	7410666	60	61
contig_66_22S3R2A-10	5645	7516300	60	61
contig_67_22S3R2A-10	27033	7522062	60	61
contig_68_22S3R2A-10	52369	7549568	60	61
contig_69_22S3R2A-10	44069	7602832	60	61
contig_7_22S3R2A-10	2523	7647657	60	61
contig_70_22S3R2A-10	159778	7650245	60	61
contig_71_22S3R2A-10	118082	7812708	60	61
contig_72_22S3R2A-10	55043	7932781	60	61
contig_73_22S3R2A-10	117635	7988764	60	61
contig_74_22S3R2A-10	5545	8108382	60	61
contig_75_22S3R2A-10	4385	8114042	60	61
contig_76_22S3R2A-10	76817	8118523	60	61
contig_77_22S3R2A-10	61550	8196643	60	61
contig_78_22S3R2A-10	65999	8259241	60	61
contig_79_22S3R2A-10	172238	8326362	60	61
contig_8_22S3R2A-10	94283	8501492	60	61
contig_80_22S3R2A-10	48645	8597369	60	61
contig_81_22S3R2A-10	7433	8646847	60	61
contig_82_22S3R2A-10	21432	8654426	60	61
contig_83_22S3R2A-10	18595	8676238	60	61
contig_84_22S3R2A-10	18388	8695165	60	61
contig_85_22S3R2A-10	123003	8713882	60	61
contig_86_22S3R2A-10	57855	8838958	60	61
contig_87_22S3R2A-10	34039	8897800	60	61
contig_88_22S3R2A-10	35111	8932429	60	61
contig_89_22S3R2A-10	12141	8968148	60	61
contig_9_22S3R2A-10	231645	8980513	60	61
contig_90_22S3R2A-10	29713	9216041	60	61
contig_91_22S3R2A-10	22742	9246272	60	61
contig_92_22S3R2A-10	30609	9269416	60	61
contig_93_22S3R2A-10	10785	9300558	60	61
contig_94_22S3R2A-10	467810	9311545	60	61
contig_95_22S3R2A-10	80022	9787174	60	61
contig_96_22S3R2A-10	80748	9868552	60	61
contig_97_22S3R2A-10	52240	9950668	60	61
contig_98_22S3R2A-10	112147	10003801	60	61
contig_99_22S3R2A-10	55604	10117840	60	61
contig_1_22S3R2A-1	159786	20	60	61
contig_2_22S3R2A-1	4130634	162490	60	61
contig_3_22S3R2A-1	166895	4361988	60	61
contig_4_22S3R2A-1	66785	4531685	60	61
contig_5_22S3R2A-1	557787	4599604	60	61
contig_1_22S3R2A-2	3402148	20	60	61
contig_1_22S3R2A-3	3429111	20	60	61
contig_1_22S3R2A-4	3401836	20	60	61
contig_1_22S3R2A-5	3340796	20	60	61
contig_2_22S3R2A-5	984119	3396516	60	61
contig_4_22S3R2A-5	6644	4397057	60	61
contig_5_22S3R2A-5	33031	4403832	60	61
contig_6_22S3R2A-5	103404	4437434	60	61
contig_1_22S3R2A-6	160739	20	60	61
contig_2_22S3R2A-6	69201	163458	60	61
contig_3_22S3R2A-6	2057933	233833	60	61
contig_4_22S3R2A-6	6060	2326085	60	61
contig_5_22S3R2A-6	1079033	2332266	60	61
contig_6_22S3R2A-6	179025	3429303	60	61
contig_1_22S3R2A-7	4200723	20	60	61
contig_2_22S3R2A-7	2690	4270776	60	61
contig_3_22S3R2A-7	82436	4273531	60	61
contig_1_22S3R2A-8	253647	20	60	61
contig_2_22S3R2A-8	4131808	257915	60	61
contig_3_22S3R2A-8	180833	4458607	60	61
contig_1_22S3R2A-9	3428272	20	60	61
contig_1_22S3S1G-1	24088	20	60	61
contig_10_22S3S1G-1	580471	24531	60	61
contig_11_22S3S1G-1	2932	614698	60	61
contig_12_22S3S1G-1	47045	617700	60	61
contig_13_22S3S1G-1	8138	665551	60	61
contig_14_22S3S1G-1	36275	673846	60	61
contig_15_22S3S1G-1	3728	710747	60	61
contig_16_22S3S1G-1	28300	714559	60	61
contig_17_22S3S1G-1	95607	743352	60	61
contig_18_22S3S1G-1	80188	840574	60	61
contig_19_22S3S1G-1	93262	922120	60	61
contig_2_22S3S1G-1	250598	1016957	60	61
contig_20_22S3S1G-1	73285	1271753	60	61
contig_21_22S3S1G-1	40348	1346281	60	61
contig_22_22S3S1G-1	93217	1387323	60	61
contig_23_22S3S1G-1	130419	1482115	60	61
contig_24_22S3S1G-1	307771	1614729	60	61
contig_25_22S3S1G-1	136830	1927651	60	61
contig_26_22S3S1G-1	17418	2066783	60	61
contig_27_22S3S1G-1	98245	2084513	60	61
contig_28_22S3S1G-1	329661	2184417	60	61
contig_29_22S3S1G-1	3726	2519594	60	61
contig_3_22S3S1G-1	42157	2523403	60	61
contig_30_22S3S1G-1	3936	2566284	60	61
contig_31_22S3S1G-1	24236	2570307	60	61
contig_32_22S3S1G-1	105271	2594968	60	61
contig_33_22S3S1G-1	33129	2702015	60	61
contig_34_22S3S1G-1	26788	2735718	60	61
contig_35_22S3S1G-1	48501	2762974	60	61
contig_36_22S3S1G-1	45177	2812305	60	61
contig_37_22S3S1G-1	167509	2858256	60	61
contig_38_22S3S1G-1	24665	3028578	60	61
contig_39_22S3S1G-1	19172	3053676	60	61
contig_4_22S3S1G-1	4111	3073188	60	61
contig_40_22S3S1G-1	72956	3077389	60	61
contig_41_22S3S1G-1	3665	3151582	60	61
contig_42_22S3S1G-1	111806	3155330	60	61
contig_43_22S3S1G-1	91651	3269021	60	61
contig_44_22S3S1G-1	18639	3362221	60	61
contig_45_22S3S1G-1	83508	3381192	60	61
contig_46_22S3S1G-1	212063	3466113	60	61
contig_47_22S3S1G-1	364037	3681732	60	61
contig_48_22S3S1G-1	24778	4051858	60	61
contig_5_22S3S1G-1	86735	4077069	60	61
contig_6_22S3S1G-1	433234	4165270	60	61
contig_7_22S3S1G-1	280305	4605745	60	61
contig_8_22S3S1G-1	345099	4890742	60	61
contig_9_22S3S1G-1	519957	5241613	60	61
contig_1_22S3S1G-2	15485	20	60	61
contig_10_22S3S1G-2	72346	15785	60	61
contig_100_22S3S1G-2	7348	89359	60	61
contig_101_22S3S1G-2	2433	96852	60	61
contig_102_22S3S1G-2	3255	99348	60	61
contig_103_22S3S1G-2	9830	102680	60	61
contig_104_22S3S1G-2	13267	112696	60	61
contig_105_22S3S1G-2	3174	126207	60	61
contig_106_22S3S1G-2	2614	129456	60	61
contig_107_22S3S1G-2	2204	132136	60	61
contig_108_22S3S1G-2	2779	134399	60	61
contig_109_22S3S1G-2	13870	137247	60	61
contig_11_22S3S1G-2	15845	151370	60	61
contig_110_22S3S1G-2	2630	167502	60	61
contig_111_22S3S1G-2	2357	170198	60	61
contig_112_22S3S1G-2	3171	172617	60	61
contig_113_22S3S1G-2	89353	175863	60	61
contig_114_22S3S1G-2	2770	266728	60	61
contig_115_22S3S1G-2	2998	269567	60	61
contig_116_22S3S1G-2	2309	272637	60	61
contig_117_22S3S1G-2	2489	275007	60	61
contig_118_22S3S1G-2	33953	277560	60	61
contig_119_22S3S1G-2	3279	312101	60	61
contig_12_22S3S1G-2	7819	315456	60	61
contig_120_22S3S1G-2	52795	323428	60	61
contig_121_22S3S1G-2	64248	377125	60	61
contig_122_22S3S1G-2	9898	442466	60	61
contig_123_22S3S1G-2	56407	452551	60	61
contig_124_22S3S1G-2	65575	509921	60	61
contig_125_22S3S1G-2	229090	576611	60	61
contig_126_22S3S1G-2	1956	809542	60	61
contig_127_22S3S1G-2	26088	811553	60	61
contig_128_22S3S1G-2	21273	838098	60	61
contig_129_22S3S1G-2	14672	859748	60	61
contig_13_22S3S1G-2	4768	874686	60	61
contig_130_22S3S1G-2	36626	879556	60	61
contig_131_22S3S1G-2	4961	916815	60	61
contig_132_22S3S1G-2	1082	921881	60	61
contig_133_22S3S1G-2	75914	923004	60	61
contig_134_22S3S1G-2	49971	1000206	60	61
contig_135_22S3S1G-2	18906	1051032	60	61
contig_136_22S3S1G-2	49942	1070276	60	61
contig_137_22S3S1G-2	75545	1121073	60	61
contig_138_22S3S1G-2	26173	1197900	60	61
contig_139_22S3S1G-2	65366	1224532	60	61
contig_14_22S3S1G-2	9792	1291009	60	61
contig_142_22S3S1G-2	1307	1300987	60	61
contig_143_22S3S1G-2	17963	1302338	60	61
contig_144_22S3S1G-2	16740	1320623	60	61
contig_145_22S3S1G-2	10407	1337664	60	61
contig_146_22S3S1G-2	21157	1348267	60	61
contig_147_22S3S1G-2	41781	1369799	60	61
contig_148_22S3S1G-2	113439	1412299	60	61
contig_149_22S3S1G-2	14174	1527651	60	61
contig_15_22S3S1G-2	77477	1542083	60	61
contig_150_22S3S1G-2	53544	1620874	60	61
contig_151_22S3S1G-2	13240	1675333	60	61
contig_152_22S3S1G-2	4557	1688816	60	61
contig_153_22S3S1G-2	72908	1693471	60	61
contig_154_22S3S1G-2	9288	1767617	60	61
contig_155_22S3S1G-2	10579	1777082	60	61
contig_156_22S3S1G-2	21747	1787860	60	61
contig_157_22S3S1G-2	3152	1809992	60	61
contig_158_22S3S1G-2	35712	1813219	60	61
contig_159_22S3S1G-2	24759	1849549	60	61
contig_16_22S3S1G-2	17871	1874742	60	61
contig_160_22S3S1G-2	7895	1892933	60	61
contig_161_22S3S1G-2	81222	1900982	60	61
contig_162_22S3S1G-2	60980	1983580	60	61
contig_163_22S3S1G-2	113001	2045599	60	61
contig_164_22S3S1G-2	15052	2160506	60	61
contig_165_22S3S1G-2	99535	2175831	60	61
contig_166_22S3S1G-2	36139	2277047	60	61
contig_167_22S3S1G-2	59654	2313811	60	61
contig_168_22S3S1G-2	17244	2374482	60	61
contig_169_22S3S1G-2	78041	2392036	60	61
contig_17_22S3S1G-2	26982	2471399	60	61
contig_170_22S3S1G-2	36028	2498853	60	61
contig_171_22S3S1G-2	3919	2535504	60	61
contig_172_22S3S1G-2	26788	2539511	60	61
contig_173_22S3S1G-2	21598	2566768	60	61
contig_174_22S3S1G-2	23830	2588748	60	61
contig_175_22S3S1G-2	19761	2612998	60	61
contig_176_22S3S1G-2	32795	2633111	60	61
contig_177_22S3S1G-2	32496	2666475	60	61
contig_178_22S3S1G-2	113118	2699535	60	61
contig_179_22S3S1G-2	21223	2814561	60	61
contig_18_22S3S1G-2	18223	2836159	60	61
contig_180_22S3S1G-2	47189	2854708	60	61
contig_181_22S3S1G-2	10802	2902706	60	61
contig_182_22S3S1G-2	56438	2913711	60	61
contig_183_22S3S1G-2	16414	2971112	60	61
contig_184_22S3S1G-2	56248	2987822	60	61
contig_185_22S3S1G-2	107163	3045030	60	61
contig_186_22S3S1G-2	36192	3154002	60	61
contig_187_22S3S1G-2	312278	3190820	60	61
contig_188_22S3S1G-2	218721	3508325	60	61
contig_189_22S3S1G-2	22014	3730714	60	61
contig_19_22S3S1G-2	2148	3753116	60	61
contig_190_22S3S1G-2	10687	3755322	60	61
contig_191_22S3S1G-2	31111	3766210	60	61
contig_192_22S3S1G-2	37533	3797862	60	61
contig_193_22S3S1G-2	76051	3836043	60	61
contig_194_22S3S1G-2	7308	3913384	60	61
contig_195_22S3S1G-2	50596	3920836	60	61
contig_196_22S3S1G-2	14871	3972298	60	61
contig_197_22S3S1G-2	99917	3987439	60	61
contig_198_22S3S1G-2	50914	4089044	60	61
contig_199_22S3S1G-2	165495	4140829	60	61
contig_2_22S3S1G-2	62505	4309103	60	61
contig_20_22S3S1G-2	39001	4372671	60	61
contig_200_22S3S1G-2	93422	4412345	60	61
contig_201_22S3S1G-2	59461	4507347	60	61
contig_21_22S3S1G-2	10255	4567821	60	61
contig_22_22S3S1G-2	34444	4578268	60	61
contig_23_22S3S1G-2	6344	4613308	60	61
contig_24_22S3S1G-2	68730	4619779	60	61
contig_25_22S3S1G-2	60081	4689676	60	61
contig_26_22S3S1G-2	32194	4750780	60	61
contig_27_22S3S1G-2	15226	4783532	60	61
contig_28_22S3S1G-2	7282	4799033	60	61
contig_29_22S3S1G-2	34666	4806458	60	61
contig_3_22S3S1G-2	23455	4841722	60	61
contig_30_22S3S1G-2	10214	4865589	60	61
contig_31_22S3S1G-2	8307	4875995	60	61
contig_32_22S3S1G-2	9385	4884462	60	61
contig_33_22S3S1G-2	27096	4894025	60	61
contig_34_22S3S1G-2	14268	4921594	60	61
contig_35_22S3S1G-2	8759	4936121	60	61
contig_36_22S3S1G-2	5113	4945047	60	61
contig_37_22S3S1G-2	11921	4950267	60	61
contig_4_22S3S1G-2	47780	4962407	60	61
contig_40_22S3S1G-2	1027	5011005	60	61
contig_41_22S3S1G-2	4263	5012071	60	61
contig_42_22S3S1G-2	3765	5016427	60	61
contig_43_22S3S1G-2	21118	5020276	60	61
contig_44_22S3S1G-2	4808	5041767	60	61
contig_45_22S3S1G-2	10643	5046677	60	61
contig_46_22S3S1G-2	18550	5057519	60	61
contig_47_22S3S1G-2	9215	5076400	60	61
contig_48_22S3S1G-2	6663	5085790	60	61
contig_49_22S3S1G-2	6471	5092586	60	61
contig_5_22S3S1G-2	5743	5099185	60	61
contig_50_22S3S1G-2	73277	5105045	60	61
contig_51_22S3S1G-2	20754	5179565	60	61
contig_52_22S3S1G-2	5172	5200686	60	61
contig_53_22S3S1G-2	7529	5205966	60	61
contig_54_22S3S1G-2	31421	5213642	60	61
contig_55_22S3S1G-2	5163	5245608	60	61
contig_56_22S3S1G-2	71235	5250879	60	61
contig_57_22S3S1G-2	19528	5323323	60	61
contig_59_22S3S1G-2	3910	5343198	60	61
contig_6_22S3S1G-2	34648	5347194	60	61
contig_60_22S3S1G-2	19311	5382441	60	61
contig_61_22S3S1G-2	7174	5402095	60	61
contig_62_22S3S1G-2	11601	5409410	60	61
contig_63_22S3S1G-2	12529	5421226	60	61
contig_64_22S3S1G-2	8945	5433985	60	61
contig_65_22S3S1G-2	2296	5443101	60	61
contig_66_22S3S1G-2	10635	5445457	60	61
contig_67_22S3S1G-2	14989	5456291	60	61
contig_68_22S3S1G-2	11555	5471551	60	61
contig_69_22S3S1G-2	2668	5483320	60	61
contig_7_22S3S1G-2	4400	5486053	60	61
contig_70_22S3S1G-2	41095	5490548	60	61
contig_71_22S3S1G-2	36236	5532349	60	61
contig_72_22S3S1G-2	17778	5569210	60	61
contig_73_22S3S1G-2	16448	5587306	60	61
contig_74_22S3S1G-2	3175	5604050	60	61
contig_75_22S3S1G-2	2373	5607299	60	61
contig_76_22S3S1G-2	5950	5609733	60	61
contig_77_22S3S1G-2	8202	5615804	60	61
contig_78_22S3S1G-2	8311	5624164	60	61
contig_79_22S3S1G-2	4838	5632635	60	61
contig_8_22S3S1G-2	23864	5637574	60	61
contig_80_22S3S1G-2	38115	5661857	60	61
contig_81_22S3S1G-2	11887	5700629	60	61
contig_82_22S3S1G-2	19266	5712736	60	61
contig_83_22S3S1G-2	20423	5732345	60	61
contig_84_22S3S1G-2	23432	5753130	60	61
contig_85_22S3S1G-2	21688	5776974	60	61
contig_86_22S3S1G-2	4871	5799045	60	61
contig_87_22S3S1G-2	10108	5804019	60	61
contig_88_22S3S1G-2	12201	5814317	60	61
contig_89_22S3S1G-2	14511	5826743	60	61
contig_9_22S3S1G-2	18586	5841516	60	61
contig_90_22S3S1G-2	9765	5860433	60	61
contig_91_22S3S1G-2	10027	5870382	60	61
contig_92_22S3S1G-2	3545	5880598	60	61
contig_93_22S3S1G-2	10923	5884224	60	61
contig_94_22S3S1G-2	13083	5895351	60	61
contig_95_22S3S1G-2	2784	5908674	60	61
contig_96_22S3S1G-2	6858	5911526	60	61
contig_97_22S3S1G-2	54072	5918520	60	61
contig_98_22S3S1G-2	2403	5973515	60	61
contig_99_22S3S1G-2	7328	5975980	60	61
scaffold_38_22S3S1G-2	328853	5983454	60	61
contig_1_22S3VL55-10	46853	22	60	61
contig_10_22S3VL55-10	36668	47679	60	61
contig_11_22S3VL55-10	1011294	84982	60	61
contig_12_22S3VL55-10	90315	1113154	60	61
contig_13_22S3VL55-10	28972	1204998	60	61
contig_14_22S3VL55-10	46591	1234476	60	61
contig_15_22S3VL55-10	12537	1281867	60	61
contig_16_22S3VL55-10	3093	1294636	60	61
contig_17_22S3VL55-10	800452	1297804	60	61
contig_18_22S3VL55-10	591663	2111620	60	61
contig_19_22S3VL55-10	99948	2713168	60	61
contig_2_22S3VL55-10	37746	2814804	60	61
contig_20_22S3VL55-10	74634	2853203	60	61
contig_21_22S3VL55-10	563088	2929104	60	61
contig_22_22S3VL55-10	229176	3501600	60	61
contig_23_22S3VL55-10	240446	3734619	60	61
contig_24_22S3VL55-10	98141	3979096	60	61
contig_25_22S3VL55-10	853798	4078896	60	61
contig_26_22S3VL55-10	513097	4946947	60	61
contig_27_22S3VL55-10	15295	5468619	60	61
contig_28_22S3VL55-10	119574	5484192	60	61
contig_29_22S3VL55-10	58710	5605782	60	61
contig_3_22S3VL55-10	20964	5665493	60	61
contig_30_22S3VL55-10	252913	5686830	60	61
contig_31_22S3VL55-10	102723	5943982	60	61
contig_32_22S3VL55-10	106425	6048441	60	61
contig_33_22S3VL55-10	55404	6156663	60	61
contig_34_22S3VL55-10	244068	6213014	60	61
contig_35_22S3VL55-10	50801	6461173	60	61
contig_36_22S3VL55-10	41650	6512844	60	61
contig_37_22S3VL55-10	23013	6555212	60	61
contig_38_22S3VL55-10	65737	6578632	60	61
contig_39_22S3VL55-10	84867	6645488	60	61
contig_4_22S3VL55-10	40223	6731792	60	61
contig_40_22S3VL55-10	23785	6772709	60	61
contig_41_22S3VL55-10	63378	6796914	60	61
contig_42_22S3VL55-10	27841	6861372	60	61
contig_43_22S3VL55-10	23194	6889701	60	61
contig_44_22S3VL55-10	233435	6913305	60	61
contig_45_22S3VL55-10	220986	7150654	60	61
contig_46_22S3VL55-10	23560	7375347	60	61
contig_47_22S3VL55-10	27286	7399323	60	61
contig_48_22S3VL55-10	259289	7427087	60	61
contig_49_22S3VL55-10	111352	7690721	60	61
contig_5_22S3VL55-10	241994	7803951	60	61
contig_50_22S3VL55-10	33135	8050002	60	61
contig_51_22S3VL55-10	4734	8083713	60	61
contig_52_22S3VL55-10	52764	8088549	60	61
contig_53_22S3VL55-10	49814	8142216	60	61
contig_54_22S3VL55-10	23655	8192884	60	61
contig_55_22S3VL55-10	33355	8216957	60	61
contig_56_22S3VL55-10	25856	8250891	60	61
contig_57_22S3VL55-10	109532	8277201	60	61
contig_58_22S3VL55-10	59314	8388582	60	61
contig_59_22S3VL55-10	23667	8448908	60	61
contig_6_22S3VL55-10	1046118	8472992	60	61
contig_60_22S3VL55-10	25050	9536569	60	61
contig_61_22S3VL55-10	56572	9562060	60	61
contig_62_22S3VL55-10	19146	9619598	60	61
contig_63_22S3VL55-10	20351	9639087	60	61
contig_64_22S3VL55-10	19507	9659801	60	61
contig_65_22S3VL55-10	129075	9679657	60	61
contig_66_22S3VL55-10	60587	9810907	60	61
contig_67_22S3VL55-10	223285	9872527	60	61
contig_68_22S3VL55-10	190185	10099557	60	61
contig_69_22S3VL55-10	246172	10292935	60	61
contig_7_22S3VL55-10	16038	10543232	60	61
contig_70_22S3VL55-10	30371	10559561	60	61
contig_71_22S3VL55-10	112771	10590462	60	61
contig_72_22S3VL55-10	60866	10705136	60	61
contig_73_22S3VL55-10	148012	10767040	60	61
contig_74_22S3VL55-10	1022198	10917542	60	61
contig_75_22S3VL55-10	151857	11956800	60	61
contig_76_22S3VL55-10	66188	12111211	60	61
contig_77_22S3VL55-10	90337	12178526	60	61
contig_78_22S3VL55-10	242598	12270392	60	61
contig_79_22S3VL55-10	65629	12517057	60	61
contig_8_22S3VL55-10	30116	12583802	60	61
contig_80_22S3VL55-10	204581	12614443	60	61
contig_9_22S3VL55-10	280169	12822456	60	61
contig_1_22S3VL55-1	251697	21	60	61
contig_2_22S3VL55-1	951856	255934	60	61
contig_3_22S3VL55-1	1440798	1223676	60	61
contig_4_22S3VL55-1	282915	2688509	60	61
contig_5_22S3VL55-1	1270180	2976161	60	61
contig_6_22S3VL55-1	45302	4267532	60	61
contig_7_22S3VL55-1	98819	4313611	60	61
contig_8_22S3VL55-1	80841	4414098	60	61
contig_1_22S3VL55-2	2804488	21	60	61
contig_2_22S3VL55-2	1553242	2851272	60	61
contig_3_22S3VL55-2	152759	4430423	60	61
contig_4_22S3VL55-2	63085	4585749	60	61
contig_1_22S3VL55-3	3441965	21	60	61
contig_2_22S3VL55-3	47717	3499374	60	61
contig_3_22S3VL55-3	197550	3547908	60	61
contig_1_22S3VL55-4	3382521	21	60	61
contig_1_22S3VL55-5	91418	21	60	61
contig_2_22S3VL55-5	27731	92984	60	61
contig_3_22S3VL55-5	37684	121199	60	61
contig_1_22S3VL55-6	20907	21	60	61
contig_2_22S3VL55-6	8640	21298	60	61
contig_3_22S3VL55-6	19400	30103	60	61
contig_4_22S3VL55-6	12603	49848	60	61
contig_5_22S3VL55-6	8090	62683	60	61
contig_6_22S3VL55-6	11097	70929	60	61
contig_7_22S3VL55-6	8561	82232	60	61
contig_1_22S3VL55-7	62567	21	60	61
contig_2_22S3VL55-7	16774	63652	60	61
contig_3_22S3VL55-7	56475	80727	60	61
contig_4_22S3VL55-7	23699	138165	60	61
contig_5_22S3VL55-7	19379	162280	60	61
contig_6_22S3VL55-7	7166	182003	60	61
contig_7_22S3VL55-7	18114	189310	60	61
contig_1_22S3VL55-8	3706956	21	60	61
contig_1_22S3VL55-9	525979	21	60	61
contig_2_22S3VL55-9	29179	534788	60	61
contig_3_22S3VL55-9	482190	564475	60	61
contig_4_22S3VL55-9	1921911	1054723	60	61
contig_5_22S3VL55-9	3748510	3008687	60	61
contig_6_22S3VL55-9	1376910	6819694	60	61
contig_1	3960318	10	60	61
contig_2	112530	4026344	60	61
contig_1	4132984	10	60	61
contig_2	43049	4201888	60	61
contig_3	78034	4245665	60	61
contig_1	4021254	10	60	61
contig_2	35985	4088295	60	61
contig_3	326501	4124890	60	61
